0	1033	0
1	1033	0
2	1033	0
3	1033	0
4	1033	0
5	1033	0
6	1033	0
7	1033	0
8	1033	0
9	1033	0
10	1033	0
11	1033	0
12	1033	0
13	1033	0
14	1033	0
15	1033	0
16	1033	0
17	1033	0
18	1033	0
19	1033	0
20	1033	0
21	1033	0
22	1033	1
23	1033	0
24	1033	0
26	1033	0
27	1033	1
28	1033	0
29	1033	0
30	1033	0
31	1033	0
32	1033	0
33	1033	0
34	1033	0
35	1033	1
36	1033	0
37	1033	0
38	1033	0
39	1033	0
40	1033	1
42	1033	0
43	1033	0
44	1033	0
45	1033	0
46	1033	0
47	1033	0
48	1033	0
49	1033	0
50	1033	0
51	1033	0
52	1033	0
53	1033	0
54	1033	0
55	1033	0
56	1033	0
57	1033	0
58	1033	0
59	1033	0
60	1033	0
61	1033	0
62	1033	0
64	1033	0
65	1033	0
66	1033	0
67	1033	0
68	1033	1
69	1033	0
70	1033	0
71	1033	0
72	1033	0
73	1033	0
74	1033	0
75	1033	1
76	1033	0
77	1033	0
78	1033	0
79	1033	0
80	1033	0
81	1033	0
82	1033	0
83	1033	0
84	1033	0
85	1033	0
86	1033	0
87	1033	1
88	1033	1
89	1033	0
90	1033	0
91	1033	0
92	1033	0
93	1033	0
94	1033	0
95	1033	0
96	1033	0
97	1033	0
98	1033	0
99	1033	0
100	1033	1
101	1033	0
102	1033	1
103	1033	0
104	1033	0
105	1033	0
106	1033	0
109	1033	0
111	1033	0
112	1033	0
113	1033	0
114	1033	0
115	1033	0
116	1033	0
117	1033	0
118	1033	0
119	1033	1
120	1033	0
121	1033	0
122	1033	1
123	1033	0
124	1033	0
125	1033	0
130	1033	0
131	1033	0
132	1033	1
133	1033	1
134	1033	0
136	1033	0
137	1033	0
138	1033	0
139	1033	0
142	1033	0
144	1033	0
146	1033	0
147	1033	1
149	1033	1
150	1033	0
151	1033	1
152	1033	0
153	1033	0
154	1033	0
155	1033	0
156	1033	0
157	1033	0
158	1033	0
159	1033	0
160	1033	1
161	1033	1
162	1033	0
163	1033	0
164	1033	0
165	1033	0
166	1033	1
168	1033	1
169	1033	0
170	1033	0
171	1033	0
172	1033	0
173	1033	0
174	1033	0
175	1033	0
177	1033	0
178	1033	1
179	1033	0
180	1033	0
181	1033	0
182	1033	0
183	1033	0
184	1033	0
187	1033	0
188	1033	0
189	1033	0
190	1033	0
191	1033	0
192	1033	0
193	1033	0
194	1033	0
195	1033	0
196	1033	0
197	1033	0
200	1033	0
201	1033	0
202	1033	0
203	1033	0
204	1033	0
206	1033	0
207	1033	0
208	1033	0
210	1033	0
211	1033	0
212	1033	0
213	1033	0
214	1033	0
216	1033	0
217	1033	0
218	1033	1
219	1033	0
220	1033	0
222	1033	0
223	1033	0
224	1033	0
225	1033	0
226	1033	0
227	1033	0
228	1033	1
229	1033	0
230	1033	0
231	1033	1
232	1033	0
233	1033	0
234	1033	0
235	1033	0
236	1033	0
237	1033	0
238	1033	0
239	1033	0
240	1033	1
241	1033	0
242	1033	0
244	1033	0
245	1033	0
246	1033	0
247	1033	0
248	1033	0
249	1033	0
250	1033	1
251	1033	0
252	1033	0
253	1033	0
254	1033	0
255	1033	0
256	1033	0
258	1033	0
259	1033	0
260	1033	0
261	1033	0
262	1033	1
263	1033	0
264	1033	1
265	1033	0
266	1033	0
267	1033	1
268	1033	0
269	1033	0
270	1033	0
271	1033	0
272	1033	0
273	1033	0
274	1033	0
275	1033	0
276	1033	0
277	1033	0
278	1033	0
279	1033	0
280	1033	0
281	1033	0
282	1033	0
283	1033	0
284	1033	0
285	1033	0
286	1033	1
288	1033	0
289	1033	0
290	1033	0
291	1033	0
292	1033	0
293	1033	0
294	1033	0
295	1033	0
296	1033	0
297	1033	0
298	1033	0
299	1033	0
300	1033	0
301	1033	0
302	1033	0
303	1033	0
304	1033	0
306	1033	1
307	1033	0
308	1033	0
309	1033	0
310	1033	0
311	1033	0
312	1033	1
313	1033	0
314	1033	0
315	1033	0
316	1033	0
317	1033	0
318	1033	0
319	1033	0
320	1033	0
321	1033	0
322	1033	0
323	1033	1
324	1033	0
325	1033	0
326	1033	0
327	1033	1
328	1033	1
329	1033	0
330	1033	1
331	1033	1
333	1033	1
334	1033	0
335	1033	0
336	1033	0
337	1033	0
338	1033	0
339	1033	0
340	1033	0
341	1033	0
342	1033	0
343	1033	0
344	1033	0
346	1033	0
347	1033	0
348	1033	1
349	1033	0
350	1033	1
354	1033	0
355	1033	0
356	1033	0
357	1033	0
358	1033	0
359	1033	0
360	1033	0
361	1033	0
363	1033	0
364	1033	0
365	1033	0
366	1033	1
367	1033	0
368	1033	0
370	1033	0
371	1033	0
372	1033	0
373	1033	0
374	1033	0
377	1033	0
378	1033	0
379	1033	0
380	1033	0
381	1033	0
382	1033	0
383	1033	0
384	1033	0
385	1033	0
386	1033	0
387	1033	0
388	1033	1
390	1033	0
391	1033	0
393	1033	0
394	1033	0
395	1033	0
396	1033	0
397	1033	0
398	1033	0
399	1033	0
400	1033	1
401	1033	0
402	1033	0
403	1033	0
404	1033	0
405	1033	1
406	1033	0
408	1033	0
409	1033	0
410	1033	0
411	1033	0
412	1033	0
413	1033	0
414	1033	0
415	1033	0
416	1033	1
417	1033	0
418	1033	0
419	1033	0
420	1033	0
421	1033	0
422	1033	0
423	1033	0
424	1033	0
425	1033	0
426	1033	0
427	1033	0
428	1033	1
429	1033	0
430	1033	0
431	1033	0
432	1033	0
433	1033	0
434	1033	0
435	1033	0
436	1033	0
437	1033	0
438	1033	0
439	1033	1
440	1033	0
441	1033	0
442	1033	0
443	1033	0
444	1033	1
445	1033	0
446	1033	0
447	1033	0
448	1033	0
449	1033	0
450	1033	0
451	1033	0
452	1033	0
453	1033	0
454	1033	0
455	1033	0
456	1033	0
457	1033	0
458	1033	0
459	1033	0
460	1033	1
461	1033	0
462	1033	0
463	1033	0
464	1033	0
465	1033	0
466	1033	0
467	1033	0
468	1033	0
469	1033	1
470	1033	0
471	1033	0
472	1033	1
473	1033	0
474	1033	1
475	1033	0
476	1033	0
477	1033	0
478	1033	0
480	1033	0
481	1033	0
482	1033	0
483	1033	0
484	1033	0
485	1033	0
486	1033	1
487	1033	0
489	1033	0
490	1033	1
491	1033	0
492	1033	0
493	1033	0
495	1033	0
496	1033	0
497	1033	0
499	1033	0
500	1033	0
501	1033	0
502	1033	0
503	1033	0
505	1033	0
508	1033	0
509	1033	0
510	1033	0
511	1033	0
512	1033	0
513	1033	0
514	1033	0
515	1033	0
516	1033	1
517	1033	0
518	1033	0
519	1033	0
520	1033	0
521	1033	0
522	1033	0
523	1033	0
524	1033	0
525	1033	0
527	1033	0
528	1033	0
529	1033	0
533	1033	0
534	1033	0
536	1033	0
537	1033	0
538	1033	0
540	1033	0
541	1033	0
542	1033	0
543	1033	1
544	1033	0
546	1033	0
547	1033	0
548	1033	0
549	1033	0
550	1033	0
551	1033	0
553	1033	0
554	1033	0
555	1033	0
556	1033	0
557	1033	0
558	1033	0
559	1033	0
560	1033	0
561	1033	0
562	1033	0
563	1033	0
565	1033	0
566	1033	0
567	1033	0
568	1033	0
569	1033	0
570	1033	0
571	1033	0
572	1033	0
573	1033	0
574	1033	0
575	1033	0
576	1033	0
577	1033	0
578	1033	0
579	1033	0
582	1033	0
583	1033	0
584	1033	0
585	1033	0
586	1033	0
587	1033	1
588	1033	0
589	1033	0
590	1033	1
591	1033	0
592	1033	0
593	1033	0
594	1033	0
595	1033	0
596	1033	0
597	1033	0
598	1033	0
599	1033	0
600	1033	0
601	1033	0
602	1033	0
604	1033	0
605	1033	0
606	1033	0
607	1033	0
608	1033	0
609	1033	0
611	1033	0
612	1033	0
613	1033	0
614	1033	0
615	1033	0
616	1033	0
617	1033	0
618	1033	0
620	1033	0
621	1033	0
622	1033	0
624	1033	0
625	1033	0
626	1033	0
627	1033	0
628	1033	0
630	1033	0
631	1033	0
632	1033	1
633	1033	0
635	1033	0
636	1033	1
637	1033	0
640	1033	0
641	1033	0
642	1033	0
643	1033	0
644	1033	0
645	1033	0
646	1033	0
647	1033	0
648	1033	0
649	1033	0
650	1033	0
651	1033	1
652	1033	0
653	1033	0
654	1033	0
655	1033	0
658	1033	0
659	1033	0
661	1033	0
662	1033	0
663	1033	0
664	1033	0
666	1033	0
667	1033	1
668	1033	1
669	1033	0
670	1033	0
671	1033	0
672	1033	0
673	1033	0
674	1033	0
675	1033	0
676	1033	0
682	1033	0
683	1033	0
684	1033	0
685	1033	0
686	1033	0
688	1033	0
689	1033	0
690	1033	0
691	1033	0
692	1033	0
693	1033	0
694	1033	0
695	1033	0
696	1033	0
697	1033	1
698	1033	0
699	1033	0
700	1033	0
701	1033	0
702	1033	0
703	1033	0
704	1033	0
705	1033	0
706	1033	0
707	1033	0
708	1033	0
709	1033	0
710	1033	0
711	1033	0
713	1033	0
714	1033	0
715	1033	0
716	1033	0
717	1033	0
718	1033	0
720	1033	0
721	1033	0
722	1033	0
728	1033	0
730	1033	0
731	1033	0
732	1033	0
733	1033	0
734	1033	0
735	1033	1
736	1033	0
737	1033	0
738	1033	0
739	1033	0
740	1033	0
741	1033	0
742	1033	0
744	1033	0
745	1033	0
746	1033	0
747	1033	0
748	1033	0
749	1033	0
750	1033	0
751	1033	0
752	1033	0
753	1033	1
754	1033	0
755	1033	0
756	1033	0
757	1033	0
758	1033	0
759	1033	1
760	1033	0
761	1033	0
762	1033	0
763	1033	0
764	1033	0
765	1033	0
766	1033	0
767	1033	0
768	1033	0
769	1033	0
770	1033	0
771	1033	0
772	1033	1
773	1033	0
774	1033	0
775	1033	0
776	1033	0
777	1033	0
778	1033	0
779	1033	0
780	1033	0
783	1033	0
784	1033	0
785	1033	0
786	1033	0
787	1033	1
788	1033	0
789	1033	1
790	1033	0
791	1033	0
794	1033	0
796	1033	0
797	1033	0
798	1033	0
799	1033	0
800	1033	1
801	1033	0
802	1033	0
803	1033	0
804	1033	0
806	1033	0
807	1033	0
808	1033	0
809	1033	0
810	1033	0
811	1033	0
814	1033	0
816	1033	0
817	1033	1
819	1033	0
820	1033	0
821	1033	0
824	1033	0
825	1033	0
827	1033	0
828	1033	0
830	1033	0
831	1033	0
832	1033	0
833	1033	0
834	1033	0
835	1033	0
836	1033	0
837	1033	0
839	1033	0
840	1033	0
841	1033	0
843	1033	0
844	1033	0
845	1033	0
846	1033	0
847	1033	0
848	1033	0
849	1033	0
850	1033	0
851	1033	0
852	1033	0
853	1033	0
854	1033	0
855	1033	0
856	1033	0
857	1033	0
858	1033	0
859	1033	0
860	1033	0
861	1033	0
862	1033	0
863	1033	0
864	1033	0
865	1033	0
866	1033	0
867	1033	0
868	1033	0
869	1033	0
870	1033	0
872	1033	0
873	1033	0
874	1033	0
875	1033	0
876	1033	0
877	1033	0
879	1033	0
880	1033	0
881	1033	0
882	1033	0
883	1033	0
884	1033	0
885	1033	0
886	1033	0
887	1033	0
888	1033	0
889	1033	0
890	1033	0
891	1033	0
892	1033	0
893	1033	0
894	1033	0
895	1033	0
896	1033	1
897	1033	0
898	1033	0
900	1033	0
901	1033	0
902	1033	0
903	1033	0
904	1033	0
905	1033	1
906	1033	0
907	1033	0
908	1033	1
909	1033	1
911	1033	1
912	1033	0
913	1033	0
914	1033	0
916	1033	0
917	1033	0
918	1033	0
919	1033	0
920	1033	0
921	1033	0
922	1033	0
923	1033	0
924	1033	0
925	1033	0
927	1033	0
928	1033	0
930	1033	0
931	1033	0
933	1033	0
934	1033	0
936	1033	0
937	1033	0
939	1033	0
940	1033	0
941	1033	1
942	1033	0
943	1033	0
944	1033	0
945	1033	0
946	1033	0
947	1033	0
948	1033	0
949	1033	0
950	1033	0
952	1033	0
953	1033	0
954	1033	0
955	1033	0
956	1033	0
958	1033	0
961	1033	0
962	1033	0
963	1033	0
964	1033	0
965	1033	0
966	1033	0
967	1033	0
