1	1199	0
4	1199	0
6	1199	0
10	1199	0
11	1199	0
12	1199	0
13	1199	0
15	1199	0
16	1199	0
17	1199	0
19	1199	0
20	1199	0
22	1199	0
24	1199	0
25	1199	0
26	1199	0
27	1199	0
28	1199	0
30	1199	0
31	1199	0
32	1199	0
34	1199	0
37	1199	0
38	1199	0
39	1199	0
40	1199	0
44	1199	0
47	1199	0
49	1199	0
53	1199	0
55	1199	0
59	1199	0
60	1199	0
61	1199	0
62	1199	0
67	1199	0
68	1199	0
75	1199	0
77	1199	0
79	1199	0
83	1199	1
86	1199	0
90	1199	0
91	1199	0
92	1199	0
93	1199	0
95	1199	0
98	1199	1
102	1199	0
103	1199	0
104	1199	0
105	1199	0
106	1199	0
107	1199	0
113	1199	0
117	1199	0
118	1199	0
120	1199	1
122	1199	0
124	1199	0
131	1199	0
132	1199	0
136	1199	0
139	1199	0
140	1199	0
141	1199	0
143	1199	0
144	1199	0
145	1199	0
147	1199	0
148	1199	0
151	1199	0
153	1199	0
156	1199	0
159	1199	0
160	1199	0
161	1199	0
163	1199	0
165	1199	0
166	1199	0
167	1199	0
174	1199	0
178	1199	0
183	1199	0
185	1199	0
186	1199	0
187	1199	0
188	1199	1
189	1199	0
190	1199	0
191	1199	1
192	1199	0
193	1199	1
194	1199	0
195	1199	0
196	1199	1
197	1199	1
198	1199	0
199	1199	0
200	1199	0
201	1199	0
202	1199	0
203	1199	0
204	1199	0
207	1199	1
209	1199	0
210	1199	0
212	1199	0
213	1199	0
214	1199	0
215	1199	0
216	1199	0
220	1199	0
222	1199	0
224	1199	0
228	1199	0
231	1199	0
232	1199	0
233	1199	0
235	1199	0
236	1199	0
237	1199	0
238	1199	0
239	1199	0
240	1199	0
241	1199	0
242	1199	0
243	1199	0
245	1199	0
246	1199	0
247	1199	0
250	1199	0
251	1199	0
254	1199	0
256	1199	0
257	1199	0
259	1199	0
260	1199	0
264	1199	0
265	1199	0
266	1199	0
268	1199	0
271	1199	0
272	1199	0
273	1199	0
274	1199	0
275	1199	0
276	1199	1
277	1199	0
280	1199	0
281	1199	0
285	1199	0
287	1199	0
288	1199	1
301	1199	0
302	1199	0
304	1199	0
306	1199	0
307	1199	0
308	1199	0
310	1199	0
311	1199	0
313	1199	0
314	1199	0
317	1199	0
319	1199	0
322	1199	0
323	1199	0
325	1199	0
326	1199	0
327	1199	0
328	1199	0
329	1199	0
330	1199	0
333	1199	0
335	1199	0
338	1199	1
339	1199	0
341	1199	0
344	1199	0
346	1199	0
351	1199	0
352	1199	0
355	1199	0
356	1199	1
357	1199	0
359	1199	0
362	1199	0
363	1199	0
365	1199	0
366	1199	0
367	1199	0
376	1199	0
377	1199	0
379	1199	0
381	1199	0
382	1199	0
385	1199	0
388	1199	0
391	1199	0
401	1199	0
403	1199	1
405	1199	0
407	1199	1
409	1199	0
410	1199	0
412	1199	0
414	1199	0
415	1199	0
416	1199	0
422	1199	0
425	1199	0
426	1199	0
427	1199	0
428	1199	0
429	1199	0
430	1199	0
431	1199	0
432	1199	0
433	1199	0
434	1199	0
438	1199	0
439	1199	0
443	1199	0
445	1199	0
447	1199	0
448	1199	0
449	1199	0
450	1199	0
451	1199	1
452	1199	0
454	1199	0
459	1199	0
461	1199	0
462	1199	0
464	1199	1
469	1199	0
471	1199	0
474	1199	0
475	1199	1
481	1199	0
483	1199	0
484	1199	0
485	1199	0
487	1199	0
492	1199	0
494	1199	0
497	1199	0
499	1199	0
500	1199	0
501	1199	0
502	1199	0
515	1199	0
516	1199	0
518	1199	0
519	1199	0
520	1199	0
521	1199	0
522	1199	0
524	1199	0
525	1199	0
527	1199	0
528	1199	0
529	1199	0
530	1199	0
531	1199	0
536	1199	0
538	1199	0
540	1199	0
541	1199	0
544	1199	0
546	1199	0
547	1199	0
550	1199	0
551	1199	0
553	1199	0
555	1199	0
557	1199	0
560	1199	0
561	1199	0
562	1199	0
563	1199	0
569	1199	0
570	1199	0
571	1199	0
572	1199	0
574	1199	0
575	1199	0
581	1199	0
583	1199	0
586	1199	0
587	1199	0
589	1199	0
595	1199	0
596	1199	0
599	1199	0
604	1199	0
605	1199	1
608	1199	0
611	1199	0
612	1199	0
616	1199	0
619	1199	0
622	1199	0
626	1199	0
627	1199	0
630	1199	0
632	1199	0
633	1199	0
636	1199	0
637	1199	0
638	1199	1
639	1199	0
641	1199	0
642	1199	0
643	1199	0
644	1199	0
646	1199	0
647	1199	0
648	1199	0
649	1199	0
650	1199	0
651	1199	1
654	1199	0
655	1199	0
657	1199	0
660	1199	1
662	1199	0
663	1199	0
664	1199	0
665	1199	0
667	1199	1
670	1199	0
672	1199	0
674	1199	0
677	1199	0
678	1199	0
679	1199	0
680	1199	0
681	1199	0
682	1199	0
683	1199	0
685	1199	0
686	1199	0
687	1199	0
688	1199	0
690	1199	0
698	1199	0
703	1199	0
707	1199	0
709	1199	0
710	1199	0
712	1199	0
714	1199	1
715	1199	0
717	1199	0
719	1199	0
722	1199	0
723	1199	0
724	1199	0
725	1199	0
726	1199	0
727	1199	0
730	1199	0
734	1199	0
735	1199	0
736	1199	0
738	1199	1
740	1199	0
741	1199	0
742	1199	0
743	1199	0
746	1199	0
748	1199	0
749	1199	0
750	1199	1
752	1199	0
753	1199	0
754	1199	0
758	1199	0
759	1199	0
761	1199	0
764	1199	0
766	1199	0
768	1199	0
769	1199	0
770	1199	0
772	1199	1
773	1199	0
777	1199	0
778	1199	0
779	1199	0
781	1199	0
782	1199	0
784	1199	1
785	1199	0
786	1199	0
787	1199	0
789	1199	0
790	1199	0
791	1199	0
793	1199	0
794	1199	0
795	1199	0
796	1199	0
797	1199	0
798	1199	0
800	1199	0
802	1199	0
805	1199	0
806	1199	0
808	1199	0
810	1199	0
811	1199	0
816	1199	0
818	1199	0
823	1199	0
824	1199	0
825	1199	0
826	1199	0
829	1199	0
834	1199	0
835	1199	0
843	1199	0
848	1199	0
849	1199	0
850	1199	0
852	1199	0
853	1199	0
854	1199	0
855	1199	0
859	1199	0
861	1199	0
864	1199	0
865	1199	0
868	1199	0
870	1199	0
873	1199	0
874	1199	0
876	1199	0
878	1199	0
880	1199	1
882	1199	0
883	1199	0
885	1199	0
887	1199	0
889	1199	0
890	1199	0
891	1199	0
892	1199	0
893	1199	0
894	1199	0
895	1199	1
896	1199	0
898	1199	0
905	1199	0
907	1199	0
910	1199	0
911	1199	0
912	1199	0
913	1199	0
915	1199	0
916	1199	0
917	1199	0
918	1199	0
919	1199	0
920	1199	0
921	1199	0
923	1199	0
926	1199	0
929	1199	0
934	1199	0
935	1199	0
936	1199	0
941	1199	0
943	1199	1
944	1199	0
945	1199	0
953	1199	0
954	1199	0
955	1199	0
956	1199	0
957	1199	0
959	1199	0
961	1199	0
964	1199	0
965	1199	0
966	1199	0
