0	1025	0
1	1025	0
2	1025	0
3	1025	0
4	1025	1
5	1025	0
6	1025	0
7	1025	0
8	1025	0
9	1025	1
10	1025	1
11	1025	0
12	1025	0
13	1025	0
14	1025	0
15	1025	0
16	1025	0
17	1025	0
18	1025	1
19	1025	0
20	1025	1
21	1025	0
22	1025	0
23	1025	0
24	1025	0
26	1025	0
27	1025	0
28	1025	0
29	1025	0
30	1025	0
31	1025	0
32	1025	0
33	1025	0
34	1025	0
35	1025	0
36	1025	0
37	1025	0
38	1025	0
39	1025	0
40	1025	0
42	1025	1
43	1025	0
44	1025	0
45	1025	1
46	1025	0
47	1025	0
48	1025	0
49	1025	0
50	1025	0
51	1025	0
52	1025	0
53	1025	0
54	1025	0
55	1025	0
56	1025	0
57	1025	0
58	1025	0
59	1025	0
60	1025	0
61	1025	0
62	1025	0
64	1025	0
65	1025	1
66	1025	0
67	1025	0
68	1025	0
69	1025	0
70	1025	0
71	1025	0
72	1025	1
73	1025	1
74	1025	0
75	1025	0
76	1025	0
77	1025	0
78	1025	0
79	1025	0
80	1025	0
81	1025	0
82	1025	0
83	1025	0
84	1025	0
85	1025	1
86	1025	0
87	1025	0
88	1025	1
89	1025	0
90	1025	0
91	1025	0
92	1025	0
93	1025	0
94	1025	0
95	1025	0
96	1025	0
97	1025	0
98	1025	1
99	1025	0
100	1025	1
101	1025	0
102	1025	1
103	1025	0
104	1025	0
105	1025	0
106	1025	0
109	1025	1
111	1025	1
112	1025	0
113	1025	0
114	1025	0
115	1025	1
116	1025	0
117	1025	0
118	1025	0
119	1025	0
120	1025	0
121	1025	0
122	1025	0
123	1025	1
124	1025	0
125	1025	0
130	1025	0
131	1025	0
132	1025	0
133	1025	0
134	1025	0
136	1025	0
137	1025	0
138	1025	0
139	1025	0
140	1025	0
141	1025	0
142	1025	0
143	1025	0
144	1025	0
146	1025	0
147	1025	0
149	1025	0
150	1025	0
151	1025	0
152	1025	0
153	1025	0
154	1025	0
155	1025	0
156	1025	0
157	1025	0
158	1025	0
159	1025	0
160	1025	0
161	1025	0
162	1025	0
163	1025	0
164	1025	0
165	1025	0
166	1025	1
168	1025	0
169	1025	0
170	1025	0
171	1025	0
172	1025	0
173	1025	0
174	1025	0
175	1025	0
176	1025	0
177	1025	0
178	1025	0
179	1025	0
180	1025	0
181	1025	0
182	1025	0
183	1025	0
184	1025	0
187	1025	0
188	1025	0
189	1025	0
190	1025	0
191	1025	0
192	1025	0
193	1025	0
194	1025	0
195	1025	0
196	1025	0
197	1025	0
200	1025	0
201	1025	0
202	1025	0
203	1025	0
204	1025	0
206	1025	0
207	1025	0
208	1025	0
210	1025	0
211	1025	0
212	1025	0
213	1025	0
214	1025	0
216	1025	0
217	1025	1
218	1025	0
219	1025	0
220	1025	0
221	1025	1
222	1025	0
223	1025	0
224	1025	0
225	1025	0
226	1025	0
227	1025	0
228	1025	0
229	1025	0
230	1025	0
231	1025	0
232	1025	0
233	1025	0
234	1025	0
235	1025	0
236	1025	0
237	1025	0
238	1025	0
239	1025	0
240	1025	0
241	1025	0
242	1025	0
244	1025	1
245	1025	0
246	1025	0
247	1025	0
248	1025	0
249	1025	0
250	1025	0
251	1025	0
252	1025	0
253	1025	0
254	1025	0
255	1025	0
256	1025	0
258	1025	0
259	1025	0
260	1025	0
261	1025	0
262	1025	0
263	1025	0
264	1025	0
265	1025	0
266	1025	0
267	1025	0
268	1025	0
269	1025	0
270	1025	0
271	1025	0
272	1025	0
274	1025	0
275	1025	0
276	1025	0
277	1025	0
278	1025	0
279	1025	0
280	1025	0
281	1025	0
282	1025	0
283	1025	0
284	1025	0
285	1025	0
286	1025	0
288	1025	1
289	1025	0
290	1025	1
291	1025	0
292	1025	0
293	1025	0
294	1025	0
295	1025	0
296	1025	1
297	1025	0
298	1025	0
299	1025	0
300	1025	0
301	1025	0
302	1025	0
303	1025	0
304	1025	0
305	1025	0
306	1025	0
307	1025	0
308	1025	0
309	1025	0
310	1025	0
311	1025	0
312	1025	0
313	1025	0
314	1025	0
315	1025	0
316	1025	0
317	1025	0
318	1025	0
319	1025	0
320	1025	0
321	1025	0
322	1025	0
323	1025	0
324	1025	0
325	1025	0
326	1025	0
327	1025	0
328	1025	0
329	1025	0
330	1025	0
331	1025	0
333	1025	0
334	1025	0
335	1025	0
336	1025	0
337	1025	0
338	1025	0
339	1025	0
340	1025	0
341	1025	0
342	1025	0
343	1025	0
344	1025	0
346	1025	0
347	1025	0
348	1025	0
349	1025	0
350	1025	0
354	1025	0
355	1025	0
356	1025	0
357	1025	0
358	1025	0
359	1025	0
360	1025	0
361	1025	0
363	1025	0
364	1025	0
365	1025	0
366	1025	0
367	1025	0
368	1025	0
370	1025	0
371	1025	0
372	1025	0
373	1025	0
374	1025	0
375	1025	1
377	1025	0
378	1025	0
379	1025	0
380	1025	0
381	1025	1
382	1025	0
383	1025	0
384	1025	0
385	1025	0
386	1025	0
387	1025	0
388	1025	0
390	1025	1
391	1025	0
393	1025	0
394	1025	0
395	1025	0
396	1025	0
397	1025	0
398	1025	0
399	1025	0
400	1025	0
401	1025	0
402	1025	0
403	1025	0
404	1025	0
405	1025	0
406	1025	0
408	1025	0
409	1025	0
410	1025	0
411	1025	0
412	1025	0
413	1025	1
414	1025	0
415	1025	0
416	1025	1
417	1025	0
418	1025	0
419	1025	0
420	1025	0
421	1025	0
422	1025	0
423	1025	0
424	1025	0
425	1025	0
426	1025	0
427	1025	0
428	1025	0
429	1025	0
430	1025	0
431	1025	0
432	1025	0
433	1025	0
434	1025	0
435	1025	0
436	1025	0
437	1025	0
438	1025	1
439	1025	0
440	1025	0
441	1025	0
442	1025	0
443	1025	0
444	1025	0
445	1025	0
446	1025	0
447	1025	0
448	1025	0
449	1025	0
450	1025	0
451	1025	0
452	1025	0
453	1025	0
454	1025	0
455	1025	0
456	1025	0
457	1025	0
458	1025	0
459	1025	0
460	1025	0
461	1025	0
462	1025	0
463	1025	0
464	1025	0
465	1025	0
466	1025	0
467	1025	0
468	1025	0
469	1025	0
470	1025	0
471	1025	0
472	1025	0
473	1025	0
474	1025	0
475	1025	0
476	1025	0
477	1025	0
478	1025	0
480	1025	0
481	1025	0
482	1025	0
483	1025	0
484	1025	0
485	1025	0
486	1025	0
487	1025	0
489	1025	0
490	1025	0
491	1025	0
492	1025	0
493	1025	0
495	1025	0
496	1025	0
497	1025	0
499	1025	0
500	1025	0
501	1025	0
502	1025	0
503	1025	0
505	1025	1
508	1025	0
509	1025	0
510	1025	0
511	1025	0
512	1025	0
513	1025	0
514	1025	1
515	1025	0
516	1025	0
517	1025	0
518	1025	1
519	1025	0
520	1025	1
521	1025	0
522	1025	0
523	1025	0
524	1025	0
525	1025	0
526	1025	0
527	1025	0
528	1025	0
529	1025	0
533	1025	0
534	1025	0
536	1025	0
537	1025	0
538	1025	0
540	1025	0
541	1025	0
542	1025	0
543	1025	0
544	1025	0
546	1025	0
547	1025	0
548	1025	0
549	1025	0
550	1025	0
551	1025	0
553	1025	0
554	1025	0
555	1025	0
556	1025	0
557	1025	0
558	1025	0
559	1025	0
560	1025	0
561	1025	0
562	1025	0
563	1025	0
564	1025	0
565	1025	0
566	1025	0
567	1025	0
568	1025	0
569	1025	0
570	1025	0
571	1025	0
572	1025	0
573	1025	0
574	1025	0
575	1025	0
576	1025	0
577	1025	0
578	1025	0
579	1025	0
580	1025	0
582	1025	0
583	1025	0
584	1025	0
585	1025	0
586	1025	0
587	1025	0
588	1025	0
589	1025	0
590	1025	0
591	1025	0
592	1025	0
593	1025	0
594	1025	0
595	1025	0
596	1025	0
597	1025	0
598	1025	0
599	1025	0
600	1025	0
601	1025	0
602	1025	0
604	1025	0
605	1025	0
606	1025	0
607	1025	0
608	1025	0
609	1025	0
611	1025	0
612	1025	0
613	1025	0
614	1025	0
615	1025	0
616	1025	0
617	1025	0
618	1025	0
619	1025	0
620	1025	0
621	1025	0
622	1025	0
624	1025	0
625	1025	0
626	1025	0
627	1025	0
628	1025	0
630	1025	0
631	1025	0
632	1025	0
633	1025	0
635	1025	0
636	1025	0
637	1025	0
640	1025	0
641	1025	0
642	1025	0
643	1025	0
644	1025	0
645	1025	0
646	1025	0
647	1025	0
648	1025	0
649	1025	0
650	1025	0
651	1025	1
652	1025	0
653	1025	0
654	1025	0
655	1025	0
658	1025	0
659	1025	0
661	1025	0
662	1025	0
663	1025	0
664	1025	0
666	1025	0
667	1025	0
668	1025	0
669	1025	0
670	1025	0
671	1025	0
672	1025	0
673	1025	1
674	1025	0
675	1025	0
676	1025	0
680	1025	0
682	1025	0
683	1025	0
684	1025	0
685	1025	0
686	1025	0
688	1025	0
689	1025	0
690	1025	1
691	1025	0
692	1025	0
693	1025	0
694	1025	0
695	1025	0
696	1025	0
697	1025	0
698	1025	0
699	1025	0
700	1025	0
701	1025	0
702	1025	0
703	1025	0
704	1025	0
705	1025	0
706	1025	0
707	1025	0
708	1025	0
709	1025	0
710	1025	0
711	1025	0
713	1025	0
714	1025	0
715	1025	0
716	1025	0
717	1025	0
718	1025	0
720	1025	0
721	1025	0
722	1025	0
728	1025	1
730	1025	0
731	1025	0
732	1025	0
733	1025	0
734	1025	0
735	1025	0
736	1025	0
737	1025	0
738	1025	0
739	1025	0
740	1025	0
741	1025	1
742	1025	0
743	1025	0
744	1025	0
745	1025	0
746	1025	0
747	1025	0
748	1025	0
749	1025	0
750	1025	0
751	1025	0
752	1025	0
753	1025	0
754	1025	0
755	1025	1
756	1025	0
757	1025	0
758	1025	0
759	1025	1
760	1025	0
761	1025	0
762	1025	0
763	1025	0
764	1025	0
765	1025	1
766	1025	0
767	1025	0
768	1025	0
769	1025	0
770	1025	0
771	1025	0
772	1025	0
773	1025	0
774	1025	1
775	1025	0
776	1025	0
777	1025	0
778	1025	0
779	1025	0
780	1025	0
783	1025	0
784	1025	0
785	1025	0
786	1025	0
787	1025	0
788	1025	0
789	1025	0
790	1025	0
791	1025	0
794	1025	0
796	1025	0
797	1025	0
798	1025	0
799	1025	0
800	1025	0
801	1025	0
802	1025	0
803	1025	0
804	1025	0
806	1025	0
807	1025	0
808	1025	0
809	1025	0
810	1025	0
811	1025	0
814	1025	0
816	1025	0
817	1025	0
819	1025	0
820	1025	0
821	1025	0
824	1025	0
825	1025	0
827	1025	0
828	1025	0
829	1025	1
830	1025	1
831	1025	0
832	1025	0
833	1025	0
834	1025	0
835	1025	0
836	1025	1
837	1025	0
839	1025	0
840	1025	0
841	1025	0
843	1025	0
844	1025	0
845	1025	0
846	1025	0
847	1025	0
848	1025	0
849	1025	1
850	1025	0
851	1025	0
852	1025	0
853	1025	0
854	1025	0
855	1025	0
856	1025	0
857	1025	0
858	1025	0
859	1025	0
860	1025	0
861	1025	0
862	1025	0
863	1025	0
864	1025	1
865	1025	0
866	1025	0
867	1025	0
868	1025	0
869	1025	0
870	1025	0
872	1025	0
873	1025	0
874	1025	0
875	1025	0
876	1025	0
877	1025	0
879	1025	0
880	1025	0
881	1025	0
882	1025	0
883	1025	0
884	1025	0
885	1025	0
886	1025	0
887	1025	0
888	1025	0
889	1025	0
890	1025	0
891	1025	0
892	1025	0
894	1025	0
895	1025	0
896	1025	0
897	1025	0
898	1025	0
900	1025	0
901	1025	0
902	1025	0
903	1025	0
904	1025	0
905	1025	0
906	1025	0
907	1025	0
908	1025	0
909	1025	0
911	1025	0
912	1025	0
913	1025	0
914	1025	0
916	1025	0
917	1025	0
918	1025	0
919	1025	0
920	1025	0
921	1025	1
922	1025	0
923	1025	0
924	1025	0
925	1025	0
927	1025	0
928	1025	0
930	1025	0
931	1025	0
933	1025	1
934	1025	0
936	1025	0
937	1025	0
939	1025	0
940	1025	0
941	1025	0
942	1025	0
943	1025	0
944	1025	0
945	1025	0
946	1025	0
947	1025	0
948	1025	0
949	1025	0
950	1025	1
952	1025	0
953	1025	0
954	1025	0
955	1025	0
956	1025	1
958	1025	0
961	1025	0
962	1025	0
963	1025	0
964	1025	0
965	1025	0
966	1025	0
967	1025	0
