0	1096	0
1	1096	0
2	1096	0
3	1096	0
4	1096	0
5	1096	0
6	1096	0
7	1096	0
8	1096	1
9	1096	0
10	1096	0
11	1096	0
12	1096	0
13	1096	0
14	1096	0
15	1096	0
16	1096	0
17	1096	0
18	1096	0
19	1096	0
20	1096	0
21	1096	0
22	1096	0
23	1096	0
24	1096	0
26	1096	0
28	1096	0
29	1096	0
30	1096	0
31	1096	1
32	1096	1
33	1096	0
34	1096	0
35	1096	0
36	1096	0
37	1096	0
38	1096	0
39	1096	0
40	1096	0
42	1096	0
43	1096	0
44	1096	0
45	1096	0
46	1096	0
47	1096	1
48	1096	0
49	1096	0
50	1096	0
51	1096	0
52	1096	0
53	1096	0
54	1096	0
55	1096	0
56	1096	0
57	1096	0
58	1096	0
59	1096	1
60	1096	0
61	1096	0
62	1096	0
64	1096	0
65	1096	0
66	1096	0
67	1096	0
68	1096	0
69	1096	0
70	1096	0
71	1096	1
72	1096	0
73	1096	0
74	1096	0
75	1096	0
76	1096	0
77	1096	0
78	1096	0
79	1096	0
80	1096	0
81	1096	0
82	1096	0
83	1096	0
84	1096	0
85	1096	0
86	1096	0
87	1096	0
88	1096	0
90	1096	0
91	1096	0
92	1096	0
93	1096	0
94	1096	0
95	1096	0
96	1096	1
97	1096	0
98	1096	0
99	1096	0
100	1096	0
101	1096	0
102	1096	1
103	1096	0
104	1096	0
105	1096	0
106	1096	0
109	1096	1
111	1096	0
112	1096	0
113	1096	0
114	1096	0
115	1096	0
116	1096	0
117	1096	0
118	1096	0
119	1096	0
120	1096	0
121	1096	0
122	1096	0
123	1096	0
124	1096	0
125	1096	0
126	1096	1
129	1096	1
130	1096	0
131	1096	0
132	1096	0
133	1096	0
134	1096	0
136	1096	0
137	1096	1
138	1096	0
139	1096	0
140	1096	0
141	1096	0
142	1096	0
143	1096	0
144	1096	0
145	1096	0
146	1096	0
147	1096	0
148	1096	0
149	1096	0
150	1096	1
151	1096	0
152	1096	1
153	1096	0
154	1096	0
155	1096	0
156	1096	0
157	1096	0
158	1096	0
159	1096	0
160	1096	0
161	1096	0
162	1096	0
163	1096	1
165	1096	0
166	1096	0
167	1096	0
168	1096	0
169	1096	0
170	1096	0
171	1096	0
172	1096	0
173	1096	0
174	1096	0
175	1096	0
177	1096	0
178	1096	0
179	1096	0
180	1096	0
182	1096	0
183	1096	0
184	1096	0
185	1096	0
186	1096	0
187	1096	0
188	1096	1
189	1096	0
190	1096	0
191	1096	0
192	1096	0
193	1096	0
194	1096	1
195	1096	0
196	1096	1
197	1096	1
198	1096	0
199	1096	0
200	1096	0
201	1096	0
202	1096	0
203	1096	0
204	1096	0
206	1096	0
207	1096	0
208	1096	1
210	1096	0
211	1096	0
212	1096	0
213	1096	0
214	1096	0
215	1096	0
216	1096	0
217	1096	0
218	1096	0
219	1096	0
220	1096	0
222	1096	0
223	1096	0
224	1096	1
225	1096	0
226	1096	0
227	1096	1
228	1096	0
229	1096	0
230	1096	0
231	1096	0
232	1096	0
233	1096	0
234	1096	0
235	1096	0
236	1096	0
237	1096	0
238	1096	0
239	1096	1
240	1096	0
241	1096	0
242	1096	0
244	1096	0
245	1096	0
247	1096	0
248	1096	0
249	1096	0
250	1096	0
251	1096	0
252	1096	0
253	1096	0
254	1096	0
255	1096	1
256	1096	0
258	1096	0
259	1096	0
260	1096	0
261	1096	0
262	1096	0
263	1096	0
264	1096	0
265	1096	0
266	1096	0
267	1096	0
268	1096	0
269	1096	0
270	1096	0
271	1096	0
272	1096	0
273	1096	0
274	1096	0
275	1096	0
276	1096	0
277	1096	0
278	1096	0
279	1096	0
280	1096	0
281	1096	0
282	1096	0
283	1096	0
284	1096	0
285	1096	0
286	1096	0
287	1096	0
288	1096	0
289	1096	0
290	1096	0
291	1096	0
292	1096	0
293	1096	0
294	1096	0
295	1096	0
296	1096	0
297	1096	0
298	1096	0
299	1096	0
300	1096	0
301	1096	0
302	1096	0
303	1096	0
304	1096	0
305	1096	0
306	1096	0
307	1096	0
308	1096	0
309	1096	0
311	1096	0
312	1096	0
313	1096	0
314	1096	0
315	1096	0
316	1096	0
317	1096	0
318	1096	0
319	1096	0
320	1096	0
321	1096	0
322	1096	0
323	1096	0
324	1096	0
325	1096	0
326	1096	0
327	1096	0
328	1096	0
329	1096	0
330	1096	0
331	1096	0
333	1096	0
335	1096	0
336	1096	0
337	1096	0
338	1096	0
339	1096	0
340	1096	1
341	1096	0
342	1096	0
343	1096	0
344	1096	0
346	1096	1
347	1096	0
348	1096	0
349	1096	0
350	1096	0
351	1096	0
352	1096	0
354	1096	0
355	1096	0
357	1096	0
358	1096	0
359	1096	0
360	1096	1
361	1096	1
363	1096	0
364	1096	0
365	1096	0
366	1096	0
367	1096	0
368	1096	0
371	1096	0
372	1096	0
373	1096	1
374	1096	1
377	1096	0
378	1096	1
379	1096	0
380	1096	0
381	1096	0
382	1096	0
383	1096	0
384	1096	0
385	1096	0
386	1096	0
387	1096	0
388	1096	0
389	1096	0
390	1096	0
391	1096	0
393	1096	0
394	1096	0
395	1096	1
396	1096	0
398	1096	0
399	1096	0
400	1096	0
401	1096	0
402	1096	0
403	1096	0
404	1096	1
405	1096	0
406	1096	0
407	1096	0
408	1096	0
409	1096	0
410	1096	0
411	1096	0
412	1096	0
413	1096	0
414	1096	0
415	1096	0
416	1096	0
417	1096	0
418	1096	0
419	1096	0
420	1096	0
421	1096	0
422	1096	0
423	1096	0
424	1096	0
425	1096	0
426	1096	0
427	1096	0
428	1096	0
429	1096	0
430	1096	0
431	1096	0
432	1096	0
433	1096	0
434	1096	0
435	1096	0
436	1096	0
437	1096	0
438	1096	0
439	1096	0
440	1096	0
441	1096	0
442	1096	0
443	1096	0
444	1096	0
445	1096	0
446	1096	1
447	1096	0
448	1096	0
449	1096	0
450	1096	0
451	1096	0
452	1096	0
453	1096	0
454	1096	0
455	1096	0
456	1096	1
457	1096	0
458	1096	0
459	1096	0
460	1096	0
461	1096	0
462	1096	0
463	1096	0
464	1096	0
465	1096	0
466	1096	0
467	1096	0
468	1096	0
469	1096	0
470	1096	0
471	1096	0
472	1096	0
473	1096	0
474	1096	0
475	1096	0
476	1096	0
477	1096	0
478	1096	0
480	1096	0
481	1096	0
482	1096	0
483	1096	0
484	1096	0
485	1096	0
486	1096	0
487	1096	0
489	1096	1
490	1096	0
491	1096	0
492	1096	0
493	1096	0
495	1096	0
496	1096	0
497	1096	0
499	1096	0
500	1096	0
501	1096	0
502	1096	0
503	1096	0
505	1096	1
506	1096	1
508	1096	1
509	1096	0
510	1096	0
511	1096	0
512	1096	0
513	1096	0
514	1096	1
515	1096	0
516	1096	0
517	1096	0
518	1096	1
519	1096	1
520	1096	1
521	1096	0
522	1096	0
523	1096	1
524	1096	1
526	1096	0
527	1096	0
528	1096	0
529	1096	0
531	1096	0
533	1096	0
534	1096	0
536	1096	0
537	1096	0
538	1096	0
540	1096	0
541	1096	0
542	1096	0
543	1096	0
544	1096	0
546	1096	0
547	1096	0
548	1096	0
549	1096	0
550	1096	0
551	1096	0
553	1096	0
554	1096	0
555	1096	0
556	1096	0
557	1096	0
558	1096	0
559	1096	0
560	1096	1
561	1096	0
562	1096	0
563	1096	0
564	1096	0
565	1096	0
566	1096	0
567	1096	0
568	1096	0
569	1096	0
570	1096	0
571	1096	0
572	1096	0
573	1096	0
574	1096	0
575	1096	0
576	1096	0
577	1096	0
578	1096	0
579	1096	0
580	1096	0
582	1096	0
583	1096	0
584	1096	0
585	1096	0
586	1096	0
587	1096	0
588	1096	0
589	1096	0
590	1096	0
591	1096	0
592	1096	0
593	1096	0
594	1096	0
595	1096	0
596	1096	0
597	1096	0
598	1096	0
599	1096	0
600	1096	0
601	1096	0
602	1096	0
604	1096	0
605	1096	0
606	1096	0
607	1096	0
608	1096	0
609	1096	0
611	1096	0
612	1096	0
613	1096	0
614	1096	0
615	1096	0
616	1096	0
617	1096	0
618	1096	0
619	1096	0
620	1096	0
621	1096	0
622	1096	0
624	1096	0
625	1096	0
626	1096	0
627	1096	0
628	1096	0
630	1096	0
631	1096	0
632	1096	0
633	1096	0
635	1096	0
636	1096	0
637	1096	1
640	1096	0
641	1096	0
642	1096	0
643	1096	0
644	1096	0
645	1096	1
646	1096	0
647	1096	0
648	1096	0
649	1096	0
650	1096	0
651	1096	0
652	1096	1
653	1096	0
654	1096	0
655	1096	0
656	1096	0
657	1096	0
658	1096	0
659	1096	0
660	1096	0
661	1096	0
662	1096	0
663	1096	0
664	1096	1
666	1096	1
667	1096	0
668	1096	0
669	1096	0
670	1096	0
671	1096	0
672	1096	0
673	1096	0
674	1096	0
675	1096	0
676	1096	0
677	1096	0
678	1096	0
679	1096	0
680	1096	0
681	1096	0
682	1096	0
683	1096	0
684	1096	0
685	1096	0
686	1096	0
687	1096	0
688	1096	0
689	1096	0
690	1096	0
691	1096	1
692	1096	1
693	1096	0
694	1096	1
695	1096	1
696	1096	0
697	1096	0
698	1096	0
699	1096	0
700	1096	0
701	1096	0
702	1096	0
703	1096	0
704	1096	0
705	1096	0
706	1096	0
707	1096	0
708	1096	0
709	1096	0
710	1096	0
711	1096	0
712	1096	0
713	1096	1
714	1096	0
715	1096	0
716	1096	0
717	1096	0
718	1096	1
719	1096	0
720	1096	0
721	1096	0
722	1096	0
723	1096	0
724	1096	0
725	1096	0
726	1096	0
727	1096	0
728	1096	0
730	1096	0
731	1096	0
732	1096	1
733	1096	0
734	1096	0
735	1096	0
736	1096	0
737	1096	1
738	1096	1
739	1096	0
740	1096	0
741	1096	0
742	1096	0
743	1096	0
744	1096	0
745	1096	0
746	1096	0
747	1096	0
748	1096	1
749	1096	1
750	1096	1
751	1096	0
752	1096	0
753	1096	0
754	1096	0
755	1096	0
756	1096	0
757	1096	0
758	1096	0
759	1096	1
760	1096	0
761	1096	0
762	1096	0
763	1096	0
764	1096	0
765	1096	0
767	1096	0
768	1096	0
769	1096	0
770	1096	0
771	1096	0
772	1096	0
773	1096	0
774	1096	1
775	1096	0
776	1096	0
777	1096	0
778	1096	0
779	1096	0
780	1096	1
782	1096	0
783	1096	0
784	1096	1
785	1096	0
786	1096	0
787	1096	0
788	1096	0
789	1096	0
790	1096	0
791	1096	0
793	1096	0
794	1096	0
795	1096	0
796	1096	0
797	1096	0
798	1096	0
799	1096	0
800	1096	0
801	1096	0
802	1096	0
803	1096	0
804	1096	0
806	1096	0
807	1096	0
808	1096	1
809	1096	0
810	1096	0
811	1096	0
812	1096	0
813	1096	0
814	1096	0
816	1096	0
817	1096	0
818	1096	0
819	1096	0
820	1096	0
821	1096	0
822	1096	0
823	1096	0
824	1096	0
825	1096	0
826	1096	0
827	1096	0
828	1096	0
829	1096	1
830	1096	1
831	1096	0
832	1096	1
833	1096	1
834	1096	1
835	1096	0
836	1096	0
837	1096	0
839	1096	0
840	1096	0
841	1096	0
842	1096	0
843	1096	0
844	1096	0
845	1096	0
846	1096	0
847	1096	0
848	1096	0
849	1096	0
850	1096	0
851	1096	0
852	1096	0
853	1096	0
854	1096	0
855	1096	0
856	1096	0
857	1096	0
858	1096	0
859	1096	0
860	1096	0
861	1096	0
862	1096	0
863	1096	0
864	1096	0
865	1096	0
866	1096	0
867	1096	0
868	1096	0
869	1096	0
870	1096	0
872	1096	0
873	1096	0
874	1096	0
875	1096	0
876	1096	0
877	1096	0
878	1096	0
880	1096	0
881	1096	0
882	1096	0
883	1096	0
884	1096	0
885	1096	0
886	1096	0
887	1096	0
888	1096	0
889	1096	0
890	1096	0
891	1096	0
892	1096	0
893	1096	0
894	1096	0
895	1096	0
896	1096	0
897	1096	0
898	1096	0
900	1096	0
901	1096	0
902	1096	0
903	1096	0
904	1096	0
905	1096	0
906	1096	0
907	1096	0
908	1096	0
909	1096	0
910	1096	0
911	1096	0
912	1096	1
913	1096	0
914	1096	0
916	1096	0
917	1096	1
918	1096	0
919	1096	0
920	1096	0
921	1096	0
922	1096	0
923	1096	0
924	1096	0
925	1096	0
926	1096	0
927	1096	0
928	1096	1
930	1096	0
931	1096	0
933	1096	0
934	1096	0
935	1096	0
936	1096	0
937	1096	1
938	1096	0
939	1096	0
940	1096	0
941	1096	0
942	1096	0
943	1096	0
944	1096	0
945	1096	0
946	1096	0
947	1096	1
948	1096	0
949	1096	0
950	1096	0
952	1096	0
953	1096	0
954	1096	0
956	1096	0
958	1096	1
959	1096	0
961	1096	0
962	1096	0
963	1096	1
964	1096	0
965	1096	1
967	1096	0
