0	1188	0
1	1188	1
2	1188	0
3	1188	0
4	1188	0
5	1188	0
6	1188	0
7	1188	0
8	1188	0
9	1188	1
10	1188	0
11	1188	1
12	1188	0
13	1188	0
14	1188	0
15	1188	0
16	1188	0
17	1188	1
18	1188	0
19	1188	0
20	1188	1
21	1188	0
22	1188	0
23	1188	0
24	1188	0
25	1188	0
26	1188	0
27	1188	0
28	1188	0
29	1188	0
30	1188	0
31	1188	0
32	1188	0
33	1188	0
34	1188	0
35	1188	0
36	1188	0
37	1188	0
38	1188	0
39	1188	0
40	1188	1
41	1188	0
42	1188	1
43	1188	1
44	1188	0
45	1188	0
46	1188	0
47	1188	0
48	1188	0
49	1188	0
50	1188	0
51	1188	0
52	1188	0
53	1188	1
54	1188	0
55	1188	0
56	1188	0
58	1188	0
59	1188	0
60	1188	0
61	1188	1
62	1188	0
63	1188	0
64	1188	0
65	1188	0
66	1188	0
67	1188	0
68	1188	0
69	1188	0
70	1188	0
71	1188	0
72	1188	1
73	1188	0
74	1188	0
75	1188	1
77	1188	0
78	1188	0
79	1188	0
80	1188	0
81	1188	0
82	1188	0
83	1188	0
84	1188	0
85	1188	0
86	1188	0
88	1188	0
89	1188	0
90	1188	1
91	1188	0
92	1188	0
94	1188	0
95	1188	0
96	1188	0
97	1188	0
98	1188	0
99	1188	0
100	1188	0
101	1188	0
102	1188	0
103	1188	0
104	1188	0
105	1188	0
106	1188	0
107	1188	0
108	1188	0
109	1188	0
110	1188	0
111	1188	0
112	1188	0
113	1188	1
114	1188	0
115	1188	0
116	1188	0
117	1188	0
118	1188	0
120	1188	0
121	1188	0
122	1188	0
123	1188	1
124	1188	1
125	1188	0
129	1188	0
130	1188	0
131	1188	0
132	1188	0
133	1188	0
134	1188	0
135	1188	0
136	1188	0
137	1188	0
138	1188	0
139	1188	0
140	1188	0
141	1188	0
142	1188	0
143	1188	0
144	1188	0
145	1188	0
146	1188	1
147	1188	0
148	1188	0
149	1188	0
150	1188	0
151	1188	0
153	1188	0
154	1188	0
155	1188	0
156	1188	0
157	1188	0
158	1188	0
159	1188	0
160	1188	0
161	1188	1
162	1188	0
163	1188	1
165	1188	0
166	1188	0
167	1188	0
168	1188	0
169	1188	0
170	1188	0
171	1188	0
172	1188	0
173	1188	0
174	1188	0
175	1188	0
177	1188	0
178	1188	0
179	1188	0
180	1188	0
181	1188	0
182	1188	0
183	1188	0
184	1188	0
186	1188	0
187	1188	0
188	1188	0
189	1188	0
190	1188	0
191	1188	0
192	1188	1
194	1188	1
195	1188	0
196	1188	1
197	1188	0
198	1188	0
199	1188	1
200	1188	0
201	1188	0
202	1188	0
203	1188	0
204	1188	1
206	1188	0
207	1188	1
208	1188	0
209	1188	0
210	1188	0
211	1188	0
212	1188	0
213	1188	0
214	1188	0
215	1188	0
216	1188	0
217	1188	0
218	1188	0
219	1188	0
220	1188	0
221	1188	0
223	1188	1
224	1188	0
225	1188	0
226	1188	0
227	1188	0
228	1188	0
229	1188	0
230	1188	0
231	1188	0
232	1188	0
233	1188	0
234	1188	0
235	1188	0
236	1188	0
237	1188	0
238	1188	0
239	1188	0
240	1188	0
241	1188	0
242	1188	0
243	1188	0
244	1188	0
245	1188	0
246	1188	0
247	1188	0
248	1188	0
249	1188	0
250	1188	0
251	1188	0
252	1188	0
253	1188	0
254	1188	0
255	1188	0
256	1188	0
257	1188	0
258	1188	0
259	1188	0
261	1188	0
262	1188	0
263	1188	1
264	1188	0
265	1188	0
266	1188	0
267	1188	0
268	1188	0
270	1188	0
271	1188	0
272	1188	0
273	1188	0
274	1188	0
275	1188	0
276	1188	0
277	1188	1
278	1188	0
279	1188	0
280	1188	1
281	1188	0
282	1188	0
283	1188	0
284	1188	0
285	1188	0
286	1188	0
287	1188	0
288	1188	0
289	1188	0
290	1188	0
291	1188	0
292	1188	0
293	1188	0
294	1188	0
295	1188	0
296	1188	0
297	1188	0
298	1188	0
299	1188	1
300	1188	1
302	1188	0
303	1188	1
304	1188	0
305	1188	0
306	1188	0
307	1188	0
308	1188	1
309	1188	0
310	1188	0
311	1188	0
312	1188	1
313	1188	0
314	1188	0
316	1188	0
317	1188	1
318	1188	0
319	1188	0
320	1188	0
321	1188	0
322	1188	0
323	1188	0
324	1188	0
325	1188	1
326	1188	0
327	1188	1
328	1188	1
329	1188	0
330	1188	1
331	1188	0
332	1188	0
333	1188	0
334	1188	0
335	1188	0
336	1188	0
337	1188	0
338	1188	0
339	1188	0
340	1188	0
341	1188	0
342	1188	0
343	1188	0
344	1188	1
345	1188	0
346	1188	0
347	1188	0
348	1188	0
349	1188	0
350	1188	0
351	1188	0
352	1188	0
353	1188	0
354	1188	0
355	1188	0
356	1188	0
357	1188	0
358	1188	0
359	1188	0
360	1188	0
361	1188	0
362	1188	0
363	1188	0
364	1188	0
365	1188	0
366	1188	0
367	1188	0
368	1188	0
369	1188	0
370	1188	0
371	1188	0
372	1188	0
373	1188	0
374	1188	0
375	1188	1
376	1188	0
377	1188	0
378	1188	0
379	1188	0
380	1188	0
381	1188	1
382	1188	1
383	1188	0
384	1188	0
385	1188	1
386	1188	0
387	1188	0
388	1188	0
389	1188	0
390	1188	0
391	1188	0
392	1188	0
393	1188	0
394	1188	0
395	1188	0
396	1188	0
397	1188	0
398	1188	0
399	1188	0
400	1188	0
402	1188	0
403	1188	0
404	1188	0
405	1188	0
406	1188	0
407	1188	0
408	1188	0
409	1188	0
410	1188	1
411	1188	0
412	1188	0
413	1188	0
414	1188	0
415	1188	0
416	1188	0
417	1188	0
418	1188	0
419	1188	0
420	1188	0
421	1188	0
422	1188	0
423	1188	0
424	1188	0
425	1188	0
426	1188	0
427	1188	0
428	1188	0
429	1188	0
430	1188	0
431	1188	0
432	1188	0
433	1188	0
434	1188	0
435	1188	0
436	1188	0
437	1188	0
439	1188	0
440	1188	0
441	1188	0
442	1188	0
443	1188	0
444	1188	0
445	1188	0
446	1188	0
448	1188	0
449	1188	0
450	1188	0
451	1188	0
452	1188	0
453	1188	0
454	1188	0
455	1188	0
456	1188	0
457	1188	0
458	1188	0
459	1188	0
460	1188	0
461	1188	0
462	1188	0
463	1188	0
464	1188	0
465	1188	0
466	1188	0
467	1188	1
468	1188	0
470	1188	0
471	1188	0
472	1188	0
473	1188	1
474	1188	0
475	1188	0
476	1188	0
477	1188	0
478	1188	0
479	1188	1
480	1188	0
481	1188	1
482	1188	0
483	1188	0
484	1188	0
485	1188	0
486	1188	0
487	1188	0
488	1188	0
489	1188	0
490	1188	0
491	1188	0
492	1188	0
493	1188	0
494	1188	0
495	1188	0
496	1188	0
497	1188	0
498	1188	1
500	1188	0
501	1188	0
502	1188	0
503	1188	0
504	1188	0
505	1188	0
506	1188	1
507	1188	1
508	1188	0
509	1188	0
510	1188	0
511	1188	0
512	1188	0
513	1188	0
514	1188	0
515	1188	0
516	1188	0
517	1188	0
518	1188	0
519	1188	0
520	1188	0
521	1188	0
522	1188	0
523	1188	0
525	1188	0
526	1188	0
527	1188	1
528	1188	0
529	1188	0
530	1188	0
531	1188	1
533	1188	0
534	1188	0
535	1188	0
536	1188	0
537	1188	1
538	1188	0
539	1188	0
540	1188	0
541	1188	0
542	1188	1
543	1188	0
544	1188	0
545	1188	0
546	1188	0
547	1188	0
548	1188	0
549	1188	0
550	1188	0
551	1188	1
552	1188	0
553	1188	1
554	1188	0
555	1188	0
556	1188	0
557	1188	0
558	1188	0
559	1188	0
560	1188	0
561	1188	0
562	1188	0
563	1188	1
564	1188	0
565	1188	0
567	1188	0
568	1188	0
569	1188	0
570	1188	0
571	1188	0
572	1188	0
573	1188	0
574	1188	0
575	1188	0
576	1188	0
577	1188	0
578	1188	0
579	1188	0
580	1188	1
581	1188	0
582	1188	0
583	1188	0
584	1188	0
585	1188	0
586	1188	0
587	1188	1
588	1188	0
589	1188	0
590	1188	0
591	1188	0
593	1188	0
595	1188	0
596	1188	0
597	1188	1
599	1188	0
600	1188	1
601	1188	0
602	1188	0
604	1188	1
605	1188	1
606	1188	0
607	1188	0
608	1188	0
609	1188	0
611	1188	0
612	1188	0
613	1188	0
614	1188	0
615	1188	0
616	1188	0
617	1188	0
618	1188	0
619	1188	0
620	1188	0
621	1188	0
622	1188	0
624	1188	0
625	1188	0
626	1188	0
627	1188	0
628	1188	0
630	1188	0
633	1188	0
634	1188	0
635	1188	1
636	1188	0
637	1188	0
638	1188	0
639	1188	0
640	1188	0
641	1188	0
642	1188	0
643	1188	1
644	1188	1
645	1188	0
646	1188	1
647	1188	0
648	1188	0
649	1188	0
650	1188	0
651	1188	0
653	1188	1
654	1188	0
655	1188	0
656	1188	0
657	1188	0
658	1188	0
659	1188	0
660	1188	0
661	1188	0
662	1188	0
663	1188	0
664	1188	0
665	1188	1
666	1188	0
667	1188	0
668	1188	0
669	1188	0
670	1188	0
671	1188	0
672	1188	0
673	1188	0
674	1188	0
675	1188	0
676	1188	0
677	1188	0
678	1188	0
679	1188	0
680	1188	0
681	1188	0
682	1188	0
683	1188	0
684	1188	0
685	1188	0
686	1188	0
687	1188	0
688	1188	0
689	1188	1
690	1188	0
691	1188	0
692	1188	0
693	1188	0
694	1188	0
695	1188	0
696	1188	0
697	1188	0
698	1188	0
699	1188	0
700	1188	0
701	1188	1
702	1188	0
703	1188	1
704	1188	0
705	1188	0
706	1188	0
707	1188	1
708	1188	1
709	1188	0
710	1188	0
711	1188	0
712	1188	0
713	1188	0
714	1188	1
716	1188	0
717	1188	0
718	1188	0
719	1188	0
720	1188	0
721	1188	0
722	1188	0
723	1188	0
724	1188	0
725	1188	0
726	1188	0
727	1188	0
728	1188	0
729	1188	0
730	1188	0
731	1188	1
732	1188	0
733	1188	0
734	1188	0
735	1188	1
736	1188	0
737	1188	0
738	1188	0
739	1188	0
740	1188	0
741	1188	0
742	1188	0
745	1188	0
746	1188	0
747	1188	0
748	1188	1
749	1188	0
750	1188	0
751	1188	0
752	1188	0
753	1188	0
754	1188	0
755	1188	0
756	1188	1
757	1188	0
758	1188	0
759	1188	0
760	1188	1
761	1188	1
762	1188	1
764	1188	0
765	1188	0
766	1188	0
767	1188	0
768	1188	0
769	1188	0
770	1188	0
771	1188	0
772	1188	0
773	1188	0
775	1188	0
777	1188	0
778	1188	0
779	1188	1
780	1188	0
781	1188	0
782	1188	1
783	1188	0
784	1188	0
785	1188	0
786	1188	0
787	1188	0
788	1188	0
789	1188	0
790	1188	0
791	1188	0
792	1188	0
793	1188	0
794	1188	0
795	1188	0
796	1188	0
797	1188	0
798	1188	0
799	1188	0
800	1188	0
801	1188	0
802	1188	0
803	1188	1
804	1188	0
805	1188	0
806	1188	0
807	1188	0
808	1188	0
809	1188	0
810	1188	0
811	1188	0
814	1188	0
816	1188	0
817	1188	0
818	1188	0
819	1188	0
820	1188	0
822	1188	0
823	1188	0
824	1188	0
826	1188	0
827	1188	0
829	1188	0
830	1188	0
831	1188	0
832	1188	1
833	1188	1
835	1188	0
836	1188	0
837	1188	0
838	1188	0
839	1188	1
840	1188	0
841	1188	0
842	1188	0
843	1188	0
844	1188	0
845	1188	1
846	1188	0
847	1188	0
848	1188	0
849	1188	0
850	1188	0
851	1188	0
852	1188	1
853	1188	0
854	1188	0
855	1188	1
857	1188	0
858	1188	0
859	1188	0
860	1188	0
861	1188	0
862	1188	1
863	1188	0
864	1188	0
865	1188	0
866	1188	0
867	1188	0
868	1188	0
869	1188	0
870	1188	0
871	1188	0
872	1188	0
873	1188	0
874	1188	0
875	1188	1
876	1188	0
877	1188	0
878	1188	0
880	1188	0
881	1188	1
882	1188	1
883	1188	0
884	1188	0
885	1188	0
886	1188	0
887	1188	0
888	1188	0
889	1188	0
890	1188	0
891	1188	0
892	1188	0
893	1188	0
894	1188	0
895	1188	0
896	1188	0
897	1188	0
898	1188	0
900	1188	0
901	1188	0
902	1188	1
903	1188	0
904	1188	1
905	1188	1
907	1188	0
908	1188	0
909	1188	0
910	1188	0
911	1188	0
912	1188	0
913	1188	0
914	1188	0
915	1188	0
916	1188	1
917	1188	0
918	1188	0
919	1188	0
920	1188	0
921	1188	0
922	1188	0
923	1188	0
924	1188	1
925	1188	0
926	1188	0
927	1188	0
928	1188	1
929	1188	0
930	1188	0
931	1188	1
933	1188	0
934	1188	0
935	1188	0
936	1188	0
937	1188	0
939	1188	0
940	1188	0
941	1188	0
942	1188	0
943	1188	0
944	1188	0
945	1188	0
946	1188	0
947	1188	0
948	1188	0
949	1188	0
950	1188	0
953	1188	0
954	1188	0
955	1188	0
956	1188	0
957	1188	0
958	1188	0
959	1188	0
960	1188	0
961	1188	0
962	1188	1
963	1188	0
964	1188	0
965	1188	0
966	1188	1
967	1188	0
