0	1074	0
1	1074	0
2	1074	0
3	1074	0
4	1074	0
5	1074	0
6	1074	0
7	1074	0
8	1074	1
9	1074	0
10	1074	0
11	1074	0
12	1074	0
13	1074	0
14	1074	0
15	1074	0
16	1074	0
17	1074	0
18	1074	0
19	1074	0
20	1074	0
21	1074	0
22	1074	0
23	1074	0
24	1074	0
26	1074	0
28	1074	0
29	1074	0
30	1074	0
31	1074	1
32	1074	1
33	1074	0
34	1074	1
35	1074	0
36	1074	0
37	1074	0
38	1074	0
39	1074	0
40	1074	0
42	1074	0
43	1074	0
44	1074	0
45	1074	0
46	1074	0
47	1074	1
48	1074	0
49	1074	0
50	1074	0
51	1074	0
52	1074	0
53	1074	0
54	1074	0
55	1074	0
56	1074	0
57	1074	0
58	1074	0
59	1074	0
60	1074	0
61	1074	0
62	1074	0
64	1074	0
65	1074	0
66	1074	0
67	1074	0
68	1074	0
69	1074	0
70	1074	0
71	1074	1
72	1074	0
73	1074	0
74	1074	0
75	1074	0
76	1074	0
77	1074	0
78	1074	0
79	1074	0
80	1074	0
81	1074	0
82	1074	0
83	1074	0
84	1074	0
85	1074	0
86	1074	0
87	1074	0
88	1074	0
90	1074	0
91	1074	0
92	1074	0
93	1074	0
94	1074	0
95	1074	0
96	1074	1
97	1074	0
98	1074	0
99	1074	0
100	1074	0
101	1074	0
102	1074	0
103	1074	0
104	1074	0
105	1074	0
106	1074	0
109	1074	0
111	1074	0
112	1074	0
113	1074	0
114	1074	0
115	1074	0
116	1074	0
117	1074	0
118	1074	0
119	1074	0
120	1074	0
121	1074	0
122	1074	0
123	1074	0
124	1074	0
125	1074	1
126	1074	0
129	1074	0
130	1074	0
131	1074	0
132	1074	0
133	1074	0
134	1074	1
136	1074	0
137	1074	0
138	1074	0
139	1074	0
140	1074	0
141	1074	0
142	1074	0
143	1074	0
144	1074	0
145	1074	0
146	1074	0
147	1074	0
148	1074	0
149	1074	0
150	1074	0
151	1074	0
152	1074	1
153	1074	0
154	1074	1
155	1074	0
156	1074	0
157	1074	0
158	1074	0
159	1074	0
160	1074	0
161	1074	0
162	1074	0
163	1074	1
165	1074	0
166	1074	0
167	1074	0
168	1074	0
169	1074	0
170	1074	0
171	1074	0
172	1074	1
173	1074	0
174	1074	0
175	1074	0
177	1074	0
178	1074	0
179	1074	0
180	1074	0
182	1074	0
183	1074	0
184	1074	0
185	1074	0
186	1074	0
187	1074	0
188	1074	1
189	1074	0
190	1074	0
191	1074	0
192	1074	0
193	1074	0
194	1074	1
195	1074	0
196	1074	0
197	1074	0
198	1074	0
199	1074	0
200	1074	0
201	1074	1
202	1074	0
203	1074	1
204	1074	0
206	1074	0
207	1074	0
208	1074	1
210	1074	0
211	1074	0
212	1074	0
213	1074	0
214	1074	0
215	1074	0
216	1074	0
217	1074	0
218	1074	0
219	1074	0
220	1074	0
222	1074	0
223	1074	0
224	1074	0
225	1074	0
226	1074	0
227	1074	1
228	1074	0
229	1074	0
230	1074	0
231	1074	0
232	1074	0
233	1074	0
234	1074	0
235	1074	0
236	1074	0
237	1074	0
238	1074	0
239	1074	1
240	1074	0
241	1074	0
242	1074	0
244	1074	0
245	1074	0
247	1074	0
248	1074	0
249	1074	0
250	1074	0
251	1074	0
252	1074	0
253	1074	0
254	1074	0
255	1074	0
256	1074	0
258	1074	0
259	1074	0
260	1074	0
261	1074	0
262	1074	0
263	1074	0
264	1074	0
265	1074	0
266	1074	0
267	1074	0
268	1074	0
269	1074	0
270	1074	0
271	1074	0
272	1074	0
273	1074	0
274	1074	0
275	1074	0
276	1074	0
277	1074	0
278	1074	0
279	1074	0
280	1074	0
281	1074	0
282	1074	0
283	1074	0
284	1074	0
285	1074	0
286	1074	0
287	1074	0
288	1074	0
289	1074	1
290	1074	0
291	1074	0
292	1074	0
293	1074	0
294	1074	0
295	1074	0
296	1074	0
297	1074	0
298	1074	0
299	1074	0
300	1074	0
301	1074	0
302	1074	0
303	1074	0
304	1074	0
305	1074	0
306	1074	0
307	1074	0
308	1074	0
309	1074	0
310	1074	0
311	1074	0
312	1074	0
313	1074	0
314	1074	0
315	1074	0
316	1074	0
317	1074	0
318	1074	0
319	1074	0
320	1074	0
321	1074	0
322	1074	0
323	1074	0
324	1074	0
325	1074	0
326	1074	0
327	1074	0
328	1074	0
329	1074	0
330	1074	0
331	1074	0
333	1074	0
335	1074	0
336	1074	0
337	1074	1
338	1074	0
339	1074	0
340	1074	1
341	1074	0
342	1074	0
343	1074	0
344	1074	0
346	1074	0
347	1074	0
348	1074	0
349	1074	0
350	1074	0
351	1074	0
352	1074	0
354	1074	0
355	1074	0
357	1074	0
358	1074	0
359	1074	0
360	1074	0
361	1074	1
363	1074	0
364	1074	0
365	1074	0
366	1074	0
367	1074	0
368	1074	0
371	1074	0
372	1074	0
373	1074	1
374	1074	1
377	1074	0
378	1074	0
379	1074	0
380	1074	0
381	1074	0
382	1074	0
383	1074	0
384	1074	0
385	1074	0
386	1074	0
387	1074	0
388	1074	0
389	1074	0
390	1074	0
391	1074	0
393	1074	0
394	1074	0
395	1074	0
396	1074	0
398	1074	0
399	1074	0
400	1074	0
401	1074	0
402	1074	0
403	1074	0
404	1074	1
405	1074	0
406	1074	0
407	1074	0
408	1074	0
409	1074	0
410	1074	0
411	1074	0
412	1074	0
413	1074	0
414	1074	0
415	1074	0
416	1074	0
417	1074	0
418	1074	0
419	1074	0
420	1074	0
421	1074	0
422	1074	0
423	1074	0
424	1074	0
425	1074	0
426	1074	0
427	1074	0
428	1074	0
429	1074	0
430	1074	0
431	1074	0
432	1074	0
433	1074	0
434	1074	0
435	1074	0
436	1074	1
437	1074	0
438	1074	0
439	1074	0
440	1074	0
441	1074	0
442	1074	0
443	1074	0
444	1074	0
445	1074	0
446	1074	0
447	1074	0
448	1074	0
449	1074	0
450	1074	0
451	1074	0
452	1074	0
453	1074	0
454	1074	0
455	1074	0
456	1074	0
457	1074	1
458	1074	0
459	1074	0
460	1074	0
461	1074	0
462	1074	0
463	1074	0
464	1074	0
465	1074	0
466	1074	0
467	1074	0
468	1074	0
469	1074	0
470	1074	0
471	1074	0
472	1074	0
473	1074	0
474	1074	0
475	1074	0
476	1074	0
477	1074	0
478	1074	0
480	1074	1
481	1074	0
482	1074	0
483	1074	0
484	1074	0
485	1074	0
486	1074	0
487	1074	0
489	1074	1
490	1074	0
491	1074	0
492	1074	0
493	1074	0
495	1074	0
496	1074	0
497	1074	0
499	1074	0
500	1074	0
501	1074	0
502	1074	0
503	1074	0
505	1074	1
506	1074	1
508	1074	0
509	1074	0
510	1074	0
511	1074	0
512	1074	0
513	1074	0
514	1074	1
515	1074	0
516	1074	0
517	1074	1
518	1074	1
519	1074	0
520	1074	1
521	1074	0
522	1074	0
523	1074	0
524	1074	0
525	1074	0
526	1074	0
527	1074	0
528	1074	0
529	1074	0
531	1074	0
533	1074	0
534	1074	0
536	1074	0
537	1074	0
538	1074	0
540	1074	0
541	1074	0
542	1074	0
543	1074	0
544	1074	0
546	1074	0
547	1074	0
548	1074	0
549	1074	0
550	1074	0
551	1074	0
553	1074	0
554	1074	0
555	1074	0
556	1074	0
557	1074	0
558	1074	0
559	1074	0
560	1074	0
561	1074	0
562	1074	0
563	1074	0
564	1074	0
565	1074	0
566	1074	0
567	1074	0
568	1074	0
569	1074	0
570	1074	0
571	1074	0
572	1074	0
573	1074	0
574	1074	0
575	1074	0
576	1074	0
577	1074	0
578	1074	0
579	1074	0
580	1074	0
582	1074	0
583	1074	0
584	1074	0
585	1074	1
586	1074	0
587	1074	0
588	1074	0
589	1074	0
590	1074	0
591	1074	0
592	1074	0
593	1074	0
594	1074	0
595	1074	0
596	1074	0
597	1074	0
598	1074	0
599	1074	0
600	1074	0
601	1074	0
602	1074	0
604	1074	0
605	1074	0
606	1074	0
607	1074	0
608	1074	0
609	1074	0
611	1074	0
612	1074	0
613	1074	0
614	1074	0
615	1074	0
616	1074	0
617	1074	0
618	1074	0
619	1074	0
620	1074	0
621	1074	0
622	1074	0
624	1074	0
625	1074	0
626	1074	0
627	1074	0
628	1074	0
630	1074	0
631	1074	0
632	1074	0
633	1074	0
635	1074	0
636	1074	0
637	1074	0
640	1074	0
641	1074	0
642	1074	0
643	1074	0
644	1074	0
645	1074	0
646	1074	0
647	1074	0
648	1074	0
649	1074	0
650	1074	0
651	1074	0
652	1074	1
653	1074	0
654	1074	0
655	1074	0
656	1074	0
657	1074	0
658	1074	0
659	1074	0
660	1074	0
661	1074	0
662	1074	0
663	1074	0
664	1074	0
666	1074	0
667	1074	0
668	1074	0
669	1074	0
670	1074	0
671	1074	0
672	1074	0
673	1074	0
674	1074	0
675	1074	0
676	1074	0
677	1074	0
678	1074	0
679	1074	0
680	1074	0
681	1074	0
682	1074	0
683	1074	0
684	1074	0
685	1074	0
686	1074	0
687	1074	0
688	1074	0
689	1074	0
690	1074	0
691	1074	0
692	1074	1
693	1074	0
694	1074	0
695	1074	0
696	1074	0
697	1074	0
698	1074	0
699	1074	0
700	1074	0
701	1074	0
702	1074	0
703	1074	0
704	1074	0
705	1074	0
706	1074	0
707	1074	0
708	1074	0
709	1074	0
710	1074	0
711	1074	0
712	1074	0
713	1074	1
714	1074	0
715	1074	0
716	1074	0
717	1074	0
718	1074	0
719	1074	0
720	1074	0
721	1074	0
722	1074	0
723	1074	0
724	1074	0
725	1074	0
726	1074	0
727	1074	0
728	1074	0
730	1074	0
731	1074	0
732	1074	1
733	1074	0
734	1074	0
735	1074	0
736	1074	0
737	1074	0
738	1074	0
739	1074	0
740	1074	0
741	1074	0
742	1074	1
743	1074	0
744	1074	0
745	1074	0
746	1074	0
747	1074	0
748	1074	1
749	1074	0
750	1074	1
751	1074	0
752	1074	0
753	1074	0
754	1074	0
755	1074	0
756	1074	0
757	1074	0
758	1074	1
759	1074	0
760	1074	0
761	1074	0
762	1074	0
763	1074	0
764	1074	0
765	1074	0
767	1074	0
768	1074	0
769	1074	0
770	1074	0
772	1074	0
773	1074	0
774	1074	1
775	1074	0
776	1074	0
777	1074	0
778	1074	0
779	1074	0
780	1074	0
782	1074	0
783	1074	0
784	1074	0
785	1074	0
786	1074	0
787	1074	0
788	1074	0
789	1074	0
790	1074	0
791	1074	1
793	1074	0
794	1074	0
795	1074	0
796	1074	0
797	1074	0
798	1074	0
799	1074	0
800	1074	0
801	1074	0
802	1074	0
803	1074	0
804	1074	0
806	1074	0
807	1074	0
808	1074	0
809	1074	0
810	1074	0
811	1074	0
812	1074	0
813	1074	0
814	1074	0
816	1074	0
817	1074	0
818	1074	0
819	1074	0
820	1074	0
821	1074	0
822	1074	0
823	1074	0
824	1074	0
825	1074	0
826	1074	0
827	1074	1
828	1074	0
829	1074	0
830	1074	0
831	1074	1
832	1074	1
833	1074	0
834	1074	0
835	1074	0
836	1074	0
837	1074	1
839	1074	1
840	1074	0
841	1074	0
842	1074	0
843	1074	0
844	1074	0
845	1074	0
846	1074	0
847	1074	0
848	1074	0
849	1074	0
850	1074	0
851	1074	0
852	1074	0
853	1074	0
854	1074	0
855	1074	0
856	1074	0
857	1074	0
858	1074	0
859	1074	0
860	1074	0
861	1074	0
862	1074	0
863	1074	0
864	1074	0
865	1074	0
866	1074	0
867	1074	0
868	1074	0
869	1074	0
870	1074	0
872	1074	0
873	1074	0
874	1074	0
875	1074	0
876	1074	0
877	1074	0
878	1074	0
880	1074	0
881	1074	0
882	1074	0
883	1074	0
884	1074	0
885	1074	0
886	1074	0
887	1074	0
888	1074	1
889	1074	0
890	1074	0
891	1074	0
892	1074	0
893	1074	0
894	1074	0
895	1074	0
896	1074	0
897	1074	0
898	1074	0
900	1074	0
901	1074	0
902	1074	0
903	1074	0
904	1074	0
905	1074	0
906	1074	0
907	1074	0
908	1074	0
909	1074	0
910	1074	0
911	1074	0
912	1074	0
913	1074	0
914	1074	0
916	1074	0
917	1074	0
918	1074	0
919	1074	0
920	1074	0
921	1074	0
922	1074	0
923	1074	0
924	1074	0
925	1074	0
926	1074	0
927	1074	0
928	1074	0
930	1074	0
931	1074	0
933	1074	0
934	1074	0
935	1074	0
936	1074	0
938	1074	0
939	1074	0
940	1074	0
941	1074	0
942	1074	0
943	1074	1
944	1074	0
945	1074	0
946	1074	0
947	1074	0
948	1074	0
949	1074	0
950	1074	0
952	1074	0
953	1074	0
954	1074	0
955	1074	0
956	1074	0
958	1074	0
959	1074	0
961	1074	0
962	1074	0
963	1074	0
964	1074	0
965	1074	1
967	1074	1
