1	1208	0
2	1208	0
3	1208	0
4	1208	0
5	1208	1
6	1208	0
7	1208	0
8	1208	0
9	1208	0
10	1208	0
11	1208	0
12	1208	1
13	1208	0
14	1208	0
15	1208	1
16	1208	0
17	1208	0
18	1208	0
19	1208	0
20	1208	0
21	1208	0
22	1208	1
23	1208	1
24	1208	0
25	1208	0
26	1208	0
27	1208	0
28	1208	0
29	1208	0
30	1208	1
31	1208	0
32	1208	0
33	1208	0
34	1208	0
35	1208	0
36	1208	0
37	1208	1
38	1208	0
39	1208	0
40	1208	0
41	1208	1
43	1208	0
44	1208	0
45	1208	1
46	1208	0
47	1208	0
48	1208	0
49	1208	0
50	1208	0
51	1208	0
52	1208	0
53	1208	1
54	1208	1
55	1208	0
56	1208	0
58	1208	0
59	1208	1
60	1208	0
61	1208	0
62	1208	0
63	1208	0
64	1208	0
65	1208	0
66	1208	1
67	1208	0
68	1208	0
69	1208	0
70	1208	0
71	1208	0
72	1208	0
73	1208	0
74	1208	0
75	1208	0
77	1208	1
78	1208	0
79	1208	1
80	1208	0
81	1208	1
82	1208	0
83	1208	1
84	1208	0
85	1208	0
86	1208	0
87	1208	0
88	1208	0
89	1208	0
90	1208	0
91	1208	0
92	1208	0
93	1208	0
94	1208	0
95	1208	0
96	1208	0
97	1208	0
98	1208	1
99	1208	0
100	1208	0
101	1208	0
102	1208	0
103	1208	0
104	1208	0
105	1208	0
106	1208	0
107	1208	0
108	1208	0
109	1208	0
110	1208	0
111	1208	0
112	1208	0
113	1208	0
114	1208	0
115	1208	0
116	1208	0
117	1208	0
118	1208	0
119	1208	0
120	1208	0
121	1208	0
122	1208	1
123	1208	0
124	1208	0
125	1208	0
128	1208	0
129	1208	0
130	1208	0
131	1208	0
132	1208	0
133	1208	0
134	1208	0
135	1208	0
136	1208	0
137	1208	0
138	1208	0
139	1208	0
140	1208	0
141	1208	0
142	1208	0
143	1208	1
144	1208	0
145	1208	1
146	1208	0
147	1208	0
148	1208	0
149	1208	0
150	1208	0
151	1208	1
152	1208	0
153	1208	1
154	1208	0
155	1208	0
156	1208	0
158	1208	0
159	1208	0
160	1208	0
161	1208	0
162	1208	0
163	1208	0
165	1208	0
166	1208	1
167	1208	1
168	1208	0
169	1208	0
170	1208	0
171	1208	0
172	1208	0
173	1208	0
174	1208	0
175	1208	0
177	1208	0
178	1208	0
179	1208	0
180	1208	0
181	1208	0
182	1208	0
183	1208	0
184	1208	0
185	1208	0
186	1208	0
187	1208	0
188	1208	0
189	1208	0
190	1208	0
191	1208	0
192	1208	0
193	1208	0
194	1208	0
195	1208	0
196	1208	0
197	1208	0
198	1208	0
199	1208	0
200	1208	1
201	1208	0
202	1208	0
203	1208	0
204	1208	0
206	1208	0
207	1208	0
208	1208	0
209	1208	0
210	1208	0
211	1208	0
212	1208	0
213	1208	0
214	1208	1
215	1208	1
216	1208	0
217	1208	0
218	1208	0
219	1208	0
220	1208	0
221	1208	0
222	1208	0
223	1208	0
224	1208	0
226	1208	0
227	1208	0
228	1208	0
229	1208	0
230	1208	0
231	1208	0
232	1208	0
233	1208	0
235	1208	1
236	1208	0
237	1208	0
238	1208	0
239	1208	1
240	1208	1
241	1208	1
242	1208	1
243	1208	1
244	1208	0
245	1208	0
246	1208	0
247	1208	0
248	1208	0
249	1208	0
250	1208	0
251	1208	0
252	1208	0
253	1208	0
254	1208	0
255	1208	0
256	1208	0
257	1208	0
258	1208	0
259	1208	0
260	1208	0
261	1208	0
262	1208	0
263	1208	0
264	1208	0
265	1208	0
266	1208	0
267	1208	0
268	1208	0
270	1208	0
271	1208	0
272	1208	0
273	1208	0
274	1208	0
275	1208	0
276	1208	0
277	1208	0
278	1208	0
279	1208	0
280	1208	0
281	1208	0
282	1208	0
283	1208	0
284	1208	0
285	1208	0
286	1208	0
287	1208	1
288	1208	0
289	1208	0
290	1208	0
291	1208	0
292	1208	1
293	1208	1
294	1208	0
295	1208	0
296	1208	1
297	1208	0
298	1208	0
299	1208	0
300	1208	0
301	1208	1
302	1208	0
303	1208	0
304	1208	0
305	1208	0
306	1208	0
307	1208	0
308	1208	1
309	1208	0
310	1208	1
311	1208	1
312	1208	0
313	1208	0
314	1208	0
315	1208	0
316	1208	0
317	1208	0
318	1208	0
319	1208	0
320	1208	0
321	1208	0
322	1208	0
323	1208	0
324	1208	0
325	1208	0
326	1208	1
327	1208	1
328	1208	1
329	1208	0
330	1208	1
331	1208	0
332	1208	0
333	1208	1
334	1208	0
335	1208	0
336	1208	0
337	1208	0
338	1208	0
339	1208	1
340	1208	0
341	1208	0
342	1208	0
343	1208	1
344	1208	0
345	1208	0
346	1208	0
347	1208	0
348	1208	0
349	1208	0
350	1208	0
351	1208	0
352	1208	0
354	1208	0
355	1208	0
356	1208	0
357	1208	0
358	1208	0
359	1208	1
360	1208	0
362	1208	0
363	1208	0
364	1208	0
365	1208	0
366	1208	0
367	1208	0
368	1208	0
369	1208	0
370	1208	1
371	1208	1
372	1208	0
373	1208	0
374	1208	0
375	1208	0
376	1208	0
377	1208	1
378	1208	1
379	1208	0
380	1208	0
381	1208	1
382	1208	0
383	1208	0
384	1208	0
385	1208	0
386	1208	0
387	1208	0
388	1208	0
389	1208	0
391	1208	0
392	1208	0
393	1208	0
394	1208	1
395	1208	0
396	1208	0
397	1208	0
398	1208	0
399	1208	0
400	1208	0
401	1208	0
402	1208	0
403	1208	0
404	1208	0
405	1208	1
406	1208	0
407	1208	0
408	1208	0
409	1208	0
410	1208	0
411	1208	0
412	1208	0
413	1208	0
414	1208	0
416	1208	0
417	1208	0
418	1208	0
419	1208	0
420	1208	0
421	1208	0
422	1208	0
423	1208	0
424	1208	0
425	1208	0
426	1208	0
427	1208	0
428	1208	0
429	1208	0
430	1208	0
431	1208	0
432	1208	1
433	1208	0
434	1208	0
435	1208	0
436	1208	0
437	1208	1
438	1208	0
439	1208	0
440	1208	1
441	1208	0
442	1208	0
443	1208	1
444	1208	0
446	1208	0
447	1208	0
448	1208	0
449	1208	0
450	1208	0
451	1208	0
452	1208	0
453	1208	0
454	1208	0
455	1208	0
456	1208	0
457	1208	0
458	1208	0
459	1208	0
460	1208	0
461	1208	0
462	1208	0
463	1208	0
464	1208	0
465	1208	1
466	1208	0
467	1208	0
468	1208	0
469	1208	0
470	1208	0
471	1208	1
472	1208	0
473	1208	0
474	1208	0
475	1208	0
476	1208	0
477	1208	0
478	1208	0
479	1208	0
480	1208	0
481	1208	0
482	1208	0
483	1208	0
484	1208	0
485	1208	0
486	1208	1
487	1208	0
488	1208	1
489	1208	0
491	1208	0
492	1208	0
493	1208	0
494	1208	0
495	1208	0
496	1208	0
497	1208	0
499	1208	0
500	1208	0
501	1208	0
502	1208	0
503	1208	0
504	1208	0
505	1208	0
506	1208	0
507	1208	0
508	1208	0
509	1208	0
510	1208	0
511	1208	0
512	1208	0
513	1208	0
514	1208	1
515	1208	0
516	1208	1
517	1208	0
518	1208	0
519	1208	0
520	1208	0
521	1208	0
522	1208	0
523	1208	0
524	1208	1
525	1208	0
527	1208	0
528	1208	1
529	1208	1
530	1208	0
531	1208	0
533	1208	0
534	1208	0
535	1208	0
536	1208	0
537	1208	0
538	1208	0
539	1208	0
540	1208	0
541	1208	0
542	1208	0
543	1208	0
544	1208	0
545	1208	0
546	1208	0
547	1208	0
548	1208	0
549	1208	0
550	1208	0
551	1208	0
552	1208	0
553	1208	0
554	1208	0
555	1208	0
556	1208	0
557	1208	0
558	1208	0
560	1208	0
561	1208	0
562	1208	0
563	1208	0
564	1208	0
565	1208	0
566	1208	0
567	1208	0
568	1208	0
569	1208	0
570	1208	0
571	1208	1
572	1208	0
574	1208	0
575	1208	0
576	1208	0
577	1208	0
578	1208	0
579	1208	0
581	1208	0
582	1208	0
583	1208	1
584	1208	0
585	1208	0
586	1208	0
587	1208	0
588	1208	0
589	1208	0
590	1208	0
591	1208	0
593	1208	0
594	1208	0
595	1208	1
596	1208	0
597	1208	0
598	1208	0
599	1208	0
600	1208	0
601	1208	0
602	1208	0
604	1208	0
605	1208	1
607	1208	0
608	1208	0
609	1208	0
611	1208	0
612	1208	0
614	1208	0
615	1208	0
616	1208	0
617	1208	0
618	1208	0
619	1208	0
622	1208	1
624	1208	0
625	1208	0
626	1208	0
627	1208	0
628	1208	0
630	1208	0
632	1208	0
633	1208	0
634	1208	0
635	1208	0
636	1208	1
637	1208	1
638	1208	0
639	1208	0
640	1208	0
641	1208	0
642	1208	0
643	1208	0
644	1208	0
645	1208	0
646	1208	0
647	1208	0
648	1208	1
649	1208	0
650	1208	0
651	1208	0
652	1208	0
653	1208	0
654	1208	1
655	1208	0
656	1208	0
657	1208	0
658	1208	0
659	1208	0
660	1208	1
661	1208	1
662	1208	1
663	1208	0
664	1208	0
665	1208	1
666	1208	0
667	1208	0
669	1208	0
670	1208	0
671	1208	0
672	1208	0
673	1208	0
674	1208	0
675	1208	0
676	1208	0
677	1208	0
678	1208	0
679	1208	0
680	1208	0
681	1208	0
682	1208	0
683	1208	0
684	1208	0
685	1208	0
686	1208	0
687	1208	0
688	1208	1
689	1208	1
690	1208	0
691	1208	0
692	1208	0
693	1208	0
694	1208	1
696	1208	0
697	1208	0
698	1208	0
699	1208	0
700	1208	0
701	1208	0
702	1208	0
703	1208	0
704	1208	0
705	1208	0
706	1208	1
707	1208	0
708	1208	0
709	1208	0
710	1208	0
711	1208	0
712	1208	0
713	1208	0
714	1208	0
715	1208	0
716	1208	1
717	1208	0
718	1208	0
719	1208	0
720	1208	0
722	1208	1
723	1208	0
724	1208	1
725	1208	0
726	1208	0
727	1208	0
729	1208	0
730	1208	0
731	1208	0
732	1208	0
733	1208	0
734	1208	0
735	1208	0
736	1208	0
737	1208	0
738	1208	1
739	1208	0
740	1208	0
741	1208	1
742	1208	0
743	1208	0
744	1208	0
745	1208	0
746	1208	1
747	1208	0
748	1208	0
749	1208	0
750	1208	0
751	1208	0
752	1208	0
753	1208	0
754	1208	0
755	1208	0
756	1208	0
758	1208	0
759	1208	0
760	1208	1
761	1208	0
762	1208	0
764	1208	0
765	1208	1
766	1208	1
767	1208	0
768	1208	1
769	1208	0
770	1208	1
771	1208	0
772	1208	0
773	1208	0
775	1208	0
776	1208	0
777	1208	0
778	1208	0
779	1208	0
780	1208	0
781	1208	0
782	1208	0
783	1208	0
784	1208	0
785	1208	0
786	1208	0
787	1208	0
788	1208	0
789	1208	1
790	1208	0
791	1208	0
792	1208	0
793	1208	0
794	1208	0
795	1208	0
796	1208	0
797	1208	0
798	1208	0
799	1208	0
800	1208	0
801	1208	0
802	1208	0
803	1208	0
804	1208	0
805	1208	0
806	1208	0
807	1208	0
808	1208	0
809	1208	0
810	1208	0
811	1208	1
812	1208	0
814	1208	0
816	1208	0
817	1208	0
818	1208	0
819	1208	0
820	1208	0
822	1208	0
823	1208	0
824	1208	0
825	1208	0
826	1208	0
827	1208	0
829	1208	1
830	1208	1
831	1208	1
832	1208	1
833	1208	1
834	1208	0
835	1208	1
836	1208	0
838	1208	0
839	1208	0
840	1208	0
841	1208	0
842	1208	0
843	1208	0
844	1208	0
845	1208	0
846	1208	0
847	1208	0
848	1208	1
849	1208	0
850	1208	1
851	1208	0
852	1208	0
853	1208	0
854	1208	0
855	1208	0
856	1208	0
857	1208	0
858	1208	0
859	1208	0
860	1208	0
861	1208	0
863	1208	0
864	1208	0
865	1208	0
866	1208	1
867	1208	0
868	1208	0
869	1208	0
870	1208	0
871	1208	0
872	1208	0
873	1208	0
874	1208	0
875	1208	0
876	1208	0
877	1208	0
878	1208	1
880	1208	0
881	1208	0
882	1208	0
883	1208	0
884	1208	0
885	1208	0
886	1208	0
887	1208	0
888	1208	0
889	1208	0
890	1208	0
891	1208	1
892	1208	0
893	1208	0
894	1208	0
895	1208	0
896	1208	1
897	1208	0
898	1208	0
899	1208	0
900	1208	0
901	1208	0
902	1208	1
903	1208	1
904	1208	0
905	1208	0
907	1208	0
908	1208	0
909	1208	0
910	1208	0
911	1208	0
912	1208	0
913	1208	0
914	1208	0
915	1208	0
916	1208	0
917	1208	0
918	1208	0
919	1208	1
920	1208	0
921	1208	0
922	1208	0
923	1208	1
924	1208	0
925	1208	0
926	1208	0
927	1208	0
928	1208	0
929	1208	0
930	1208	0
931	1208	0
933	1208	0
934	1208	0
935	1208	0
936	1208	0
937	1208	0
939	1208	0
940	1208	0
941	1208	0
942	1208	0
943	1208	0
944	1208	0
945	1208	0
946	1208	0
947	1208	0
948	1208	0
949	1208	0
950	1208	0
953	1208	0
954	1208	1
955	1208	0
956	1208	1
957	1208	0
958	1208	0
959	1208	0
960	1208	0
961	1208	0
962	1208	0
963	1208	0
964	1208	0
965	1208	0
966	1208	0
967	1208	1
