0	1041	1
1	1041	0
2	1041	0
3	1041	0
4	1041	0
5	1041	0
6	1041	0
7	1041	0
8	1041	0
9	1041	0
10	1041	0
11	1041	0
12	1041	0
13	1041	0
14	1041	0
15	1041	0
16	1041	0
17	1041	0
18	1041	0
19	1041	1
20	1041	0
21	1041	1
22	1041	1
23	1041	0
24	1041	0
26	1041	0
27	1041	0
28	1041	1
29	1041	0
30	1041	0
31	1041	0
32	1041	1
33	1041	0
34	1041	0
35	1041	0
36	1041	0
37	1041	0
38	1041	0
39	1041	0
40	1041	0
42	1041	0
43	1041	0
44	1041	0
45	1041	0
46	1041	0
47	1041	0
48	1041	1
49	1041	0
50	1041	0
51	1041	1
52	1041	0
53	1041	0
54	1041	0
55	1041	0
56	1041	0
57	1041	0
58	1041	0
59	1041	0
60	1041	0
61	1041	0
62	1041	0
64	1041	0
65	1041	0
66	1041	0
67	1041	0
68	1041	0
69	1041	0
70	1041	0
71	1041	0
72	1041	0
73	1041	0
74	1041	0
75	1041	0
76	1041	0
77	1041	0
78	1041	0
79	1041	0
80	1041	1
81	1041	0
82	1041	0
83	1041	0
84	1041	0
85	1041	1
86	1041	0
87	1041	0
88	1041	0
89	1041	0
90	1041	0
91	1041	1
92	1041	0
93	1041	0
94	1041	0
95	1041	0
96	1041	0
97	1041	0
98	1041	0
99	1041	0
100	1041	0
101	1041	0
102	1041	1
103	1041	0
104	1041	0
105	1041	0
106	1041	0
109	1041	1
111	1041	1
112	1041	1
113	1041	1
114	1041	0
115	1041	0
116	1041	0
117	1041	0
118	1041	0
119	1041	0
120	1041	0
121	1041	0
122	1041	0
123	1041	0
124	1041	0
125	1041	0
130	1041	0
131	1041	0
132	1041	0
133	1041	0
134	1041	0
136	1041	0
137	1041	0
138	1041	0
139	1041	0
141	1041	0
142	1041	0
144	1041	0
146	1041	0
147	1041	0
149	1041	0
150	1041	0
151	1041	0
152	1041	0
153	1041	0
154	1041	0
155	1041	0
156	1041	0
157	1041	0
158	1041	0
159	1041	0
160	1041	0
161	1041	0
162	1041	0
163	1041	0
164	1041	0
165	1041	1
166	1041	0
168	1041	0
169	1041	0
170	1041	0
171	1041	0
172	1041	0
173	1041	0
174	1041	0
175	1041	0
177	1041	0
178	1041	1
179	1041	0
180	1041	0
181	1041	0
182	1041	0
183	1041	1
184	1041	0
187	1041	0
188	1041	0
189	1041	0
190	1041	0
191	1041	1
192	1041	1
193	1041	1
194	1041	1
195	1041	1
196	1041	0
197	1041	1
200	1041	0
201	1041	0
202	1041	0
203	1041	1
204	1041	1
206	1041	0
207	1041	1
208	1041	1
210	1041	0
211	1041	0
212	1041	1
213	1041	0
214	1041	0
216	1041	0
217	1041	0
218	1041	0
219	1041	0
220	1041	0
222	1041	0
223	1041	0
224	1041	1
225	1041	1
226	1041	0
227	1041	1
228	1041	0
229	1041	0
230	1041	0
231	1041	1
232	1041	0
233	1041	0
234	1041	0
235	1041	0
236	1041	0
237	1041	0
238	1041	0
239	1041	0
240	1041	0
241	1041	0
242	1041	0
244	1041	0
245	1041	0
246	1041	0
247	1041	1
248	1041	0
249	1041	0
250	1041	0
251	1041	0
252	1041	0
253	1041	0
254	1041	0
255	1041	0
256	1041	0
258	1041	0
259	1041	1
260	1041	0
261	1041	0
262	1041	0
263	1041	0
264	1041	0
265	1041	0
266	1041	0
267	1041	0
268	1041	0
269	1041	0
270	1041	0
271	1041	0
272	1041	0
273	1041	0
274	1041	0
275	1041	0
276	1041	1
277	1041	0
278	1041	0
279	1041	0
280	1041	0
281	1041	0
282	1041	0
283	1041	0
284	1041	0
285	1041	0
286	1041	1
288	1041	0
289	1041	0
290	1041	0
291	1041	0
292	1041	1
293	1041	0
294	1041	0
295	1041	0
296	1041	0
297	1041	0
298	1041	0
299	1041	0
300	1041	0
301	1041	0
302	1041	0
303	1041	0
304	1041	0
306	1041	0
307	1041	1
308	1041	0
309	1041	0
310	1041	0
311	1041	0
312	1041	0
313	1041	0
314	1041	0
315	1041	0
316	1041	1
317	1041	1
318	1041	0
319	1041	0
320	1041	0
321	1041	0
322	1041	0
323	1041	0
324	1041	0
325	1041	0
326	1041	0
327	1041	0
328	1041	1
329	1041	0
330	1041	0
331	1041	0
333	1041	0
334	1041	0
335	1041	0
336	1041	0
337	1041	0
338	1041	0
339	1041	0
340	1041	0
341	1041	0
342	1041	0
343	1041	0
344	1041	0
346	1041	0
347	1041	0
348	1041	0
349	1041	0
350	1041	0
354	1041	1
355	1041	0
356	1041	0
357	1041	0
358	1041	0
359	1041	0
360	1041	0
361	1041	0
363	1041	0
364	1041	0
365	1041	0
366	1041	0
367	1041	0
368	1041	0
370	1041	0
371	1041	0
372	1041	0
373	1041	0
374	1041	1
377	1041	0
378	1041	0
379	1041	0
380	1041	0
381	1041	0
382	1041	0
383	1041	0
384	1041	0
385	1041	1
386	1041	0
387	1041	0
388	1041	0
390	1041	0
391	1041	0
393	1041	0
394	1041	0
395	1041	0
396	1041	0
397	1041	0
398	1041	1
399	1041	0
400	1041	0
401	1041	0
402	1041	1
403	1041	0
404	1041	0
405	1041	0
406	1041	0
408	1041	0
409	1041	0
410	1041	0
411	1041	0
412	1041	0
413	1041	0
414	1041	0
415	1041	0
416	1041	1
417	1041	0
418	1041	0
419	1041	0
420	1041	0
421	1041	0
422	1041	0
423	1041	0
424	1041	0
425	1041	1
426	1041	0
427	1041	0
428	1041	0
429	1041	0
430	1041	1
431	1041	1
432	1041	0
433	1041	0
434	1041	0
435	1041	1
436	1041	0
437	1041	0
438	1041	1
439	1041	0
440	1041	0
441	1041	0
442	1041	0
443	1041	0
444	1041	0
445	1041	0
446	1041	0
447	1041	0
448	1041	0
449	1041	0
450	1041	1
451	1041	0
452	1041	0
453	1041	1
454	1041	0
455	1041	0
456	1041	0
457	1041	0
458	1041	0
459	1041	0
460	1041	0
461	1041	0
462	1041	0
463	1041	0
464	1041	0
465	1041	0
466	1041	1
467	1041	0
468	1041	0
469	1041	0
470	1041	0
471	1041	0
472	1041	0
473	1041	0
474	1041	0
475	1041	0
476	1041	0
477	1041	0
478	1041	0
480	1041	1
481	1041	0
482	1041	0
483	1041	0
484	1041	0
485	1041	0
486	1041	1
487	1041	0
489	1041	0
490	1041	1
491	1041	0
492	1041	0
493	1041	0
495	1041	0
496	1041	1
497	1041	0
499	1041	0
500	1041	0
501	1041	0
502	1041	0
503	1041	0
505	1041	1
508	1041	0
509	1041	0
510	1041	0
511	1041	0
512	1041	0
513	1041	0
514	1041	0
515	1041	1
516	1041	0
517	1041	0
518	1041	0
519	1041	0
520	1041	1
521	1041	1
522	1041	0
523	1041	0
524	1041	0
525	1041	1
527	1041	0
528	1041	0
529	1041	0
533	1041	0
534	1041	0
536	1041	0
537	1041	0
538	1041	0
540	1041	1
541	1041	0
542	1041	0
543	1041	0
544	1041	0
546	1041	0
547	1041	0
548	1041	0
549	1041	0
550	1041	0
551	1041	1
553	1041	0
554	1041	0
555	1041	0
556	1041	0
557	1041	0
558	1041	0
559	1041	0
560	1041	0
561	1041	0
562	1041	0
563	1041	0
564	1041	0
565	1041	0
566	1041	0
567	1041	0
568	1041	0
569	1041	0
570	1041	0
571	1041	0
572	1041	0
573	1041	0
574	1041	0
575	1041	0
576	1041	0
577	1041	0
578	1041	0
579	1041	0
580	1041	0
582	1041	0
583	1041	0
584	1041	0
585	1041	0
586	1041	1
587	1041	1
588	1041	0
589	1041	0
590	1041	0
592	1041	0
593	1041	0
594	1041	1
595	1041	0
596	1041	0
597	1041	0
598	1041	0
599	1041	0
600	1041	0
601	1041	0
602	1041	0
604	1041	0
605	1041	0
606	1041	0
607	1041	0
608	1041	0
609	1041	1
611	1041	1
612	1041	0
613	1041	0
614	1041	0
615	1041	0
616	1041	0
617	1041	0
618	1041	0
620	1041	0
621	1041	0
622	1041	0
624	1041	0
625	1041	0
626	1041	0
627	1041	0
628	1041	1
630	1041	1
631	1041	0
632	1041	1
633	1041	0
635	1041	0
636	1041	0
637	1041	1
640	1041	0
641	1041	0
642	1041	0
643	1041	0
644	1041	1
645	1041	0
646	1041	1
647	1041	0
648	1041	0
649	1041	0
650	1041	1
651	1041	1
652	1041	0
653	1041	0
654	1041	0
655	1041	0
658	1041	0
659	1041	0
661	1041	0
662	1041	0
663	1041	1
664	1041	0
666	1041	0
667	1041	0
668	1041	0
669	1041	0
670	1041	0
671	1041	0
672	1041	0
673	1041	0
674	1041	0
675	1041	0
676	1041	0
682	1041	0
683	1041	0
685	1041	0
686	1041	0
688	1041	0
689	1041	0
690	1041	0
691	1041	0
692	1041	0
693	1041	0
694	1041	0
695	1041	0
696	1041	0
697	1041	0
698	1041	0
699	1041	0
700	1041	0
701	1041	1
702	1041	1
703	1041	0
704	1041	0
705	1041	0
706	1041	0
707	1041	0
708	1041	0
709	1041	0
710	1041	0
711	1041	0
713	1041	0
714	1041	0
715	1041	0
716	1041	0
717	1041	0
718	1041	1
720	1041	0
721	1041	0
722	1041	0
728	1041	0
730	1041	0
731	1041	1
732	1041	0
733	1041	1
734	1041	0
735	1041	0
736	1041	0
737	1041	0
738	1041	1
739	1041	1
740	1041	0
741	1041	0
742	1041	0
745	1041	0
746	1041	0
747	1041	0
748	1041	0
749	1041	0
750	1041	1
751	1041	0
752	1041	0
753	1041	0
754	1041	0
755	1041	1
756	1041	0
757	1041	0
758	1041	0
759	1041	1
760	1041	0
761	1041	0
762	1041	0
763	1041	0
764	1041	0
765	1041	0
766	1041	0
767	1041	0
768	1041	0
769	1041	0
770	1041	0
771	1041	0
772	1041	0
773	1041	0
775	1041	0
776	1041	1
777	1041	1
778	1041	0
779	1041	1
780	1041	1
783	1041	0
784	1041	0
785	1041	1
786	1041	0
787	1041	0
788	1041	0
789	1041	0
790	1041	1
791	1041	0
794	1041	0
796	1041	0
797	1041	0
798	1041	1
799	1041	0
800	1041	1
801	1041	0
802	1041	0
803	1041	0
804	1041	0
806	1041	0
807	1041	0
808	1041	0
809	1041	0
810	1041	0
811	1041	0
814	1041	0
816	1041	1
817	1041	0
819	1041	0
820	1041	0
821	1041	0
824	1041	1
825	1041	0
827	1041	0
828	1041	0
830	1041	0
831	1041	0
832	1041	0
833	1041	0
834	1041	0
835	1041	0
836	1041	0
837	1041	0
839	1041	0
840	1041	0
841	1041	0
843	1041	0
844	1041	0
845	1041	0
846	1041	0
847	1041	0
848	1041	0
849	1041	0
850	1041	0
851	1041	0
852	1041	0
853	1041	0
854	1041	0
855	1041	0
856	1041	0
857	1041	0
858	1041	0
859	1041	0
860	1041	0
861	1041	0
862	1041	0
863	1041	0
864	1041	1
865	1041	0
866	1041	0
867	1041	0
868	1041	1
869	1041	0
870	1041	0
872	1041	0
873	1041	0
874	1041	0
875	1041	1
876	1041	1
877	1041	0
879	1041	0
880	1041	0
881	1041	0
882	1041	1
883	1041	0
884	1041	0
885	1041	0
886	1041	0
887	1041	0
888	1041	0
889	1041	0
890	1041	0
891	1041	1
892	1041	0
893	1041	0
894	1041	1
895	1041	0
896	1041	0
897	1041	0
898	1041	0
900	1041	0
901	1041	0
902	1041	0
903	1041	0
904	1041	0
905	1041	0
906	1041	0
907	1041	0
908	1041	0
909	1041	0
911	1041	0
912	1041	0
913	1041	1
914	1041	0
916	1041	0
917	1041	0
918	1041	0
919	1041	0
920	1041	0
921	1041	1
922	1041	0
923	1041	0
924	1041	0
925	1041	0
927	1041	0
928	1041	0
930	1041	0
931	1041	0
933	1041	0
934	1041	0
936	1041	0
937	1041	0
939	1041	0
940	1041	0
941	1041	1
942	1041	0
943	1041	0
944	1041	0
945	1041	0
946	1041	0
947	1041	0
948	1041	0
949	1041	0
950	1041	0
952	1041	0
953	1041	0
954	1041	0
955	1041	1
956	1041	0
958	1041	0
961	1041	0
962	1041	1
963	1041	0
964	1041	0
965	1041	0
966	1041	0
967	1041	0
