0	1173	0
1	1173	1
2	1173	0
3	1173	0
4	1173	0
5	1173	0
6	1173	1
7	1173	0
8	1173	1
9	1173	0
10	1173	0
11	1173	0
12	1173	0
13	1173	1
16	1173	0
17	1173	0
18	1173	1
19	1173	1
20	1173	0
21	1173	1
22	1173	1
23	1173	0
24	1173	0
25	1173	1
26	1173	0
27	1173	0
30	1173	1
31	1173	1
32	1173	1
33	1173	1
34	1173	1
36	1173	0
37	1173	0
38	1173	1
39	1173	1
40	1173	0
41	1173	0
42	1173	1
43	1173	1
45	1173	1
46	1173	0
47	1173	1
48	1173	0
49	1173	0
51	1173	0
53	1173	1
54	1173	0
55	1173	0
56	1173	0
58	1173	0
59	1173	0
60	1173	0
61	1173	0
62	1173	0
63	1173	0
64	1173	1
65	1173	0
66	1173	0
67	1173	1
68	1173	1
69	1173	0
70	1173	0
71	1173	0
72	1173	0
74	1173	0
75	1173	0
77	1173	0
78	1173	0
79	1173	0
80	1173	0
81	1173	1
82	1173	1
83	1173	0
84	1173	0
85	1173	0
86	1173	0
87	1173	0
89	1173	0
90	1173	0
91	1173	0
92	1173	0
93	1173	0
94	1173	1
95	1173	1
96	1173	1
97	1173	0
98	1173	0
99	1173	0
100	1173	0
101	1173	1
102	1173	1
103	1173	0
104	1173	0
105	1173	1
106	1173	0
107	1173	0
108	1173	0
109	1173	0
110	1173	1
111	1173	0
112	1173	0
113	1173	0
114	1173	1
115	1173	1
116	1173	0
117	1173	0
118	1173	0
120	1173	0
121	1173	0
124	1173	1
125	1173	0
129	1173	0
130	1173	0
131	1173	0
132	1173	1
133	1173	0
134	1173	0
135	1173	1
136	1173	0
137	1173	1
138	1173	1
139	1173	0
140	1173	1
141	1173	0
142	1173	1
143	1173	0
144	1173	1
145	1173	0
146	1173	1
147	1173	0
148	1173	0
149	1173	0
151	1173	1
152	1173	1
153	1173	1
154	1173	0
155	1173	0
156	1173	0
157	1173	0
158	1173	1
159	1173	0
160	1173	0
162	1173	0
163	1173	0
164	1173	1
165	1173	0
166	1173	0
167	1173	1
168	1173	0
169	1173	0
170	1173	1
171	1173	0
172	1173	0
173	1173	0
174	1173	0
175	1173	0
178	1173	0
179	1173	0
180	1173	0
181	1173	0
182	1173	0
183	1173	0
184	1173	0
185	1173	0
186	1173	1
187	1173	0
188	1173	1
190	1173	0
191	1173	0
192	1173	1
193	1173	1
194	1173	0
195	1173	0
196	1173	0
197	1173	0
198	1173	0
199	1173	0
200	1173	0
201	1173	0
202	1173	0
203	1173	0
204	1173	0
206	1173	0
207	1173	1
208	1173	0
209	1173	0
210	1173	0
211	1173	0
212	1173	1
213	1173	0
214	1173	1
215	1173	0
216	1173	0
217	1173	0
218	1173	0
219	1173	1
221	1173	0
222	1173	0
223	1173	0
224	1173	0
225	1173	0
227	1173	1
228	1173	0
229	1173	0
230	1173	1
232	1173	0
233	1173	0
234	1173	1
235	1173	0
236	1173	1
237	1173	0
239	1173	0
240	1173	1
245	1173	0
246	1173	1
247	1173	0
248	1173	0
249	1173	1
251	1173	0
252	1173	1
253	1173	1
254	1173	0
255	1173	1
256	1173	0
257	1173	0
258	1173	0
259	1173	0
260	1173	0
261	1173	0
262	1173	0
263	1173	0
264	1173	0
265	1173	0
266	1173	0
267	1173	0
268	1173	0
270	1173	0
271	1173	0
272	1173	1
273	1173	0
274	1173	0
275	1173	0
277	1173	0
280	1173	1
281	1173	0
282	1173	0
283	1173	0
284	1173	0
285	1173	0
286	1173	0
287	1173	1
288	1173	0
289	1173	0
290	1173	0
291	1173	0
293	1173	0
295	1173	0
296	1173	0
298	1173	1
302	1173	0
303	1173	1
304	1173	0
305	1173	0
306	1173	0
308	1173	0
310	1173	0
312	1173	1
313	1173	0
314	1173	1
315	1173	0
316	1173	1
317	1173	0
318	1173	0
319	1173	0
321	1173	0
322	1173	0
323	1173	0
324	1173	0
325	1173	0
326	1173	0
327	1173	0
328	1173	1
329	1173	0
330	1173	1
331	1173	0
332	1173	0
333	1173	1
334	1173	0
336	1173	1
337	1173	0
338	1173	0
340	1173	0
341	1173	0
343	1173	1
344	1173	1
345	1173	0
346	1173	0
347	1173	0
348	1173	0
350	1173	0
351	1173	0
352	1173	0
353	1173	0
354	1173	0
355	1173	0
356	1173	0
357	1173	0
358	1173	0
359	1173	0
360	1173	1
361	1173	1
362	1173	0
363	1173	0
364	1173	1
365	1173	0
366	1173	0
367	1173	1
369	1173	1
370	1173	0
371	1173	0
372	1173	0
373	1173	0
374	1173	0
376	1173	0
377	1173	0
378	1173	1
379	1173	0
380	1173	0
381	1173	1
382	1173	0
383	1173	0
384	1173	1
385	1173	0
386	1173	0
387	1173	1
388	1173	0
389	1173	0
391	1173	0
392	1173	0
393	1173	1
394	1173	0
395	1173	1
397	1173	0
398	1173	0
399	1173	0
401	1173	0
402	1173	1
403	1173	0
404	1173	0
405	1173	0
406	1173	0
407	1173	0
408	1173	1
409	1173	0
410	1173	0
412	1173	0
414	1173	0
415	1173	0
416	1173	0
417	1173	0
418	1173	0
420	1173	0
421	1173	0
422	1173	0
423	1173	1
424	1173	1
425	1173	1
426	1173	0
428	1173	1
429	1173	1
430	1173	0
431	1173	0
432	1173	0
433	1173	1
434	1173	0
435	1173	0
436	1173	1
437	1173	1
438	1173	0
439	1173	0
440	1173	0
441	1173	0
442	1173	0
443	1173	1
444	1173	0
445	1173	0
446	1173	1
447	1173	1
448	1173	1
449	1173	0
450	1173	0
452	1173	1
453	1173	0
454	1173	0
455	1173	0
456	1173	0
457	1173	0
458	1173	0
459	1173	0
461	1173	0
462	1173	0
464	1173	1
465	1173	0
466	1173	1
467	1173	0
468	1173	0
469	1173	0
470	1173	0
471	1173	0
472	1173	0
473	1173	0
474	1173	0
475	1173	1
476	1173	0
477	1173	0
478	1173	0
479	1173	1
480	1173	1
481	1173	1
483	1173	0
484	1173	1
485	1173	0
486	1173	1
487	1173	0
488	1173	0
489	1173	0
490	1173	0
491	1173	0
492	1173	0
494	1173	0
496	1173	1
497	1173	0
498	1173	1
499	1173	1
500	1173	0
501	1173	0
502	1173	1
503	1173	1
504	1173	0
505	1173	0
506	1173	1
507	1173	1
508	1173	1
509	1173	0
510	1173	0
511	1173	0
512	1173	0
513	1173	0
514	1173	1
515	1173	0
516	1173	1
517	1173	0
518	1173	1
519	1173	0
520	1173	0
521	1173	0
522	1173	1
523	1173	0
524	1173	0
525	1173	0
526	1173	1
527	1173	1
528	1173	0
529	1173	0
530	1173	0
531	1173	0
533	1173	0
534	1173	0
535	1173	0
536	1173	0
538	1173	0
539	1173	0
540	1173	0
541	1173	0
542	1173	0
543	1173	0
544	1173	0
545	1173	0
546	1173	1
547	1173	0
550	1173	0
551	1173	0
553	1173	0
555	1173	0
556	1173	0
557	1173	0
558	1173	1
560	1173	0
561	1173	0
562	1173	0
563	1173	0
565	1173	0
566	1173	0
567	1173	0
568	1173	0
569	1173	0
571	1173	1
574	1173	0
575	1173	0
576	1173	0
577	1173	0
579	1173	0
580	1173	0
581	1173	0
582	1173	1
583	1173	1
584	1173	0
585	1173	0
586	1173	0
588	1173	0
589	1173	0
591	1173	0
593	1173	0
595	1173	1
596	1173	0
597	1173	0
598	1173	0
599	1173	0
600	1173	0
601	1173	0
602	1173	0
604	1173	1
606	1173	0
607	1173	0
608	1173	0
609	1173	1
612	1173	0
613	1173	0
614	1173	0
615	1173	0
616	1173	0
617	1173	0
618	1173	0
619	1173	0
620	1173	0
621	1173	0
622	1173	0
624	1173	0
625	1173	0
627	1173	0
628	1173	0
630	1173	1
632	1173	0
633	1173	0
634	1173	0
635	1173	0
636	1173	0
637	1173	0
638	1173	1
639	1173	0
640	1173	0
641	1173	0
642	1173	0
643	1173	1
644	1173	1
645	1173	1
646	1173	1
648	1173	0
649	1173	1
650	1173	0
652	1173	1
653	1173	0
654	1173	1
655	1173	0
656	1173	0
657	1173	0
658	1173	0
659	1173	0
660	1173	0
661	1173	1
662	1173	1
663	1173	1
664	1173	1
665	1173	1
666	1173	0
667	1173	0
668	1173	1
669	1173	0
670	1173	0
671	1173	0
672	1173	1
673	1173	0
674	1173	1
675	1173	0
676	1173	0
677	1173	0
678	1173	0
679	1173	0
680	1173	0
681	1173	0
682	1173	0
683	1173	0
684	1173	0
685	1173	0
686	1173	1
687	1173	1
688	1173	0
689	1173	1
690	1173	1
691	1173	0
692	1173	1
693	1173	0
694	1173	0
695	1173	1
696	1173	0
698	1173	0
699	1173	0
700	1173	0
702	1173	0
703	1173	0
704	1173	0
705	1173	0
706	1173	0
707	1173	0
709	1173	0
710	1173	0
711	1173	0
712	1173	0
713	1173	0
714	1173	0
717	1173	0
718	1173	0
719	1173	0
720	1173	0
721	1173	1
722	1173	1
723	1173	1
724	1173	0
725	1173	0
726	1173	1
727	1173	1
728	1173	0
729	1173	1
730	1173	0
732	1173	1
733	1173	0
734	1173	0
735	1173	0
736	1173	0
737	1173	1
738	1173	0
739	1173	1
740	1173	0
741	1173	1
742	1173	0
745	1173	0
746	1173	0
747	1173	0
748	1173	0
749	1173	1
750	1173	1
752	1173	0
753	1173	1
754	1173	0
755	1173	0
756	1173	0
757	1173	0
758	1173	0
759	1173	1
760	1173	0
761	1173	0
762	1173	0
765	1173	0
766	1173	0
767	1173	0
768	1173	0
769	1173	0
770	1173	0
771	1173	0
772	1173	1
773	1173	1
775	1173	0
776	1173	0
777	1173	0
778	1173	1
779	1173	1
780	1173	0
781	1173	0
782	1173	0
783	1173	1
784	1173	0
785	1173	0
786	1173	0
787	1173	0
789	1173	0
790	1173	0
791	1173	0
792	1173	0
793	1173	1
794	1173	0
795	1173	0
796	1173	0
797	1173	0
799	1173	0
800	1173	1
801	1173	0
802	1173	1
803	1173	0
804	1173	0
805	1173	1
806	1173	0
807	1173	0
808	1173	1
810	1173	0
811	1173	1
814	1173	0
816	1173	0
818	1173	1
819	1173	0
820	1173	0
822	1173	0
823	1173	0
824	1173	0
825	1173	0
826	1173	0
827	1173	0
829	1173	0
830	1173	0
831	1173	0
832	1173	1
833	1173	0
834	1173	0
835	1173	0
836	1173	1
837	1173	1
838	1173	0
839	1173	1
840	1173	0
843	1173	0
844	1173	0
845	1173	0
848	1173	0
849	1173	0
850	1173	0
852	1173	1
853	1173	0
854	1173	0
855	1173	0
856	1173	0
857	1173	1
860	1173	1
861	1173	0
862	1173	1
863	1173	0
864	1173	1
866	1173	0
867	1173	0
868	1173	0
869	1173	0
870	1173	0
871	1173	0
872	1173	0
873	1173	0
874	1173	0
875	1173	0
876	1173	0
877	1173	0
878	1173	0
880	1173	0
881	1173	0
882	1173	0
883	1173	0
884	1173	0
885	1173	0
887	1173	0
888	1173	0
889	1173	0
890	1173	0
891	1173	0
892	1173	1
893	1173	1
894	1173	0
895	1173	0
896	1173	0
897	1173	0
899	1173	0
900	1173	0
901	1173	0
902	1173	0
904	1173	1
905	1173	1
907	1173	0
910	1173	0
911	1173	1
912	1173	1
913	1173	0
914	1173	1
915	1173	0
916	1173	0
917	1173	0
918	1173	1
919	1173	0
921	1173	1
922	1173	1
923	1173	0
924	1173	0
925	1173	0
926	1173	0
927	1173	0
928	1173	1
929	1173	0
931	1173	1
933	1173	0
934	1173	0
935	1173	0
936	1173	0
937	1173	1
938	1173	1
939	1173	0
940	1173	0
941	1173	1
942	1173	1
943	1173	1
944	1173	1
945	1173	1
946	1173	1
948	1173	0
949	1173	1
950	1173	0
952	1173	1
953	1173	1
954	1173	1
955	1173	1
956	1173	1
957	1173	0
958	1173	1
959	1173	1
960	1173	1
961	1173	0
962	1173	1
963	1173	1
964	1173	1
965	1173	1
966	1173	1
967	1173	1
