1	1221	0
2	1221	0
3	1221	0
4	1221	1
5	1221	0
6	1221	0
8	1221	0
9	1221	0
10	1221	0
11	1221	1
12	1221	1
13	1221	1
14	1221	0
16	1221	0
17	1221	1
18	1221	1
19	1221	1
20	1221	0
21	1221	0
23	1221	0
24	1221	0
25	1221	1
26	1221	0
27	1221	0
28	1221	0
29	1221	1
31	1221	0
32	1221	0
33	1221	0
34	1221	0
35	1221	0
36	1221	0
37	1221	1
38	1221	1
39	1221	0
41	1221	0
42	1221	1
43	1221	1
44	1221	1
45	1221	0
46	1221	1
47	1221	0
48	1221	0
49	1221	1
50	1221	0
51	1221	1
52	1221	0
53	1221	1
54	1221	0
55	1221	0
56	1221	1
58	1221	1
59	1221	0
60	1221	0
61	1221	0
62	1221	0
63	1221	0
64	1221	0
65	1221	1
66	1221	1
67	1221	0
68	1221	1
69	1221	1
70	1221	0
71	1221	0
72	1221	1
73	1221	0
74	1221	0
75	1221	0
77	1221	1
78	1221	1
79	1221	1
80	1221	1
81	1221	0
82	1221	0
83	1221	1
84	1221	0
85	1221	0
86	1221	0
87	1221	1
88	1221	0
89	1221	1
91	1221	1
92	1221	0
93	1221	0
94	1221	0
95	1221	0
96	1221	0
97	1221	0
98	1221	1
99	1221	0
100	1221	1
101	1221	0
102	1221	1
103	1221	1
104	1221	0
105	1221	0
106	1221	1
107	1221	1
108	1221	1
109	1221	0
110	1221	0
111	1221	1
112	1221	0
113	1221	0
114	1221	1
115	1221	1
116	1221	0
117	1221	0
118	1221	1
119	1221	1
120	1221	0
121	1221	0
122	1221	1
123	1221	1
124	1221	0
125	1221	0
128	1221	0
129	1221	0
130	1221	0
131	1221	0
132	1221	1
133	1221	1
134	1221	0
135	1221	0
136	1221	0
137	1221	0
138	1221	0
139	1221	0
140	1221	0
141	1221	1
142	1221	0
143	1221	0
144	1221	0
145	1221	0
146	1221	1
147	1221	0
148	1221	1
150	1221	0
151	1221	0
152	1221	0
153	1221	0
154	1221	0
155	1221	0
156	1221	0
157	1221	0
158	1221	1
159	1221	0
161	1221	0
162	1221	0
163	1221	1
165	1221	1
166	1221	0
167	1221	0
168	1221	0
169	1221	1
170	1221	1
171	1221	0
172	1221	0
173	1221	1
174	1221	1
175	1221	1
177	1221	0
178	1221	0
179	1221	1
180	1221	1
181	1221	0
182	1221	0
183	1221	0
184	1221	1
185	1221	1
186	1221	1
187	1221	0
188	1221	1
189	1221	1
190	1221	1
191	1221	0
192	1221	0
193	1221	0
194	1221	0
195	1221	0
196	1221	0
197	1221	0
198	1221	0
199	1221	0
200	1221	0
201	1221	0
202	1221	0
203	1221	0
204	1221	0
206	1221	0
207	1221	0
208	1221	0
209	1221	0
210	1221	0
211	1221	0
212	1221	0
214	1221	0
215	1221	0
216	1221	0
217	1221	0
218	1221	0
219	1221	1
220	1221	1
221	1221	0
222	1221	1
223	1221	0
224	1221	0
226	1221	0
227	1221	0
228	1221	0
230	1221	0
231	1221	0
232	1221	0
233	1221	1
234	1221	1
235	1221	0
236	1221	0
237	1221	0
238	1221	0
239	1221	0
240	1221	1
241	1221	0
242	1221	0
243	1221	0
244	1221	0
245	1221	0
246	1221	1
247	1221	1
248	1221	0
249	1221	0
250	1221	0
252	1221	0
253	1221	0
254	1221	0
255	1221	0
256	1221	1
257	1221	0
258	1221	1
259	1221	1
260	1221	0
261	1221	0
262	1221	1
263	1221	0
264	1221	0
265	1221	0
266	1221	0
267	1221	0
268	1221	0
270	1221	0
271	1221	0
272	1221	0
273	1221	0
274	1221	0
275	1221	0
277	1221	0
278	1221	0
280	1221	1
281	1221	0
282	1221	1
283	1221	0
284	1221	0
285	1221	0
286	1221	1
287	1221	1
288	1221	0
289	1221	0
290	1221	0
291	1221	0
292	1221	1
293	1221	1
294	1221	1
295	1221	0
296	1221	1
297	1221	1
298	1221	0
300	1221	1
301	1221	0
302	1221	0
303	1221	1
304	1221	0
305	1221	0
306	1221	0
307	1221	0
308	1221	0
309	1221	1
310	1221	0
311	1221	0
312	1221	1
313	1221	0
314	1221	0
315	1221	0
316	1221	1
317	1221	1
318	1221	0
320	1221	1
321	1221	1
322	1221	0
323	1221	1
324	1221	0
325	1221	0
326	1221	1
328	1221	0
329	1221	0
331	1221	1
332	1221	0
333	1221	1
334	1221	1
336	1221	0
337	1221	1
338	1221	1
339	1221	0
340	1221	0
341	1221	0
342	1221	0
343	1221	0
344	1221	0
345	1221	0
346	1221	1
347	1221	0
348	1221	0
349	1221	0
350	1221	1
351	1221	1
352	1221	1
353	1221	0
355	1221	1
356	1221	1
357	1221	0
358	1221	0
359	1221	0
360	1221	0
361	1221	0
362	1221	0
363	1221	1
364	1221	0
365	1221	1
366	1221	1
367	1221	1
368	1221	1
369	1221	0
370	1221	0
371	1221	0
372	1221	0
373	1221	0
374	1221	1
375	1221	1
376	1221	0
377	1221	0
378	1221	0
379	1221	0
380	1221	0
381	1221	0
382	1221	0
383	1221	0
384	1221	0
385	1221	0
386	1221	1
388	1221	0
389	1221	0
391	1221	0
392	1221	1
393	1221	0
394	1221	1
395	1221	0
396	1221	1
397	1221	0
398	1221	1
399	1221	0
400	1221	0
401	1221	0
402	1221	1
403	1221	1
404	1221	1
405	1221	0
406	1221	0
407	1221	0
408	1221	0
410	1221	0
411	1221	0
412	1221	1
413	1221	0
415	1221	0
416	1221	0
417	1221	0
418	1221	0
419	1221	0
420	1221	0
421	1221	0
422	1221	0
423	1221	0
424	1221	0
425	1221	0
426	1221	1
427	1221	1
428	1221	1
429	1221	1
430	1221	0
431	1221	0
432	1221	0
433	1221	0
434	1221	0
435	1221	0
436	1221	0
437	1221	0
438	1221	1
439	1221	0
440	1221	0
441	1221	1
442	1221	0
443	1221	0
444	1221	0
445	1221	0
446	1221	0
447	1221	1
448	1221	1
449	1221	0
450	1221	1
451	1221	0
452	1221	1
453	1221	1
454	1221	1
455	1221	0
456	1221	0
457	1221	0
458	1221	0
459	1221	0
460	1221	0
461	1221	0
462	1221	0
463	1221	1
464	1221	0
465	1221	0
466	1221	0
467	1221	0
468	1221	1
469	1221	0
470	1221	0
471	1221	0
472	1221	0
473	1221	0
474	1221	0
475	1221	1
476	1221	0
477	1221	0
478	1221	1
479	1221	1
480	1221	1
481	1221	0
482	1221	1
483	1221	0
484	1221	0
485	1221	0
486	1221	1
487	1221	0
488	1221	0
489	1221	0
490	1221	1
493	1221	1
494	1221	0
495	1221	0
497	1221	0
499	1221	1
500	1221	0
501	1221	0
502	1221	1
503	1221	1
504	1221	0
506	1221	1
507	1221	0
508	1221	0
509	1221	0
510	1221	0
511	1221	0
512	1221	0
513	1221	0
514	1221	1
515	1221	1
516	1221	1
517	1221	1
518	1221	0
519	1221	0
520	1221	1
521	1221	0
522	1221	0
523	1221	1
524	1221	0
525	1221	0
526	1221	0
527	1221	1
529	1221	0
530	1221	0
531	1221	0
533	1221	0
534	1221	0
535	1221	0
536	1221	0
537	1221	1
538	1221	0
539	1221	0
540	1221	1
541	1221	0
542	1221	1
543	1221	0
544	1221	0
545	1221	0
546	1221	0
547	1221	1
548	1221	0
549	1221	0
550	1221	0
551	1221	0
553	1221	0
554	1221	1
555	1221	0
556	1221	0
557	1221	0
558	1221	0
560	1221	0
561	1221	0
562	1221	0
563	1221	1
564	1221	0
565	1221	0
566	1221	0
567	1221	0
568	1221	0
569	1221	0
570	1221	1
571	1221	0
572	1221	0
574	1221	1
575	1221	0
576	1221	0
577	1221	1
578	1221	0
579	1221	1
581	1221	0
582	1221	0
583	1221	1
584	1221	0
585	1221	0
586	1221	0
587	1221	1
588	1221	0
589	1221	0
590	1221	0
591	1221	0
593	1221	0
595	1221	0
596	1221	1
597	1221	1
598	1221	0
599	1221	1
600	1221	0
601	1221	0
602	1221	0
604	1221	0
605	1221	1
606	1221	1
607	1221	0
608	1221	0
609	1221	1
611	1221	0
612	1221	0
614	1221	0
615	1221	0
616	1221	0
617	1221	0
618	1221	0
619	1221	0
621	1221	0
622	1221	0
624	1221	0
625	1221	0
626	1221	1
627	1221	0
628	1221	1
630	1221	1
632	1221	0
633	1221	0
634	1221	0
635	1221	0
636	1221	0
637	1221	0
638	1221	1
639	1221	0
640	1221	0
641	1221	0
642	1221	0
645	1221	1
646	1221	0
647	1221	0
648	1221	0
651	1221	0
652	1221	0
653	1221	1
654	1221	1
655	1221	0
656	1221	0
657	1221	1
658	1221	0
659	1221	0
660	1221	0
661	1221	1
662	1221	1
663	1221	1
664	1221	0
666	1221	0
667	1221	0
668	1221	1
669	1221	0
670	1221	1
671	1221	0
672	1221	1
673	1221	0
674	1221	0
675	1221	1
676	1221	0
677	1221	0
678	1221	0
679	1221	1
680	1221	1
681	1221	1
682	1221	0
683	1221	1
684	1221	1
685	1221	0
686	1221	0
687	1221	0
688	1221	0
689	1221	1
690	1221	0
691	1221	0
692	1221	0
694	1221	0
696	1221	1
697	1221	1
698	1221	1
699	1221	1
701	1221	0
702	1221	1
703	1221	0
704	1221	0
705	1221	0
706	1221	1
707	1221	0
708	1221	1
709	1221	1
710	1221	0
711	1221	1
712	1221	1
713	1221	0
715	1221	0
716	1221	1
717	1221	1
718	1221	1
720	1221	0
721	1221	0
722	1221	0
723	1221	0
724	1221	0
725	1221	0
726	1221	1
727	1221	0
728	1221	0
729	1221	0
730	1221	1
731	1221	1
732	1221	0
733	1221	0
734	1221	0
735	1221	1
736	1221	0
737	1221	0
738	1221	0
739	1221	0
740	1221	1
741	1221	1
742	1221	0
743	1221	1
744	1221	1
745	1221	0
747	1221	0
748	1221	0
749	1221	0
750	1221	0
751	1221	0
752	1221	0
753	1221	1
754	1221	1
755	1221	0
756	1221	1
757	1221	1
758	1221	0
759	1221	0
760	1221	0
761	1221	1
762	1221	1
764	1221	0
765	1221	1
766	1221	1
767	1221	0
768	1221	0
769	1221	0
770	1221	0
771	1221	1
772	1221	1
773	1221	0
775	1221	0
777	1221	0
778	1221	0
779	1221	1
780	1221	0
781	1221	0
782	1221	1
783	1221	1
784	1221	1
785	1221	0
786	1221	1
787	1221	1
788	1221	1
789	1221	1
790	1221	1
791	1221	1
792	1221	0
794	1221	1
795	1221	0
796	1221	0
797	1221	1
798	1221	0
799	1221	0
800	1221	0
801	1221	0
802	1221	0
803	1221	0
804	1221	0
805	1221	1
806	1221	0
807	1221	0
808	1221	0
809	1221	0
810	1221	0
811	1221	1
812	1221	0
814	1221	0
816	1221	0
817	1221	0
818	1221	1
819	1221	1
820	1221	0
822	1221	0
823	1221	0
824	1221	1
825	1221	0
826	1221	0
827	1221	0
829	1221	0
830	1221	0
831	1221	0
832	1221	1
833	1221	0
834	1221	0
835	1221	0
836	1221	1
838	1221	0
839	1221	0
840	1221	0
841	1221	0
842	1221	1
843	1221	1
844	1221	0
845	1221	0
846	1221	1
847	1221	0
848	1221	0
849	1221	1
850	1221	0
851	1221	0
852	1221	1
853	1221	1
854	1221	1
855	1221	0
856	1221	1
858	1221	0
859	1221	1
860	1221	1
861	1221	0
862	1221	1
863	1221	0
864	1221	1
866	1221	0
867	1221	0
868	1221	0
869	1221	0
870	1221	0
871	1221	0
872	1221	0
873	1221	0
874	1221	0
875	1221	0
876	1221	1
877	1221	0
878	1221	1
880	1221	0
881	1221	0
882	1221	1
883	1221	0
884	1221	0
885	1221	0
886	1221	0
887	1221	0
888	1221	0
889	1221	0
890	1221	1
891	1221	0
892	1221	1
893	1221	0
894	1221	0
895	1221	0
896	1221	1
897	1221	0
898	1221	1
899	1221	0
900	1221	0
901	1221	1
902	1221	1
903	1221	0
904	1221	1
905	1221	1
907	1221	0
908	1221	0
909	1221	0
910	1221	0
911	1221	0
912	1221	0
913	1221	0
915	1221	0
916	1221	0
917	1221	0
918	1221	1
919	1221	0
920	1221	0
921	1221	1
922	1221	1
923	1221	0
924	1221	0
925	1221	1
926	1221	0
927	1221	0
928	1221	0
929	1221	0
930	1221	1
931	1221	0
933	1221	1
935	1221	0
936	1221	0
937	1221	0
939	1221	0
940	1221	0
941	1221	0
942	1221	0
943	1221	1
944	1221	0
945	1221	0
946	1221	0
947	1221	0
948	1221	0
949	1221	0
953	1221	0
955	1221	1
957	1221	0
958	1221	0
959	1221	0
960	1221	0
961	1221	0
962	1221	0
963	1221	0
964	1221	0
965	1221	0
966	1221	0
967	1221	0
