0	1195	0
1	1195	0
2	1195	0
3	1195	0
4	1195	1
5	1195	0
6	1195	0
7	1195	0
8	1195	1
9	1195	0
10	1195	0
11	1195	0
12	1195	0
13	1195	1
14	1195	0
15	1195	0
16	1195	0
17	1195	0
18	1195	0
19	1195	1
20	1195	0
21	1195	0
22	1195	0
23	1195	0
24	1195	0
25	1195	1
26	1195	0
28	1195	0
29	1195	0
30	1195	1
31	1195	0
33	1195	0
34	1195	0
35	1195	0
36	1195	0
37	1195	1
38	1195	0
39	1195	0
40	1195	0
41	1195	0
42	1195	0
43	1195	0
44	1195	0
45	1195	0
46	1195	0
47	1195	0
48	1195	1
49	1195	0
50	1195	0
51	1195	0
52	1195	0
53	1195	1
54	1195	0
55	1195	0
56	1195	0
58	1195	0
59	1195	0
60	1195	0
61	1195	0
62	1195	0
63	1195	0
64	1195	0
65	1195	0
66	1195	1
67	1195	0
68	1195	0
69	1195	0
70	1195	0
71	1195	0
72	1195	1
73	1195	0
74	1195	0
75	1195	0
77	1195	0
78	1195	0
79	1195	0
80	1195	0
81	1195	0
82	1195	0
83	1195	0
84	1195	0
85	1195	0
86	1195	0
87	1195	0
88	1195	0
89	1195	0
90	1195	0
91	1195	0
92	1195	0
93	1195	0
94	1195	0
95	1195	0
96	1195	0
97	1195	0
98	1195	0
99	1195	0
100	1195	1
101	1195	0
102	1195	0
104	1195	0
105	1195	0
106	1195	0
107	1195	0
108	1195	0
109	1195	0
110	1195	0
111	1195	0
112	1195	0
113	1195	0
114	1195	0
115	1195	0
116	1195	0
117	1195	0
119	1195	0
120	1195	0
122	1195	0
123	1195	0
124	1195	0
125	1195	0
129	1195	0
130	1195	0
131	1195	0
132	1195	1
133	1195	0
134	1195	0
135	1195	0
136	1195	0
137	1195	0
138	1195	0
139	1195	0
140	1195	0
141	1195	0
142	1195	0
143	1195	0
144	1195	0
145	1195	0
146	1195	0
147	1195	0
148	1195	1
149	1195	0
150	1195	0
151	1195	0
153	1195	0
154	1195	0
155	1195	0
156	1195	0
157	1195	0
158	1195	0
159	1195	1
160	1195	1
161	1195	0
162	1195	0
163	1195	0
165	1195	0
166	1195	0
167	1195	0
168	1195	0
169	1195	0
170	1195	0
171	1195	0
172	1195	0
173	1195	1
174	1195	0
175	1195	0
177	1195	0
178	1195	0
179	1195	1
180	1195	0
181	1195	0
182	1195	0
183	1195	0
184	1195	0
185	1195	0
186	1195	0
187	1195	0
188	1195	0
189	1195	0
190	1195	0
191	1195	0
193	1195	0
194	1195	0
195	1195	0
196	1195	0
197	1195	0
198	1195	0
200	1195	0
201	1195	0
202	1195	0
203	1195	0
204	1195	0
206	1195	0
207	1195	0
208	1195	0
209	1195	0
210	1195	0
211	1195	0
212	1195	0
213	1195	0
214	1195	0
215	1195	0
216	1195	0
217	1195	0
218	1195	0
219	1195	0
221	1195	0
222	1195	0
223	1195	0
224	1195	0
225	1195	0
226	1195	0
227	1195	0
228	1195	0
229	1195	0
230	1195	0
231	1195	0
232	1195	0
233	1195	0
234	1195	0
235	1195	0
236	1195	0
237	1195	0
238	1195	0
239	1195	0
240	1195	0
241	1195	0
242	1195	0
243	1195	0
244	1195	0
245	1195	0
246	1195	0
247	1195	0
248	1195	0
249	1195	0
250	1195	0
251	1195	0
252	1195	0
253	1195	0
254	1195	0
255	1195	0
256	1195	0
257	1195	0
258	1195	0
259	1195	0
261	1195	0
262	1195	0
263	1195	0
264	1195	0
265	1195	0
266	1195	0
267	1195	0
268	1195	0
270	1195	0
271	1195	0
272	1195	0
273	1195	0
274	1195	0
275	1195	0
276	1195	0
277	1195	0
278	1195	0
279	1195	0
280	1195	1
281	1195	0
282	1195	0
283	1195	0
284	1195	0
285	1195	0
286	1195	0
287	1195	0
288	1195	0
289	1195	0
290	1195	0
291	1195	0
292	1195	0
293	1195	0
294	1195	0
295	1195	0
296	1195	0
297	1195	0
298	1195	1
299	1195	0
300	1195	0
302	1195	1
303	1195	0
304	1195	0
305	1195	0
306	1195	0
307	1195	0
309	1195	0
310	1195	0
311	1195	0
312	1195	1
313	1195	0
314	1195	0
315	1195	0
316	1195	0
317	1195	0
318	1195	0
319	1195	0
320	1195	0
321	1195	0
322	1195	0
323	1195	1
324	1195	0
325	1195	0
326	1195	0
327	1195	0
328	1195	1
329	1195	0
330	1195	0
331	1195	0
332	1195	0
333	1195	1
334	1195	0
335	1195	0
336	1195	0
337	1195	0
338	1195	0
339	1195	0
340	1195	0
341	1195	0
342	1195	0
343	1195	1
344	1195	0
345	1195	0
346	1195	1
347	1195	0
348	1195	0
349	1195	0
350	1195	0
351	1195	0
352	1195	0
353	1195	0
354	1195	0
355	1195	0
356	1195	0
357	1195	0
358	1195	0
359	1195	0
360	1195	0
361	1195	0
362	1195	0
363	1195	0
364	1195	0
365	1195	1
366	1195	0
367	1195	0
368	1195	0
369	1195	0
370	1195	0
371	1195	0
372	1195	0
373	1195	0
374	1195	0
375	1195	0
376	1195	0
378	1195	0
379	1195	1
380	1195	0
381	1195	0
382	1195	0
383	1195	0
384	1195	0
385	1195	0
386	1195	0
387	1195	0
388	1195	0
389	1195	0
390	1195	0
391	1195	0
392	1195	0
393	1195	0
394	1195	0
396	1195	0
397	1195	0
398	1195	0
399	1195	0
400	1195	0
402	1195	0
403	1195	0
404	1195	0
405	1195	0
406	1195	0
407	1195	0
408	1195	0
409	1195	0
410	1195	0
411	1195	0
412	1195	0
413	1195	0
414	1195	0
416	1195	0
417	1195	0
418	1195	0
419	1195	0
420	1195	0
421	1195	0
422	1195	0
423	1195	0
424	1195	0
425	1195	0
426	1195	0
427	1195	0
428	1195	0
429	1195	0
430	1195	0
431	1195	0
432	1195	0
433	1195	0
434	1195	0
435	1195	0
436	1195	0
437	1195	0
438	1195	0
439	1195	0
440	1195	0
441	1195	0
443	1195	0
444	1195	0
445	1195	0
446	1195	0
448	1195	0
449	1195	0
450	1195	0
451	1195	0
452	1195	0
453	1195	0
454	1195	0
455	1195	0
456	1195	0
457	1195	0
458	1195	0
459	1195	0
460	1195	0
461	1195	0
462	1195	0
463	1195	0
464	1195	0
465	1195	0
466	1195	0
467	1195	0
468	1195	1
470	1195	0
472	1195	0
474	1195	1
475	1195	0
476	1195	0
477	1195	1
478	1195	0
479	1195	1
480	1195	0
481	1195	1
482	1195	0
483	1195	0
484	1195	1
485	1195	0
486	1195	0
487	1195	0
488	1195	0
489	1195	0
490	1195	0
491	1195	0
492	1195	0
493	1195	0
494	1195	0
495	1195	0
496	1195	0
497	1195	0
498	1195	0
500	1195	0
501	1195	0
502	1195	0
503	1195	0
504	1195	0
505	1195	0
506	1195	0
507	1195	0
508	1195	0
509	1195	0
510	1195	0
511	1195	0
512	1195	0
513	1195	0
514	1195	1
515	1195	0
516	1195	0
517	1195	0
518	1195	0
519	1195	0
520	1195	0
521	1195	0
522	1195	0
523	1195	0
524	1195	0
525	1195	1
526	1195	0
527	1195	0
528	1195	0
529	1195	1
530	1195	1
531	1195	0
533	1195	0
534	1195	0
536	1195	0
537	1195	0
538	1195	0
539	1195	0
540	1195	0
541	1195	0
542	1195	0
543	1195	0
544	1195	0
545	1195	0
546	1195	1
547	1195	0
548	1195	0
549	1195	1
550	1195	0
551	1195	0
552	1195	0
553	1195	0
554	1195	0
555	1195	0
556	1195	0
557	1195	0
558	1195	0
559	1195	0
560	1195	0
561	1195	0
562	1195	0
563	1195	0
564	1195	0
565	1195	0
566	1195	0
567	1195	0
568	1195	0
569	1195	0
570	1195	0
571	1195	1
572	1195	0
573	1195	0
574	1195	0
575	1195	0
576	1195	0
577	1195	0
578	1195	0
579	1195	0
580	1195	0
581	1195	0
582	1195	0
583	1195	0
584	1195	0
585	1195	0
586	1195	0
587	1195	0
588	1195	0
589	1195	0
590	1195	0
591	1195	0
593	1195	0
595	1195	0
596	1195	0
597	1195	0
598	1195	0
599	1195	0
600	1195	0
601	1195	0
602	1195	0
604	1195	0
605	1195	0
606	1195	0
607	1195	0
608	1195	0
609	1195	0
611	1195	0
612	1195	0
613	1195	0
614	1195	0
615	1195	0
616	1195	0
617	1195	0
618	1195	0
619	1195	0
620	1195	0
621	1195	0
622	1195	0
624	1195	0
625	1195	0
626	1195	0
627	1195	0
628	1195	0
630	1195	0
632	1195	0
633	1195	0
634	1195	0
636	1195	1
637	1195	0
638	1195	0
639	1195	0
640	1195	0
641	1195	0
642	1195	0
643	1195	1
644	1195	0
645	1195	0
646	1195	0
647	1195	0
648	1195	0
649	1195	0
650	1195	0
651	1195	1
652	1195	0
653	1195	0
654	1195	0
655	1195	0
656	1195	0
657	1195	0
658	1195	0
659	1195	0
660	1195	0
661	1195	0
662	1195	0
663	1195	0
664	1195	0
665	1195	1
666	1195	0
667	1195	0
668	1195	0
669	1195	0
670	1195	0
671	1195	0
672	1195	0
673	1195	0
674	1195	0
675	1195	0
676	1195	0
677	1195	0
678	1195	0
679	1195	0
680	1195	0
681	1195	0
682	1195	0
683	1195	0
684	1195	0
685	1195	0
686	1195	0
687	1195	1
688	1195	0
689	1195	0
690	1195	0
691	1195	0
692	1195	0
693	1195	0
694	1195	0
695	1195	1
696	1195	0
697	1195	0
698	1195	0
699	1195	0
700	1195	0
701	1195	0
702	1195	0
703	1195	0
704	1195	0
705	1195	0
706	1195	0
707	1195	0
708	1195	0
709	1195	0
710	1195	0
711	1195	0
712	1195	0
713	1195	0
715	1195	0
716	1195	0
717	1195	0
718	1195	0
719	1195	0
720	1195	0
721	1195	0
722	1195	0
723	1195	0
724	1195	0
725	1195	0
726	1195	0
727	1195	0
728	1195	0
729	1195	0
730	1195	0
731	1195	0
732	1195	0
733	1195	0
734	1195	0
735	1195	1
736	1195	0
737	1195	0
738	1195	0
739	1195	0
740	1195	0
741	1195	1
742	1195	0
745	1195	0
746	1195	0
747	1195	0
748	1195	0
749	1195	0
750	1195	0
751	1195	0
752	1195	0
753	1195	0
754	1195	0
755	1195	0
756	1195	1
757	1195	0
758	1195	0
759	1195	1
760	1195	0
761	1195	0
762	1195	0
764	1195	0
765	1195	0
766	1195	0
767	1195	0
768	1195	1
769	1195	0
770	1195	0
771	1195	0
772	1195	0
773	1195	0
776	1195	1
777	1195	0
778	1195	0
779	1195	0
780	1195	0
781	1195	0
782	1195	0
783	1195	0
784	1195	1
785	1195	0
786	1195	0
787	1195	0
788	1195	0
789	1195	0
790	1195	0
791	1195	1
792	1195	0
793	1195	0
794	1195	0
795	1195	0
796	1195	0
797	1195	0
798	1195	1
800	1195	0
801	1195	0
803	1195	1
804	1195	0
805	1195	0
806	1195	0
807	1195	0
808	1195	0
809	1195	0
810	1195	1
811	1195	1
814	1195	0
816	1195	0
818	1195	0
819	1195	0
820	1195	0
822	1195	0
823	1195	0
824	1195	0
825	1195	0
826	1195	0
827	1195	0
829	1195	0
830	1195	0
831	1195	0
832	1195	0
833	1195	0
834	1195	0
835	1195	0
836	1195	0
837	1195	0
838	1195	0
839	1195	0
840	1195	0
841	1195	0
842	1195	0
843	1195	0
844	1195	1
845	1195	0
846	1195	0
847	1195	0
848	1195	0
849	1195	0
850	1195	0
851	1195	0
852	1195	0
853	1195	0
854	1195	0
855	1195	0
856	1195	1
857	1195	0
858	1195	0
859	1195	1
860	1195	0
861	1195	0
862	1195	0
863	1195	0
864	1195	0
865	1195	0
866	1195	0
867	1195	0
868	1195	0
869	1195	0
870	1195	0
871	1195	0
872	1195	0
873	1195	0
874	1195	0
875	1195	0
876	1195	0
877	1195	0
878	1195	0
880	1195	0
881	1195	0
882	1195	0
883	1195	0
884	1195	0
885	1195	0
886	1195	0
887	1195	0
888	1195	0
889	1195	0
890	1195	0
891	1195	0
892	1195	1
893	1195	0
894	1195	0
895	1195	0
896	1195	0
897	1195	0
898	1195	0
900	1195	0
901	1195	0
902	1195	0
903	1195	0
904	1195	0
905	1195	1
907	1195	0
908	1195	0
909	1195	0
910	1195	0
911	1195	1
912	1195	0
913	1195	0
914	1195	1
915	1195	0
916	1195	0
917	1195	0
918	1195	0
919	1195	0
920	1195	0
921	1195	0
922	1195	0
923	1195	0
924	1195	0
925	1195	0
926	1195	0
927	1195	1
928	1195	0
929	1195	0
931	1195	0
933	1195	0
934	1195	1
935	1195	0
936	1195	0
937	1195	0
939	1195	0
941	1195	0
942	1195	0
943	1195	0
944	1195	0
945	1195	0
946	1195	0
947	1195	0
948	1195	0
949	1195	0
950	1195	0
953	1195	0
954	1195	0
955	1195	0
956	1195	0
957	1195	1
958	1195	0
959	1195	0
960	1195	0
961	1195	0
962	1195	0
963	1195	0
964	1195	0
965	1195	0
966	1195	0
967	1195	0
