0	1124	0
1	1124	1
2	1124	1
3	1124	1
4	1124	0
5	1124	1
6	1124	0
7	1124	0
8	1124	1
9	1124	1
10	1124	1
11	1124	0
12	1124	0
13	1124	0
14	1124	1
15	1124	0
16	1124	1
17	1124	1
18	1124	1
19	1124	0
20	1124	0
21	1124	0
22	1124	0
23	1124	1
24	1124	0
26	1124	0
27	1124	0
28	1124	1
29	1124	0
30	1124	0
31	1124	1
32	1124	1
33	1124	0
34	1124	1
35	1124	1
36	1124	1
37	1124	0
38	1124	0
39	1124	1
40	1124	0
42	1124	1
43	1124	0
44	1124	0
45	1124	1
46	1124	0
47	1124	0
48	1124	0
49	1124	1
50	1124	0
51	1124	0
52	1124	0
53	1124	0
54	1124	0
55	1124	0
56	1124	0
57	1124	0
58	1124	0
59	1124	1
60	1124	1
61	1124	1
62	1124	0
64	1124	1
65	1124	0
66	1124	1
67	1124	0
68	1124	0
69	1124	0
70	1124	1
71	1124	1
72	1124	0
73	1124	0
74	1124	0
75	1124	0
76	1124	1
77	1124	0
78	1124	1
79	1124	1
80	1124	0
81	1124	1
82	1124	0
83	1124	0
84	1124	0
85	1124	1
86	1124	1
87	1124	0
88	1124	1
89	1124	0
90	1124	0
91	1124	1
92	1124	0
93	1124	0
94	1124	1
95	1124	0
96	1124	1
97	1124	0
98	1124	0
99	1124	0
100	1124	0
101	1124	0
102	1124	0
103	1124	0
104	1124	0
105	1124	0
106	1124	0
109	1124	1
111	1124	0
112	1124	0
113	1124	0
114	1124	0
115	1124	0
116	1124	1
117	1124	1
118	1124	0
119	1124	0
120	1124	1
121	1124	0
122	1124	0
123	1124	0
124	1124	0
125	1124	1
126	1124	1
127	1124	1
129	1124	0
130	1124	0
131	1124	1
132	1124	0
133	1124	0
134	1124	1
136	1124	1
137	1124	1
138	1124	1
139	1124	0
140	1124	0
141	1124	0
142	1124	0
143	1124	1
144	1124	0
145	1124	1
146	1124	0
147	1124	0
148	1124	0
149	1124	0
150	1124	1
151	1124	1
152	1124	0
153	1124	0
154	1124	1
155	1124	0
156	1124	0
157	1124	0
158	1124	0
159	1124	1
160	1124	1
161	1124	0
162	1124	0
163	1124	1
165	1124	0
166	1124	0
167	1124	0
168	1124	1
169	1124	0
170	1124	0
171	1124	0
172	1124	1
173	1124	0
174	1124	0
175	1124	1
177	1124	1
178	1124	0
179	1124	1
180	1124	0
182	1124	1
183	1124	0
184	1124	1
185	1124	1
186	1124	0
187	1124	1
188	1124	1
189	1124	1
190	1124	0
191	1124	1
192	1124	1
193	1124	1
194	1124	1
195	1124	0
196	1124	1
197	1124	1
198	1124	1
199	1124	0
200	1124	0
201	1124	0
202	1124	1
203	1124	1
204	1124	1
206	1124	1
207	1124	1
208	1124	1
210	1124	0
211	1124	0
212	1124	1
213	1124	0
214	1124	1
215	1124	0
216	1124	0
217	1124	0
218	1124	0
219	1124	0
220	1124	0
222	1124	0
223	1124	1
224	1124	0
225	1124	0
226	1124	0
227	1124	1
228	1124	0
229	1124	0
230	1124	0
231	1124	1
232	1124	1
233	1124	0
234	1124	1
235	1124	0
236	1124	0
237	1124	0
238	1124	0
239	1124	0
240	1124	0
241	1124	0
242	1124	0
244	1124	0
245	1124	0
246	1124	0
247	1124	0
248	1124	0
249	1124	1
250	1124	0
251	1124	0
252	1124	0
253	1124	1
254	1124	1
255	1124	1
256	1124	0
258	1124	0
259	1124	0
260	1124	1
261	1124	0
262	1124	0
263	1124	1
264	1124	0
265	1124	1
266	1124	0
267	1124	0
268	1124	1
269	1124	1
270	1124	0
271	1124	1
272	1124	1
274	1124	1
275	1124	1
276	1124	0
277	1124	0
278	1124	1
279	1124	0
280	1124	1
281	1124	0
282	1124	0
283	1124	0
284	1124	0
285	1124	0
286	1124	0
287	1124	0
289	1124	1
290	1124	0
291	1124	0
292	1124	0
293	1124	0
294	1124	0
295	1124	1
296	1124	0
297	1124	0
298	1124	0
299	1124	0
300	1124	0
301	1124	1
302	1124	0
303	1124	0
304	1124	0
305	1124	1
306	1124	0
307	1124	0
308	1124	0
309	1124	0
310	1124	1
311	1124	0
312	1124	0
313	1124	0
314	1124	0
315	1124	0
316	1124	0
317	1124	0
318	1124	0
319	1124	0
320	1124	0
321	1124	0
322	1124	0
323	1124	0
324	1124	0
325	1124	0
326	1124	0
327	1124	0
328	1124	1
329	1124	1
330	1124	0
331	1124	0
333	1124	0
335	1124	1
336	1124	1
337	1124	0
338	1124	0
339	1124	0
340	1124	0
341	1124	1
342	1124	0
343	1124	1
344	1124	0
346	1124	0
347	1124	0
348	1124	0
349	1124	0
350	1124	0
351	1124	0
352	1124	0
354	1124	1
355	1124	0
357	1124	0
358	1124	0
359	1124	1
360	1124	1
361	1124	1
363	1124	0
364	1124	0
365	1124	0
366	1124	0
367	1124	0
368	1124	1
370	1124	1
371	1124	0
372	1124	1
373	1124	1
374	1124	1
375	1124	1
377	1124	1
378	1124	1
379	1124	0
380	1124	0
381	1124	0
382	1124	0
383	1124	1
384	1124	0
385	1124	1
386	1124	1
387	1124	0
388	1124	0
389	1124	1
390	1124	1
391	1124	0
393	1124	0
394	1124	0
395	1124	1
396	1124	0
398	1124	0
399	1124	0
400	1124	1
401	1124	0
402	1124	1
403	1124	0
404	1124	1
405	1124	0
406	1124	0
407	1124	1
408	1124	0
409	1124	1
410	1124	1
411	1124	0
412	1124	1
413	1124	0
414	1124	1
415	1124	1
416	1124	1
417	1124	0
418	1124	0
419	1124	0
420	1124	0
421	1124	1
422	1124	0
423	1124	0
424	1124	1
425	1124	1
426	1124	0
427	1124	0
428	1124	0
429	1124	0
431	1124	0
432	1124	0
433	1124	0
434	1124	0
435	1124	1
436	1124	1
437	1124	1
438	1124	1
439	1124	0
440	1124	0
441	1124	0
442	1124	0
443	1124	1
444	1124	0
445	1124	0
446	1124	1
447	1124	0
448	1124	0
449	1124	1
450	1124	0
451	1124	0
452	1124	0
453	1124	1
454	1124	1
455	1124	1
456	1124	1
457	1124	0
458	1124	1
459	1124	0
460	1124	0
461	1124	0
462	1124	0
463	1124	0
464	1124	1
465	1124	1
466	1124	0
467	1124	0
468	1124	0
469	1124	0
470	1124	1
471	1124	0
472	1124	0
473	1124	1
474	1124	1
475	1124	0
476	1124	0
477	1124	1
478	1124	0
480	1124	0
481	1124	0
482	1124	0
483	1124	1
484	1124	1
485	1124	0
486	1124	0
487	1124	1
489	1124	0
490	1124	0
491	1124	0
492	1124	0
493	1124	0
495	1124	0
496	1124	1
497	1124	1
499	1124	0
500	1124	1
501	1124	1
502	1124	0
503	1124	1
505	1124	1
506	1124	1
508	1124	1
509	1124	1
510	1124	0
511	1124	0
512	1124	1
513	1124	0
514	1124	1
515	1124	1
516	1124	0
517	1124	0
518	1124	1
519	1124	1
520	1124	1
521	1124	0
522	1124	1
523	1124	0
524	1124	0
525	1124	0
526	1124	1
527	1124	0
528	1124	1
529	1124	0
531	1124	0
533	1124	1
534	1124	1
536	1124	0
537	1124	0
538	1124	1
540	1124	0
541	1124	0
542	1124	0
543	1124	0
544	1124	1
546	1124	0
547	1124	0
548	1124	0
549	1124	0
550	1124	0
551	1124	1
553	1124	0
554	1124	0
555	1124	0
556	1124	0
557	1124	0
558	1124	1
559	1124	0
560	1124	0
561	1124	0
562	1124	0
563	1124	0
564	1124	0
565	1124	0
566	1124	0
567	1124	0
568	1124	1
569	1124	1
570	1124	0
571	1124	0
572	1124	0
574	1124	1
575	1124	0
576	1124	0
577	1124	0
578	1124	1
579	1124	0
580	1124	0
582	1124	0
583	1124	0
584	1124	0
585	1124	0
586	1124	1
587	1124	0
588	1124	0
589	1124	0
590	1124	0
591	1124	0
592	1124	1
593	1124	1
594	1124	1
595	1124	0
596	1124	0
597	1124	0
598	1124	0
599	1124	0
600	1124	0
601	1124	0
602	1124	0
604	1124	0
605	1124	0
606	1124	0
607	1124	0
608	1124	0
609	1124	0
611	1124	0
612	1124	1
613	1124	0
614	1124	1
615	1124	0
616	1124	1
617	1124	1
618	1124	1
619	1124	0
620	1124	1
621	1124	0
622	1124	0
624	1124	0
625	1124	1
626	1124	0
627	1124	0
628	1124	0
630	1124	1
631	1124	0
632	1124	1
633	1124	0
635	1124	0
636	1124	0
637	1124	1
640	1124	0
641	1124	0
642	1124	0
643	1124	0
644	1124	0
645	1124	1
646	1124	0
647	1124	0
648	1124	0
649	1124	0
650	1124	1
651	1124	0
652	1124	1
653	1124	0
654	1124	0
655	1124	0
656	1124	1
657	1124	1
658	1124	0
659	1124	1
660	1124	1
661	1124	0
662	1124	1
663	1124	1
664	1124	1
666	1124	1
667	1124	1
668	1124	0
669	1124	0
670	1124	0
671	1124	0
672	1124	1
673	1124	0
674	1124	1
675	1124	0
676	1124	0
677	1124	0
678	1124	0
679	1124	0
680	1124	0
681	1124	0
682	1124	0
683	1124	0
684	1124	0
685	1124	0
686	1124	1
687	1124	0
688	1124	0
689	1124	1
690	1124	0
691	1124	1
692	1124	1
693	1124	0
694	1124	1
695	1124	1
696	1124	0
697	1124	0
698	1124	0
699	1124	0
700	1124	0
701	1124	0
702	1124	1
703	1124	1
704	1124	1
705	1124	0
706	1124	1
707	1124	0
708	1124	0
709	1124	1
710	1124	0
711	1124	0
712	1124	0
713	1124	1
714	1124	0
715	1124	1
716	1124	0
717	1124	0
718	1124	0
719	1124	0
720	1124	0
721	1124	1
722	1124	0
723	1124	1
724	1124	0
725	1124	1
726	1124	1
727	1124	0
728	1124	0
730	1124	0
731	1124	0
732	1124	1
733	1124	1
734	1124	0
735	1124	0
736	1124	0
737	1124	1
738	1124	1
739	1124	0
740	1124	0
741	1124	0
742	1124	1
743	1124	0
744	1124	0
745	1124	0
746	1124	1
747	1124	0
748	1124	1
749	1124	0
750	1124	1
751	1124	1
752	1124	0
753	1124	0
754	1124	1
755	1124	0
756	1124	0
757	1124	0
758	1124	1
759	1124	1
760	1124	0
761	1124	0
762	1124	1
763	1124	0
764	1124	0
765	1124	1
767	1124	0
768	1124	0
769	1124	0
770	1124	0
771	1124	1
772	1124	0
773	1124	0
774	1124	1
775	1124	0
776	1124	0
777	1124	1
778	1124	1
779	1124	0
780	1124	1
782	1124	1
783	1124	0
784	1124	0
785	1124	0
786	1124	0
787	1124	0
788	1124	0
789	1124	0
790	1124	1
791	1124	0
793	1124	0
794	1124	0
795	1124	0
796	1124	1
797	1124	0
798	1124	0
799	1124	0
800	1124	0
801	1124	1
802	1124	1
803	1124	0
804	1124	0
806	1124	0
807	1124	0
808	1124	1
809	1124	0
810	1124	0
811	1124	1
812	1124	1
813	1124	0
814	1124	0
816	1124	0
817	1124	0
818	1124	1
819	1124	1
820	1124	0
821	1124	1
822	1124	0
823	1124	1
824	1124	0
825	1124	0
826	1124	0
827	1124	1
828	1124	1
829	1124	1
830	1124	1
831	1124	1
832	1124	1
833	1124	1
834	1124	1
835	1124	0
836	1124	0
837	1124	1
839	1124	1
840	1124	1
841	1124	0
842	1124	0
843	1124	0
844	1124	0
845	1124	0
846	1124	0
847	1124	1
848	1124	0
849	1124	1
850	1124	0
851	1124	0
852	1124	0
853	1124	0
854	1124	0
855	1124	0
856	1124	0
857	1124	0
858	1124	0
859	1124	0
860	1124	0
861	1124	1
862	1124	1
863	1124	0
864	1124	0
865	1124	0
866	1124	0
867	1124	1
868	1124	0
869	1124	0
870	1124	0
872	1124	0
873	1124	0
874	1124	0
875	1124	0
876	1124	0
877	1124	1
878	1124	1
879	1124	0
880	1124	0
881	1124	0
882	1124	0
883	1124	0
884	1124	0
885	1124	0
886	1124	0
887	1124	0
888	1124	1
889	1124	1
890	1124	1
891	1124	0
892	1124	0
893	1124	0
894	1124	0
895	1124	1
896	1124	0
897	1124	1
898	1124	0
900	1124	0
901	1124	0
902	1124	0
903	1124	0
904	1124	0
905	1124	0
906	1124	0
907	1124	1
908	1124	0
909	1124	0
910	1124	0
911	1124	0
912	1124	1
913	1124	1
914	1124	0
916	1124	0
917	1124	1
918	1124	1
919	1124	0
920	1124	0
921	1124	0
922	1124	0
924	1124	0
925	1124	0
926	1124	1
927	1124	1
928	1124	1
930	1124	0
931	1124	0
933	1124	1
934	1124	0
935	1124	0
936	1124	0
937	1124	1
938	1124	0
939	1124	0
940	1124	0
941	1124	1
942	1124	0
943	1124	0
944	1124	1
945	1124	0
946	1124	0
947	1124	0
948	1124	0
949	1124	0
950	1124	0
952	1124	0
953	1124	1
954	1124	0
955	1124	0
956	1124	0
958	1124	1
959	1124	1
961	1124	0
962	1124	1
963	1124	1
964	1124	0
965	1124	1
967	1124	1
