0	1122	0
1	1122	0
2	1122	0
3	1122	0
4	1122	0
5	1122	0
6	1122	0
7	1122	0
8	1122	1
9	1122	0
10	1122	0
11	1122	0
12	1122	0
13	1122	0
14	1122	0
15	1122	0
16	1122	0
17	1122	0
18	1122	0
19	1122	0
20	1122	0
21	1122	0
22	1122	0
23	1122	0
24	1122	0
26	1122	0
27	1122	0
28	1122	0
29	1122	0
30	1122	0
31	1122	1
32	1122	1
33	1122	0
34	1122	0
35	1122	0
36	1122	0
37	1122	0
38	1122	0
39	1122	0
40	1122	0
42	1122	0
43	1122	0
44	1122	0
45	1122	0
46	1122	0
47	1122	1
48	1122	0
49	1122	0
50	1122	0
51	1122	0
52	1122	0
53	1122	0
54	1122	0
55	1122	0
56	1122	0
57	1122	0
58	1122	0
59	1122	1
60	1122	0
61	1122	0
62	1122	0
64	1122	0
65	1122	0
66	1122	1
67	1122	0
68	1122	0
69	1122	0
70	1122	0
71	1122	1
72	1122	0
73	1122	0
74	1122	0
75	1122	0
76	1122	0
77	1122	0
78	1122	0
79	1122	0
80	1122	0
81	1122	0
82	1122	0
83	1122	0
84	1122	0
85	1122	0
86	1122	0
87	1122	0
88	1122	0
89	1122	0
90	1122	0
91	1122	0
92	1122	0
93	1122	0
94	1122	0
95	1122	0
96	1122	0
97	1122	0
98	1122	0
99	1122	0
100	1122	0
101	1122	0
102	1122	0
103	1122	0
104	1122	0
105	1122	0
106	1122	0
109	1122	0
111	1122	0
112	1122	0
113	1122	0
114	1122	0
115	1122	0
116	1122	0
117	1122	1
118	1122	0
119	1122	0
120	1122	0
121	1122	0
122	1122	0
123	1122	0
124	1122	0
125	1122	0
126	1122	0
127	1122	0
129	1122	0
130	1122	0
131	1122	0
132	1122	0
133	1122	0
134	1122	0
136	1122	0
137	1122	1
138	1122	1
139	1122	0
140	1122	0
141	1122	0
142	1122	0
143	1122	0
144	1122	0
145	1122	0
146	1122	0
147	1122	0
148	1122	0
149	1122	0
150	1122	0
151	1122	0
152	1122	1
153	1122	0
154	1122	0
155	1122	0
156	1122	0
157	1122	0
158	1122	0
159	1122	0
160	1122	0
161	1122	0
162	1122	0
163	1122	1
165	1122	0
166	1122	0
167	1122	0
168	1122	0
169	1122	0
170	1122	0
171	1122	0
172	1122	0
173	1122	0
174	1122	0
175	1122	0
177	1122	0
178	1122	0
179	1122	0
180	1122	0
182	1122	0
183	1122	0
184	1122	0
185	1122	0
186	1122	0
187	1122	0
188	1122	0
189	1122	0
190	1122	0
191	1122	1
192	1122	1
193	1122	1
194	1122	1
195	1122	0
196	1122	1
197	1122	1
198	1122	0
199	1122	0
200	1122	0
201	1122	0
202	1122	0
203	1122	1
204	1122	0
206	1122	1
207	1122	0
208	1122	1
210	1122	0
211	1122	1
212	1122	1
213	1122	0
214	1122	1
215	1122	0
216	1122	0
217	1122	0
218	1122	0
219	1122	0
220	1122	0
222	1122	0
223	1122	0
224	1122	0
225	1122	0
226	1122	0
227	1122	1
228	1122	0
229	1122	0
230	1122	0
231	1122	0
232	1122	1
233	1122	0
234	1122	0
235	1122	0
236	1122	0
237	1122	0
238	1122	0
239	1122	0
240	1122	0
241	1122	0
242	1122	0
244	1122	0
245	1122	0
247	1122	0
248	1122	0
249	1122	0
250	1122	0
251	1122	0
252	1122	0
253	1122	0
254	1122	0
255	1122	0
256	1122	0
258	1122	0
259	1122	0
260	1122	0
261	1122	0
262	1122	0
263	1122	0
264	1122	0
265	1122	0
266	1122	0
267	1122	0
268	1122	0
269	1122	0
270	1122	0
271	1122	0
272	1122	0
273	1122	0
274	1122	0
275	1122	0
276	1122	0
277	1122	0
278	1122	0
279	1122	0
280	1122	0
281	1122	0
282	1122	1
283	1122	0
284	1122	0
285	1122	0
286	1122	0
287	1122	0
288	1122	1
289	1122	1
290	1122	0
291	1122	0
292	1122	0
293	1122	0
294	1122	0
295	1122	0
296	1122	0
297	1122	0
298	1122	0
299	1122	0
300	1122	0
301	1122	0
302	1122	0
303	1122	0
304	1122	0
305	1122	0
306	1122	0
307	1122	0
308	1122	0
309	1122	0
310	1122	0
311	1122	0
312	1122	0
313	1122	0
314	1122	0
315	1122	0
316	1122	0
317	1122	0
318	1122	0
319	1122	0
320	1122	0
321	1122	0
322	1122	0
323	1122	0
324	1122	0
325	1122	0
326	1122	0
327	1122	0
328	1122	0
329	1122	0
330	1122	0
331	1122	0
333	1122	0
335	1122	1
336	1122	0
337	1122	0
338	1122	0
339	1122	0
340	1122	0
342	1122	0
343	1122	0
344	1122	0
346	1122	0
347	1122	0
348	1122	0
349	1122	0
350	1122	0
351	1122	0
352	1122	0
354	1122	0
355	1122	0
357	1122	0
358	1122	0
359	1122	0
360	1122	0
361	1122	0
363	1122	0
364	1122	0
365	1122	0
366	1122	0
367	1122	0
368	1122	0
371	1122	0
372	1122	0
373	1122	0
374	1122	1
377	1122	0
378	1122	0
379	1122	0
380	1122	0
381	1122	0
382	1122	0
383	1122	0
384	1122	0
385	1122	0
386	1122	1
387	1122	0
388	1122	0
389	1122	1
390	1122	0
391	1122	0
393	1122	0
394	1122	0
395	1122	0
396	1122	0
398	1122	0
399	1122	0
400	1122	0
401	1122	0
402	1122	0
403	1122	0
404	1122	1
405	1122	0
406	1122	0
407	1122	1
408	1122	0
409	1122	0
410	1122	0
411	1122	0
412	1122	0
413	1122	0
414	1122	0
415	1122	0
416	1122	0
417	1122	0
418	1122	0
419	1122	0
420	1122	0
421	1122	0
422	1122	0
423	1122	0
424	1122	0
425	1122	0
426	1122	0
427	1122	0
428	1122	0
429	1122	0
431	1122	0
432	1122	0
433	1122	0
434	1122	0
435	1122	0
436	1122	1
437	1122	0
438	1122	0
439	1122	0
440	1122	0
441	1122	0
442	1122	0
443	1122	0
444	1122	0
445	1122	0
446	1122	1
447	1122	0
448	1122	0
449	1122	0
450	1122	0
451	1122	0
452	1122	0
453	1122	0
454	1122	0
455	1122	0
456	1122	0
457	1122	0
458	1122	0
459	1122	0
460	1122	0
461	1122	0
462	1122	0
463	1122	0
464	1122	0
465	1122	0
466	1122	0
467	1122	0
468	1122	0
469	1122	0
470	1122	0
471	1122	0
472	1122	0
473	1122	0
474	1122	0
475	1122	0
476	1122	0
477	1122	0
478	1122	0
480	1122	0
481	1122	0
482	1122	0
483	1122	0
484	1122	0
485	1122	0
486	1122	0
487	1122	0
489	1122	1
490	1122	0
491	1122	0
492	1122	0
493	1122	0
495	1122	0
496	1122	1
497	1122	1
499	1122	0
500	1122	0
501	1122	0
502	1122	0
503	1122	0
505	1122	0
506	1122	0
508	1122	0
509	1122	0
510	1122	0
511	1122	0
512	1122	0
513	1122	0
514	1122	0
515	1122	0
516	1122	0
517	1122	0
518	1122	1
519	1122	0
520	1122	0
521	1122	0
522	1122	0
523	1122	0
524	1122	0
525	1122	0
526	1122	0
527	1122	0
528	1122	0
529	1122	0
531	1122	0
533	1122	1
534	1122	0
536	1122	0
537	1122	0
538	1122	0
540	1122	0
541	1122	0
542	1122	0
543	1122	0
544	1122	0
546	1122	0
547	1122	0
548	1122	0
549	1122	0
550	1122	0
551	1122	0
553	1122	0
554	1122	0
555	1122	1
556	1122	0
557	1122	0
558	1122	0
559	1122	0
560	1122	1
561	1122	0
562	1122	0
563	1122	0
564	1122	0
565	1122	0
566	1122	0
567	1122	0
568	1122	0
569	1122	0
570	1122	0
571	1122	0
572	1122	0
573	1122	0
574	1122	0
575	1122	0
576	1122	0
577	1122	0
578	1122	0
579	1122	0
580	1122	0
582	1122	0
583	1122	0
584	1122	0
585	1122	0
586	1122	1
587	1122	0
588	1122	0
589	1122	0
590	1122	0
591	1122	0
592	1122	0
593	1122	0
594	1122	0
595	1122	0
596	1122	0
597	1122	0
598	1122	0
599	1122	0
600	1122	0
601	1122	0
602	1122	0
604	1122	0
605	1122	0
606	1122	0
607	1122	0
608	1122	0
609	1122	0
611	1122	0
612	1122	1
613	1122	0
614	1122	1
615	1122	0
616	1122	0
617	1122	0
618	1122	0
619	1122	0
620	1122	0
621	1122	0
622	1122	0
624	1122	0
625	1122	0
626	1122	0
627	1122	0
628	1122	0
630	1122	0
631	1122	0
632	1122	0
633	1122	0
635	1122	0
636	1122	0
637	1122	1
640	1122	0
641	1122	0
642	1122	0
643	1122	0
644	1122	0
645	1122	1
646	1122	0
647	1122	0
648	1122	0
649	1122	0
650	1122	0
651	1122	0
652	1122	1
653	1122	0
654	1122	0
655	1122	0
656	1122	1
657	1122	0
658	1122	0
659	1122	0
660	1122	0
661	1122	0
662	1122	0
663	1122	0
664	1122	1
666	1122	0
667	1122	0
668	1122	0
669	1122	0
670	1122	0
671	1122	0
672	1122	0
673	1122	0
674	1122	0
675	1122	0
676	1122	0
677	1122	0
678	1122	0
679	1122	0
680	1122	0
681	1122	0
682	1122	0
683	1122	0
684	1122	0
685	1122	0
686	1122	0
687	1122	0
688	1122	0
689	1122	0
690	1122	0
691	1122	0
692	1122	1
693	1122	0
694	1122	1
695	1122	0
696	1122	0
697	1122	0
698	1122	0
699	1122	0
700	1122	0
701	1122	0
702	1122	0
703	1122	0
704	1122	0
705	1122	0
706	1122	0
707	1122	0
708	1122	0
709	1122	0
710	1122	0
711	1122	0
712	1122	0
713	1122	0
714	1122	0
715	1122	0
716	1122	0
717	1122	0
718	1122	0
719	1122	0
720	1122	0
721	1122	0
722	1122	0
723	1122	0
724	1122	0
725	1122	0
726	1122	0
727	1122	0
728	1122	0
730	1122	0
731	1122	0
732	1122	0
733	1122	0
734	1122	0
735	1122	0
736	1122	0
737	1122	0
738	1122	1
739	1122	0
740	1122	0
741	1122	0
742	1122	1
743	1122	0
744	1122	0
745	1122	0
746	1122	0
747	1122	0
748	1122	1
749	1122	1
750	1122	1
751	1122	0
752	1122	0
753	1122	0
754	1122	0
755	1122	0
756	1122	0
757	1122	0
758	1122	0
759	1122	0
760	1122	0
761	1122	0
762	1122	0
763	1122	0
764	1122	0
765	1122	0
767	1122	0
768	1122	0
769	1122	0
770	1122	0
771	1122	0
772	1122	0
773	1122	0
774	1122	1
775	1122	0
776	1122	0
777	1122	0
778	1122	0
779	1122	0
780	1122	0
782	1122	0
783	1122	0
784	1122	0
785	1122	0
786	1122	0
787	1122	0
788	1122	0
789	1122	0
790	1122	0
791	1122	0
793	1122	0
794	1122	0
795	1122	0
796	1122	0
797	1122	0
798	1122	0
799	1122	0
800	1122	0
801	1122	0
802	1122	0
803	1122	0
804	1122	0
806	1122	0
807	1122	0
808	1122	0
809	1122	0
810	1122	0
811	1122	0
812	1122	0
813	1122	1
814	1122	0
816	1122	0
817	1122	1
818	1122	0
819	1122	0
820	1122	0
821	1122	1
822	1122	0
823	1122	0
824	1122	0
825	1122	0
826	1122	0
827	1122	1
828	1122	0
829	1122	1
830	1122	1
831	1122	0
832	1122	1
833	1122	1
834	1122	0
835	1122	0
836	1122	0
837	1122	0
839	1122	1
840	1122	0
841	1122	0
842	1122	0
843	1122	0
844	1122	0
845	1122	0
846	1122	0
847	1122	0
848	1122	0
849	1122	0
850	1122	0
851	1122	0
852	1122	0
853	1122	0
854	1122	0
855	1122	0
856	1122	0
857	1122	0
858	1122	0
859	1122	0
860	1122	0
861	1122	0
862	1122	0
863	1122	0
864	1122	0
865	1122	0
866	1122	0
867	1122	0
868	1122	0
869	1122	0
870	1122	1
872	1122	0
873	1122	0
874	1122	0
875	1122	0
876	1122	0
877	1122	0
878	1122	0
879	1122	0
880	1122	0
881	1122	0
882	1122	0
883	1122	0
884	1122	0
885	1122	0
886	1122	0
887	1122	0
888	1122	0
889	1122	0
890	1122	0
891	1122	0
892	1122	0
893	1122	0
894	1122	0
895	1122	0
896	1122	0
897	1122	0
898	1122	0
900	1122	1
901	1122	0
902	1122	0
903	1122	0
904	1122	0
905	1122	0
906	1122	0
907	1122	0
908	1122	0
909	1122	0
910	1122	0
911	1122	0
912	1122	0
913	1122	0
914	1122	0
916	1122	0
917	1122	0
918	1122	1
919	1122	0
920	1122	0
921	1122	0
922	1122	0
923	1122	0
924	1122	0
925	1122	0
926	1122	0
927	1122	0
928	1122	0
930	1122	0
931	1122	0
933	1122	0
934	1122	0
935	1122	0
936	1122	0
937	1122	1
938	1122	0
939	1122	0
940	1122	0
941	1122	0
942	1122	0
943	1122	0
944	1122	0
945	1122	0
946	1122	0
947	1122	0
948	1122	0
949	1122	0
950	1122	0
952	1122	0
953	1122	0
954	1122	0
955	1122	0
956	1122	0
958	1122	0
959	1122	0
961	1122	0
962	1122	0
963	1122	0
964	1122	0
965	1122	0
967	1122	0
