0	1119	0
1	1119	0
2	1119	0
3	1119	0
4	1119	0
5	1119	0
6	1119	0
7	1119	0
8	1119	1
9	1119	0
10	1119	0
11	1119	0
12	1119	0
13	1119	0
14	1119	0
15	1119	0
16	1119	0
17	1119	1
18	1119	1
19	1119	0
20	1119	0
21	1119	0
22	1119	0
23	1119	0
24	1119	0
26	1119	0
27	1119	0
28	1119	0
29	1119	0
30	1119	0
31	1119	1
32	1119	1
33	1119	0
34	1119	0
35	1119	0
36	1119	0
37	1119	0
38	1119	0
39	1119	1
40	1119	0
42	1119	0
43	1119	0
44	1119	0
45	1119	1
46	1119	0
47	1119	0
48	1119	0
49	1119	0
50	1119	0
51	1119	0
52	1119	0
53	1119	0
54	1119	0
55	1119	0
56	1119	0
57	1119	0
58	1119	0
59	1119	1
60	1119	0
61	1119	0
62	1119	0
64	1119	1
65	1119	0
66	1119	0
67	1119	0
68	1119	0
69	1119	0
70	1119	0
71	1119	0
72	1119	0
73	1119	0
74	1119	0
75	1119	0
76	1119	0
77	1119	0
78	1119	0
79	1119	0
80	1119	0
81	1119	0
82	1119	0
83	1119	0
84	1119	0
85	1119	0
86	1119	0
87	1119	0
88	1119	0
89	1119	0
90	1119	0
91	1119	0
92	1119	0
93	1119	0
94	1119	0
95	1119	0
96	1119	0
97	1119	0
98	1119	0
99	1119	0
100	1119	0
101	1119	0
102	1119	0
103	1119	0
104	1119	0
105	1119	0
106	1119	0
109	1119	1
111	1119	0
112	1119	0
113	1119	0
114	1119	0
115	1119	0
116	1119	0
117	1119	0
118	1119	0
119	1119	0
120	1119	0
121	1119	0
122	1119	0
123	1119	0
124	1119	0
125	1119	0
126	1119	0
127	1119	0
129	1119	0
130	1119	0
131	1119	0
132	1119	0
133	1119	0
134	1119	0
136	1119	0
137	1119	0
138	1119	1
139	1119	0
140	1119	0
141	1119	0
142	1119	0
143	1119	0
144	1119	0
145	1119	0
146	1119	0
147	1119	0
148	1119	0
149	1119	0
150	1119	0
151	1119	0
152	1119	0
153	1119	0
154	1119	1
155	1119	0
156	1119	0
157	1119	0
158	1119	1
159	1119	0
160	1119	0
161	1119	0
162	1119	0
163	1119	1
165	1119	0
166	1119	0
167	1119	0
168	1119	0
169	1119	0
170	1119	0
171	1119	0
172	1119	1
173	1119	0
174	1119	0
175	1119	0
177	1119	0
178	1119	0
179	1119	0
180	1119	0
182	1119	0
183	1119	0
184	1119	0
185	1119	0
186	1119	0
187	1119	0
188	1119	1
189	1119	0
190	1119	0
191	1119	1
192	1119	0
193	1119	1
194	1119	1
195	1119	0
196	1119	1
197	1119	1
198	1119	0
199	1119	0
200	1119	0
201	1119	0
202	1119	0
203	1119	1
204	1119	1
206	1119	0
207	1119	0
208	1119	1
210	1119	0
211	1119	0
212	1119	0
213	1119	0
214	1119	0
215	1119	0
216	1119	0
217	1119	0
218	1119	0
219	1119	0
220	1119	0
222	1119	0
223	1119	0
224	1119	0
225	1119	0
226	1119	0
227	1119	1
228	1119	0
229	1119	0
230	1119	0
231	1119	0
232	1119	1
233	1119	0
234	1119	0
235	1119	0
236	1119	0
237	1119	0
238	1119	0
239	1119	0
240	1119	1
241	1119	0
242	1119	0
244	1119	0
245	1119	1
246	1119	0
247	1119	0
248	1119	0
249	1119	0
250	1119	0
251	1119	0
252	1119	0
253	1119	1
254	1119	0
255	1119	1
256	1119	0
258	1119	0
259	1119	0
260	1119	0
261	1119	0
262	1119	0
263	1119	0
264	1119	0
265	1119	0
266	1119	0
267	1119	0
268	1119	0
269	1119	0
270	1119	0
271	1119	0
272	1119	0
274	1119	0
275	1119	0
276	1119	0
277	1119	0
278	1119	0
279	1119	0
280	1119	1
281	1119	0
282	1119	0
283	1119	0
284	1119	0
285	1119	0
286	1119	0
287	1119	0
288	1119	0
289	1119	1
290	1119	1
291	1119	0
292	1119	0
293	1119	0
294	1119	0
295	1119	0
296	1119	0
297	1119	0
298	1119	0
299	1119	0
300	1119	0
301	1119	0
302	1119	0
303	1119	0
304	1119	0
305	1119	0
306	1119	0
307	1119	1
308	1119	0
309	1119	0
310	1119	1
311	1119	0
312	1119	0
313	1119	0
314	1119	0
315	1119	0
316	1119	0
317	1119	0
318	1119	0
319	1119	0
320	1119	0
321	1119	0
322	1119	0
323	1119	0
324	1119	0
325	1119	1
326	1119	0
327	1119	0
328	1119	0
329	1119	0
330	1119	0
331	1119	0
333	1119	0
335	1119	0
336	1119	0
337	1119	0
338	1119	0
339	1119	0
340	1119	0
341	1119	0
342	1119	0
343	1119	0
344	1119	0
346	1119	0
347	1119	0
348	1119	0
349	1119	0
350	1119	0
351	1119	0
352	1119	0
354	1119	0
355	1119	0
357	1119	0
358	1119	0
359	1119	1
360	1119	0
361	1119	1
363	1119	0
364	1119	0
365	1119	0
366	1119	0
367	1119	0
368	1119	0
370	1119	1
371	1119	0
372	1119	0
373	1119	1
374	1119	1
375	1119	1
377	1119	1
378	1119	1
379	1119	0
380	1119	1
381	1119	0
382	1119	0
383	1119	0
384	1119	0
385	1119	1
386	1119	0
387	1119	0
388	1119	0
389	1119	0
390	1119	1
391	1119	0
393	1119	0
394	1119	0
395	1119	1
396	1119	0
398	1119	0
399	1119	0
400	1119	0
401	1119	0
402	1119	1
403	1119	0
404	1119	0
405	1119	0
406	1119	0
407	1119	0
408	1119	0
409	1119	0
410	1119	0
411	1119	0
412	1119	0
413	1119	0
414	1119	0
415	1119	1
416	1119	0
417	1119	0
418	1119	0
419	1119	0
420	1119	0
421	1119	0
422	1119	0
423	1119	0
424	1119	1
425	1119	0
426	1119	0
427	1119	0
428	1119	0
429	1119	0
431	1119	0
432	1119	0
433	1119	0
434	1119	0
435	1119	1
436	1119	1
437	1119	0
438	1119	1
439	1119	0
440	1119	0
441	1119	0
442	1119	0
443	1119	0
444	1119	0
445	1119	0
446	1119	1
447	1119	0
448	1119	0
449	1119	0
450	1119	0
451	1119	0
452	1119	0
453	1119	0
454	1119	0
455	1119	0
456	1119	1
457	1119	0
458	1119	0
459	1119	0
460	1119	0
461	1119	0
462	1119	0
463	1119	0
464	1119	1
465	1119	0
466	1119	0
467	1119	0
468	1119	0
469	1119	0
470	1119	0
471	1119	0
472	1119	0
473	1119	0
474	1119	0
475	1119	0
476	1119	0
477	1119	0
478	1119	1
480	1119	0
481	1119	0
482	1119	0
483	1119	0
484	1119	0
485	1119	0
486	1119	0
487	1119	0
489	1119	0
490	1119	0
491	1119	0
492	1119	0
493	1119	0
495	1119	0
496	1119	1
497	1119	0
499	1119	0
500	1119	0
501	1119	0
502	1119	0
503	1119	1
505	1119	1
506	1119	1
508	1119	0
509	1119	1
510	1119	0
511	1119	0
512	1119	0
513	1119	0
514	1119	1
515	1119	0
516	1119	0
517	1119	0
518	1119	1
519	1119	0
520	1119	1
521	1119	0
522	1119	0
523	1119	0
524	1119	0
525	1119	0
526	1119	0
527	1119	0
528	1119	0
529	1119	0
531	1119	0
533	1119	0
534	1119	0
536	1119	0
537	1119	0
538	1119	0
540	1119	0
541	1119	0
542	1119	0
543	1119	0
544	1119	0
546	1119	0
547	1119	0
548	1119	0
549	1119	0
550	1119	0
551	1119	0
553	1119	0
554	1119	0
555	1119	0
556	1119	0
557	1119	0
558	1119	1
559	1119	0
560	1119	1
561	1119	0
562	1119	0
563	1119	0
564	1119	0
565	1119	0
566	1119	0
567	1119	0
568	1119	0
569	1119	0
570	1119	0
571	1119	0
572	1119	0
574	1119	0
575	1119	0
576	1119	0
577	1119	0
578	1119	0
579	1119	0
580	1119	0
582	1119	0
583	1119	0
584	1119	0
585	1119	1
586	1119	0
587	1119	0
588	1119	0
589	1119	0
590	1119	0
591	1119	0
592	1119	0
593	1119	0
594	1119	0
595	1119	0
596	1119	0
597	1119	0
598	1119	0
599	1119	0
600	1119	0
601	1119	0
602	1119	0
604	1119	0
605	1119	0
606	1119	0
607	1119	0
608	1119	0
609	1119	0
611	1119	0
612	1119	0
613	1119	0
614	1119	0
615	1119	0
616	1119	0
617	1119	0
618	1119	0
619	1119	0
620	1119	0
621	1119	1
622	1119	0
624	1119	0
625	1119	0
626	1119	1
627	1119	0
628	1119	0
630	1119	0
631	1119	0
632	1119	0
633	1119	0
635	1119	0
636	1119	0
637	1119	1
640	1119	0
641	1119	0
642	1119	0
643	1119	0
644	1119	0
645	1119	1
646	1119	0
647	1119	0
648	1119	0
649	1119	1
650	1119	1
651	1119	0
652	1119	1
653	1119	0
654	1119	0
655	1119	0
656	1119	0
657	1119	0
658	1119	0
659	1119	0
660	1119	0
661	1119	1
662	1119	0
663	1119	1
664	1119	1
666	1119	1
667	1119	0
668	1119	0
669	1119	0
670	1119	0
671	1119	0
672	1119	0
673	1119	0
674	1119	0
675	1119	0
676	1119	0
677	1119	0
678	1119	0
679	1119	0
680	1119	0
681	1119	0
682	1119	0
683	1119	0
684	1119	0
685	1119	0
686	1119	0
687	1119	0
688	1119	0
689	1119	0
690	1119	0
691	1119	0
692	1119	1
693	1119	0
694	1119	0
695	1119	1
696	1119	0
697	1119	0
698	1119	0
699	1119	0
700	1119	0
701	1119	0
702	1119	0
703	1119	0
704	1119	0
705	1119	0
706	1119	0
707	1119	0
708	1119	0
709	1119	0
710	1119	0
711	1119	0
712	1119	0
713	1119	1
714	1119	0
715	1119	1
716	1119	0
717	1119	0
718	1119	0
719	1119	0
720	1119	0
721	1119	0
722	1119	0
723	1119	0
724	1119	0
725	1119	0
726	1119	0
727	1119	0
728	1119	0
730	1119	0
731	1119	0
732	1119	1
733	1119	1
734	1119	0
735	1119	0
736	1119	0
737	1119	0
738	1119	0
739	1119	0
740	1119	0
741	1119	0
742	1119	0
743	1119	0
744	1119	0
745	1119	0
746	1119	0
747	1119	0
748	1119	1
749	1119	0
750	1119	1
751	1119	0
752	1119	0
753	1119	0
754	1119	1
755	1119	0
756	1119	0
757	1119	0
758	1119	0
759	1119	1
760	1119	0
761	1119	0
762	1119	0
763	1119	0
764	1119	0
765	1119	0
767	1119	0
768	1119	0
769	1119	0
770	1119	0
771	1119	0
772	1119	0
773	1119	0
774	1119	1
775	1119	0
776	1119	0
777	1119	0
778	1119	0
779	1119	0
780	1119	0
782	1119	0
783	1119	0
784	1119	0
785	1119	0
786	1119	0
787	1119	0
788	1119	0
789	1119	0
790	1119	0
791	1119	0
793	1119	0
794	1119	0
795	1119	0
796	1119	1
797	1119	0
798	1119	0
799	1119	0
800	1119	0
801	1119	0
802	1119	0
803	1119	0
804	1119	0
806	1119	0
807	1119	0
808	1119	1
809	1119	0
810	1119	0
811	1119	0
812	1119	0
813	1119	1
814	1119	0
816	1119	1
817	1119	0
818	1119	0
819	1119	0
820	1119	0
821	1119	0
822	1119	0
823	1119	0
824	1119	0
825	1119	0
826	1119	0
827	1119	1
828	1119	0
829	1119	1
830	1119	1
831	1119	0
832	1119	1
833	1119	0
834	1119	1
835	1119	0
836	1119	0
837	1119	1
839	1119	1
840	1119	0
841	1119	0
842	1119	0
843	1119	0
844	1119	0
845	1119	0
846	1119	0
847	1119	0
848	1119	0
849	1119	0
850	1119	0
851	1119	0
852	1119	0
853	1119	0
854	1119	0
855	1119	0
856	1119	0
857	1119	0
858	1119	0
859	1119	0
860	1119	0
861	1119	0
862	1119	0
863	1119	0
864	1119	0
865	1119	0
866	1119	0
867	1119	0
868	1119	0
869	1119	0
870	1119	0
872	1119	0
873	1119	0
874	1119	0
875	1119	0
876	1119	0
877	1119	0
878	1119	0
879	1119	0
880	1119	0
881	1119	0
882	1119	0
883	1119	0
884	1119	0
885	1119	0
886	1119	0
887	1119	0
888	1119	0
889	1119	0
890	1119	0
891	1119	0
892	1119	0
893	1119	0
894	1119	0
895	1119	1
896	1119	0
897	1119	0
898	1119	0
900	1119	0
901	1119	0
902	1119	0
903	1119	0
904	1119	0
905	1119	0
906	1119	0
907	1119	0
908	1119	0
909	1119	0
910	1119	0
911	1119	0
912	1119	0
913	1119	1
914	1119	0
916	1119	0
917	1119	1
918	1119	0
919	1119	0
920	1119	0
921	1119	0
922	1119	0
923	1119	0
924	1119	0
925	1119	0
926	1119	0
927	1119	0
928	1119	1
930	1119	0
931	1119	0
933	1119	1
934	1119	0
935	1119	0
936	1119	0
937	1119	1
938	1119	0
939	1119	0
940	1119	0
941	1119	0
942	1119	0
943	1119	0
944	1119	0
945	1119	0
946	1119	0
947	1119	1
948	1119	0
949	1119	0
950	1119	0
952	1119	0
953	1119	0
954	1119	0
955	1119	0
956	1119	0
958	1119	1
959	1119	0
961	1119	0
962	1119	0
963	1119	1
964	1119	0
965	1119	1
967	1119	1
