0	1112	0
1	1112	0
2	1112	0
3	1112	0
4	1112	0
5	1112	0
6	1112	0
7	1112	0
8	1112	1
9	1112	0
10	1112	0
11	1112	0
12	1112	0
13	1112	0
14	1112	0
15	1112	0
16	1112	0
17	1112	0
18	1112	1
19	1112	0
20	1112	0
21	1112	0
22	1112	0
23	1112	0
24	1112	0
27	1112	0
28	1112	0
29	1112	0
30	1112	0
31	1112	0
32	1112	0
33	1112	0
34	1112	0
35	1112	0
36	1112	0
37	1112	0
38	1112	0
39	1112	0
40	1112	0
42	1112	0
43	1112	0
44	1112	0
45	1112	1
46	1112	0
47	1112	0
48	1112	0
49	1112	0
50	1112	0
51	1112	0
52	1112	0
53	1112	0
54	1112	0
55	1112	0
56	1112	0
57	1112	0
58	1112	0
59	1112	1
60	1112	0
61	1112	0
62	1112	0
64	1112	0
65	1112	0
66	1112	0
67	1112	0
68	1112	0
69	1112	0
70	1112	0
71	1112	1
72	1112	0
73	1112	0
74	1112	0
75	1112	0
76	1112	0
77	1112	0
78	1112	0
79	1112	0
80	1112	0
81	1112	0
82	1112	0
83	1112	0
84	1112	0
85	1112	0
86	1112	0
87	1112	0
88	1112	0
89	1112	0
90	1112	0
91	1112	0
92	1112	0
93	1112	0
94	1112	0
95	1112	0
96	1112	0
97	1112	0
98	1112	0
99	1112	0
100	1112	0
101	1112	0
102	1112	0
103	1112	0
104	1112	0
105	1112	0
106	1112	0
109	1112	0
111	1112	0
112	1112	0
113	1112	0
114	1112	0
115	1112	0
116	1112	0
117	1112	0
118	1112	0
119	1112	0
120	1112	0
121	1112	0
122	1112	0
123	1112	0
124	1112	0
125	1112	1
126	1112	0
127	1112	0
129	1112	0
130	1112	0
131	1112	0
132	1112	0
133	1112	0
134	1112	0
136	1112	1
137	1112	1
138	1112	0
139	1112	0
140	1112	0
141	1112	0
142	1112	0
143	1112	0
144	1112	0
145	1112	0
146	1112	0
147	1112	0
148	1112	0
149	1112	0
150	1112	0
151	1112	1
152	1112	0
153	1112	0
154	1112	0
155	1112	0
156	1112	0
157	1112	0
158	1112	0
159	1112	0
160	1112	1
161	1112	0
162	1112	0
163	1112	0
165	1112	0
166	1112	0
167	1112	0
168	1112	0
169	1112	0
170	1112	0
171	1112	1
172	1112	1
173	1112	0
174	1112	0
175	1112	0
177	1112	0
178	1112	0
179	1112	0
180	1112	0
182	1112	0
183	1112	0
184	1112	0
185	1112	0
186	1112	0
187	1112	0
188	1112	0
189	1112	0
190	1112	0
191	1112	0
192	1112	0
193	1112	0
194	1112	1
195	1112	0
196	1112	0
197	1112	0
198	1112	0
199	1112	0
200	1112	0
201	1112	0
202	1112	0
203	1112	0
204	1112	0
206	1112	0
207	1112	0
208	1112	0
210	1112	0
211	1112	0
212	1112	0
213	1112	0
214	1112	1
215	1112	0
216	1112	0
217	1112	0
218	1112	0
219	1112	0
220	1112	0
222	1112	0
223	1112	0
224	1112	0
225	1112	0
226	1112	0
227	1112	1
228	1112	0
229	1112	0
230	1112	0
231	1112	0
232	1112	0
233	1112	0
234	1112	0
235	1112	0
236	1112	0
237	1112	0
238	1112	0
239	1112	0
241	1112	0
242	1112	0
244	1112	0
245	1112	0
246	1112	0
247	1112	0
248	1112	0
249	1112	0
250	1112	0
251	1112	0
252	1112	0
253	1112	1
254	1112	0
255	1112	0
256	1112	0
258	1112	0
259	1112	0
260	1112	0
261	1112	0
262	1112	0
263	1112	0
264	1112	0
265	1112	0
266	1112	0
267	1112	0
268	1112	0
269	1112	0
270	1112	0
271	1112	0
272	1112	0
274	1112	0
275	1112	0
276	1112	0
277	1112	0
278	1112	0
279	1112	0
280	1112	0
281	1112	0
282	1112	0
283	1112	0
284	1112	0
285	1112	0
286	1112	0
287	1112	0
288	1112	0
289	1112	1
290	1112	0
291	1112	0
292	1112	0
293	1112	0
294	1112	0
295	1112	0
296	1112	0
297	1112	0
298	1112	0
299	1112	0
300	1112	0
301	1112	0
302	1112	0
303	1112	0
304	1112	0
305	1112	1
306	1112	0
307	1112	0
308	1112	0
309	1112	0
310	1112	0
311	1112	0
312	1112	0
313	1112	0
314	1112	0
315	1112	0
316	1112	0
317	1112	0
318	1112	0
319	1112	0
320	1112	1
321	1112	0
322	1112	0
323	1112	0
324	1112	0
325	1112	0
326	1112	0
327	1112	0
328	1112	1
329	1112	0
330	1112	0
331	1112	0
333	1112	0
335	1112	0
336	1112	0
337	1112	0
338	1112	0
339	1112	0
340	1112	0
341	1112	1
342	1112	0
343	1112	0
344	1112	0
346	1112	0
347	1112	0
348	1112	0
349	1112	0
350	1112	0
351	1112	0
352	1112	0
354	1112	0
355	1112	0
357	1112	0
358	1112	0
359	1112	0
360	1112	0
361	1112	1
363	1112	0
364	1112	0
365	1112	0
366	1112	0
368	1112	0
370	1112	1
371	1112	0
372	1112	0
373	1112	0
374	1112	0
375	1112	1
377	1112	0
378	1112	0
379	1112	0
380	1112	1
381	1112	1
382	1112	0
383	1112	0
384	1112	0
385	1112	0
386	1112	0
387	1112	0
388	1112	0
389	1112	0
390	1112	0
391	1112	0
393	1112	0
394	1112	0
395	1112	0
396	1112	0
398	1112	0
399	1112	0
400	1112	0
401	1112	0
402	1112	0
403	1112	0
404	1112	0
405	1112	0
406	1112	0
407	1112	1
408	1112	0
409	1112	0
410	1112	0
411	1112	0
412	1112	0
413	1112	0
414	1112	0
415	1112	0
416	1112	0
417	1112	0
418	1112	0
419	1112	0
420	1112	0
421	1112	0
422	1112	0
423	1112	0
424	1112	0
425	1112	0
426	1112	0
427	1112	0
428	1112	0
429	1112	0
431	1112	0
432	1112	0
433	1112	0
434	1112	0
435	1112	0
436	1112	1
437	1112	0
438	1112	0
439	1112	0
440	1112	0
441	1112	0
442	1112	0
443	1112	0
444	1112	0
445	1112	0
446	1112	0
447	1112	0
448	1112	0
449	1112	0
450	1112	0
451	1112	0
452	1112	0
453	1112	0
454	1112	0
455	1112	0
456	1112	0
457	1112	1
458	1112	0
459	1112	0
460	1112	0
461	1112	0
462	1112	0
463	1112	0
464	1112	0
465	1112	0
466	1112	0
467	1112	0
468	1112	0
469	1112	0
470	1112	0
471	1112	0
472	1112	0
473	1112	0
474	1112	0
475	1112	0
476	1112	0
477	1112	0
478	1112	0
480	1112	0
481	1112	0
482	1112	0
483	1112	0
484	1112	0
485	1112	0
486	1112	0
487	1112	0
489	1112	0
490	1112	0
491	1112	0
492	1112	0
493	1112	0
495	1112	0
496	1112	1
497	1112	0
499	1112	0
500	1112	0
501	1112	0
502	1112	0
503	1112	0
505	1112	1
506	1112	0
508	1112	0
509	1112	1
510	1112	0
511	1112	1
512	1112	0
513	1112	0
514	1112	1
515	1112	0
516	1112	0
517	1112	0
518	1112	0
519	1112	0
520	1112	0
521	1112	0
522	1112	0
523	1112	0
524	1112	0
525	1112	0
526	1112	0
527	1112	0
528	1112	0
529	1112	1
531	1112	0
533	1112	0
534	1112	0
536	1112	0
537	1112	0
538	1112	0
540	1112	0
541	1112	0
542	1112	0
543	1112	0
544	1112	0
546	1112	0
547	1112	0
548	1112	0
549	1112	0
550	1112	0
551	1112	0
553	1112	0
554	1112	0
555	1112	0
556	1112	0
557	1112	0
558	1112	0
559	1112	0
560	1112	0
561	1112	0
562	1112	0
563	1112	0
564	1112	0
565	1112	0
566	1112	0
567	1112	0
568	1112	0
569	1112	0
570	1112	0
571	1112	0
572	1112	0
574	1112	0
575	1112	0
576	1112	0
577	1112	0
578	1112	0
579	1112	0
580	1112	0
582	1112	0
583	1112	0
584	1112	0
585	1112	0
586	1112	0
587	1112	0
588	1112	0
589	1112	0
590	1112	0
591	1112	0
592	1112	0
593	1112	0
594	1112	0
595	1112	0
596	1112	0
597	1112	0
598	1112	0
599	1112	0
600	1112	0
601	1112	0
602	1112	0
604	1112	0
605	1112	0
606	1112	0
607	1112	0
608	1112	0
609	1112	0
611	1112	0
612	1112	0
613	1112	0
614	1112	0
615	1112	0
616	1112	0
617	1112	0
618	1112	0
619	1112	0
620	1112	0
621	1112	0
622	1112	0
624	1112	0
625	1112	0
626	1112	0
627	1112	0
628	1112	0
630	1112	0
631	1112	0
632	1112	0
633	1112	0
635	1112	0
636	1112	0
637	1112	0
640	1112	0
641	1112	0
642	1112	0
643	1112	0
644	1112	0
645	1112	1
646	1112	0
647	1112	0
648	1112	0
649	1112	0
650	1112	0
651	1112	0
652	1112	1
653	1112	0
654	1112	0
655	1112	0
656	1112	0
657	1112	0
658	1112	0
659	1112	0
660	1112	0
661	1112	0
662	1112	0
663	1112	0
664	1112	1
666	1112	1
667	1112	1
668	1112	0
669	1112	0
670	1112	0
671	1112	0
672	1112	0
673	1112	0
674	1112	0
675	1112	0
676	1112	0
677	1112	0
678	1112	0
679	1112	0
680	1112	0
681	1112	0
682	1112	0
683	1112	0
684	1112	0
685	1112	0
686	1112	0
687	1112	0
688	1112	0
689	1112	0
690	1112	0
691	1112	0
692	1112	0
693	1112	0
694	1112	0
695	1112	1
696	1112	0
697	1112	0
698	1112	0
699	1112	0
700	1112	0
701	1112	0
702	1112	0
703	1112	0
704	1112	0
705	1112	0
706	1112	0
707	1112	0
708	1112	0
709	1112	0
710	1112	0
711	1112	0
712	1112	0
713	1112	0
714	1112	0
715	1112	0
716	1112	0
717	1112	0
718	1112	0
719	1112	0
720	1112	0
722	1112	0
723	1112	1
724	1112	0
725	1112	0
726	1112	0
727	1112	1
728	1112	0
730	1112	0
731	1112	0
732	1112	1
733	1112	0
734	1112	0
735	1112	0
736	1112	0
737	1112	0
738	1112	0
739	1112	0
741	1112	0
742	1112	0
743	1112	0
744	1112	0
745	1112	0
746	1112	0
747	1112	0
748	1112	0
749	1112	0
750	1112	1
751	1112	0
752	1112	0
753	1112	0
754	1112	0
755	1112	0
756	1112	0
757	1112	0
758	1112	1
759	1112	1
760	1112	0
761	1112	0
762	1112	0
763	1112	0
764	1112	0
765	1112	0
767	1112	0
768	1112	0
769	1112	0
770	1112	0
771	1112	0
772	1112	0
773	1112	0
774	1112	1
775	1112	0
776	1112	0
777	1112	0
778	1112	0
779	1112	0
780	1112	0
782	1112	0
783	1112	0
784	1112	0
785	1112	0
786	1112	0
787	1112	0
788	1112	0
789	1112	0
790	1112	0
791	1112	0
793	1112	0
794	1112	0
795	1112	0
796	1112	0
797	1112	0
798	1112	0
799	1112	0
800	1112	0
801	1112	0
802	1112	1
803	1112	0
804	1112	0
806	1112	0
807	1112	0
808	1112	0
809	1112	0
810	1112	0
811	1112	0
812	1112	0
813	1112	0
814	1112	0
816	1112	0
817	1112	0
818	1112	0
819	1112	0
820	1112	0
821	1112	0
822	1112	0
823	1112	0
824	1112	0
825	1112	0
826	1112	0
827	1112	0
828	1112	0
829	1112	0
830	1112	1
831	1112	0
832	1112	0
833	1112	1
834	1112	1
835	1112	0
836	1112	0
837	1112	1
839	1112	0
840	1112	0
841	1112	0
842	1112	0
843	1112	0
844	1112	0
845	1112	0
846	1112	0
847	1112	0
848	1112	0
849	1112	0
850	1112	0
851	1112	0
852	1112	0
853	1112	0
854	1112	0
855	1112	0
856	1112	0
857	1112	0
858	1112	0
859	1112	0
860	1112	0
861	1112	0
862	1112	0
863	1112	0
865	1112	0
866	1112	0
867	1112	0
868	1112	0
869	1112	0
870	1112	0
872	1112	0
873	1112	0
874	1112	0
875	1112	0
876	1112	0
877	1112	0
878	1112	0
879	1112	0
880	1112	0
881	1112	0
882	1112	0
883	1112	0
884	1112	0
885	1112	0
886	1112	0
887	1112	0
888	1112	0
889	1112	0
890	1112	0
891	1112	1
892	1112	0
893	1112	0
894	1112	0
895	1112	0
896	1112	0
897	1112	0
898	1112	0
900	1112	0
901	1112	0
902	1112	0
903	1112	0
904	1112	0
905	1112	0
906	1112	0
907	1112	0
908	1112	0
909	1112	0
910	1112	0
911	1112	0
912	1112	0
913	1112	0
914	1112	0
916	1112	0
917	1112	0
918	1112	0
919	1112	0
920	1112	0
921	1112	1
922	1112	0
923	1112	0
924	1112	0
925	1112	0
926	1112	0
927	1112	0
928	1112	1
930	1112	0
931	1112	0
933	1112	0
934	1112	0
935	1112	0
936	1112	0
937	1112	1
938	1112	0
939	1112	0
940	1112	0
941	1112	0
942	1112	0
943	1112	0
944	1112	0
945	1112	0
946	1112	0
947	1112	0
948	1112	0
949	1112	0
950	1112	0
952	1112	0
953	1112	0
954	1112	0
955	1112	0
956	1112	0
958	1112	1
959	1112	1
961	1112	0
962	1112	0
963	1112	0
964	1112	0
965	1112	1
967	1112	1
