0	1123	0
1	1123	0
2	1123	0
3	1123	1
4	1123	0
5	1123	0
6	1123	0
7	1123	0
8	1123	1
9	1123	0
10	1123	0
11	1123	0
12	1123	0
13	1123	0
14	1123	1
15	1123	0
16	1123	0
17	1123	0
18	1123	0
19	1123	0
20	1123	0
21	1123	0
22	1123	0
23	1123	0
24	1123	0
26	1123	0
27	1123	0
28	1123	0
29	1123	0
30	1123	0
31	1123	0
32	1123	1
33	1123	0
34	1123	1
35	1123	0
36	1123	0
37	1123	0
38	1123	0
39	1123	0
40	1123	0
42	1123	0
43	1123	0
44	1123	0
45	1123	1
46	1123	0
47	1123	1
48	1123	0
49	1123	0
50	1123	0
51	1123	0
52	1123	0
53	1123	0
54	1123	0
55	1123	0
56	1123	0
57	1123	0
58	1123	0
59	1123	1
60	1123	0
61	1123	0
62	1123	0
64	1123	1
65	1123	0
66	1123	0
67	1123	0
68	1123	0
69	1123	0
70	1123	0
71	1123	0
72	1123	0
73	1123	0
74	1123	0
75	1123	0
76	1123	0
77	1123	0
78	1123	0
79	1123	0
80	1123	0
81	1123	0
82	1123	0
83	1123	0
84	1123	0
85	1123	0
86	1123	0
87	1123	0
88	1123	0
89	1123	0
90	1123	0
91	1123	0
92	1123	0
93	1123	0
94	1123	1
95	1123	0
96	1123	0
97	1123	0
98	1123	1
99	1123	0
100	1123	0
101	1123	0
102	1123	0
103	1123	0
104	1123	0
105	1123	0
106	1123	0
109	1123	0
111	1123	0
112	1123	0
113	1123	0
114	1123	0
115	1123	0
116	1123	0
117	1123	0
118	1123	0
119	1123	0
120	1123	0
121	1123	0
122	1123	0
123	1123	0
124	1123	0
125	1123	0
126	1123	0
127	1123	0
129	1123	0
130	1123	0
131	1123	0
132	1123	0
133	1123	0
134	1123	0
136	1123	0
137	1123	0
138	1123	1
139	1123	0
140	1123	1
141	1123	0
142	1123	0
143	1123	0
144	1123	0
145	1123	0
146	1123	0
147	1123	0
148	1123	0
149	1123	0
150	1123	1
151	1123	0
152	1123	0
153	1123	0
154	1123	1
155	1123	0
156	1123	0
157	1123	0
158	1123	1
159	1123	0
160	1123	0
161	1123	0
162	1123	0
163	1123	1
165	1123	0
166	1123	0
167	1123	0
168	1123	0
169	1123	0
170	1123	1
171	1123	0
172	1123	1
173	1123	0
174	1123	0
175	1123	1
177	1123	0
178	1123	0
179	1123	0
180	1123	0
182	1123	0
183	1123	0
184	1123	1
185	1123	1
186	1123	0
187	1123	0
189	1123	0
190	1123	0
191	1123	1
192	1123	0
193	1123	0
194	1123	0
195	1123	0
196	1123	1
197	1123	0
198	1123	0
199	1123	0
200	1123	0
201	1123	0
202	1123	0
203	1123	0
204	1123	0
206	1123	0
207	1123	0
208	1123	0
210	1123	0
211	1123	0
212	1123	0
213	1123	0
214	1123	1
215	1123	0
216	1123	0
217	1123	0
218	1123	0
219	1123	0
220	1123	0
222	1123	0
223	1123	0
224	1123	0
225	1123	0
226	1123	0
227	1123	1
228	1123	0
229	1123	0
230	1123	0
231	1123	0
232	1123	0
233	1123	0
234	1123	0
235	1123	0
236	1123	0
237	1123	0
238	1123	0
239	1123	0
240	1123	0
241	1123	0
242	1123	0
244	1123	0
245	1123	0
246	1123	1
247	1123	0
248	1123	0
249	1123	0
250	1123	0
251	1123	0
252	1123	0
253	1123	0
254	1123	0
255	1123	1
256	1123	0
258	1123	0
259	1123	0
260	1123	0
261	1123	0
262	1123	0
263	1123	0
264	1123	0
265	1123	0
266	1123	0
267	1123	0
268	1123	0
269	1123	0
270	1123	0
271	1123	0
272	1123	0
274	1123	1
275	1123	0
276	1123	0
277	1123	0
278	1123	0
279	1123	0
280	1123	0
281	1123	0
282	1123	0
283	1123	0
284	1123	0
285	1123	0
286	1123	0
287	1123	0
288	1123	0
289	1123	0
290	1123	0
291	1123	0
292	1123	0
293	1123	0
294	1123	0
295	1123	0
296	1123	0
297	1123	0
298	1123	0
299	1123	0
300	1123	0
301	1123	0
302	1123	0
303	1123	0
304	1123	0
305	1123	0
306	1123	0
307	1123	0
308	1123	0
309	1123	0
310	1123	1
311	1123	0
312	1123	0
313	1123	0
314	1123	0
315	1123	0
316	1123	0
317	1123	0
318	1123	0
319	1123	0
320	1123	0
321	1123	0
322	1123	0
323	1123	0
324	1123	1
325	1123	1
326	1123	0
327	1123	0
328	1123	0
329	1123	0
330	1123	0
331	1123	0
333	1123	1
335	1123	0
336	1123	1
337	1123	0
338	1123	0
339	1123	0
340	1123	0
341	1123	1
342	1123	0
343	1123	0
344	1123	0
346	1123	0
347	1123	0
348	1123	1
349	1123	0
350	1123	0
351	1123	0
352	1123	0
354	1123	0
355	1123	0
357	1123	0
358	1123	0
359	1123	0
360	1123	1
361	1123	0
363	1123	1
364	1123	0
365	1123	1
366	1123	0
367	1123	0
368	1123	0
370	1123	1
371	1123	0
372	1123	0
373	1123	0
374	1123	1
375	1123	1
377	1123	1
378	1123	1
379	1123	0
380	1123	1
381	1123	0
382	1123	0
383	1123	0
384	1123	1
385	1123	1
386	1123	0
387	1123	0
388	1123	0
389	1123	0
390	1123	0
391	1123	0
393	1123	0
394	1123	0
395	1123	1
396	1123	0
398	1123	0
399	1123	0
400	1123	1
401	1123	0
402	1123	0
403	1123	0
404	1123	0
405	1123	0
406	1123	0
407	1123	0
408	1123	0
409	1123	0
410	1123	0
411	1123	0
412	1123	0
413	1123	0
414	1123	0
415	1123	0
416	1123	0
417	1123	0
418	1123	0
419	1123	0
420	1123	0
421	1123	0
422	1123	0
423	1123	1
424	1123	1
425	1123	0
426	1123	0
427	1123	0
428	1123	0
429	1123	0
431	1123	0
432	1123	0
433	1123	0
434	1123	0
435	1123	1
436	1123	0
437	1123	1
438	1123	0
439	1123	0
440	1123	0
441	1123	0
442	1123	0
443	1123	0
444	1123	0
445	1123	0
446	1123	1
447	1123	0
448	1123	0
449	1123	0
450	1123	0
451	1123	0
452	1123	0
453	1123	0
454	1123	0
455	1123	1
456	1123	1
457	1123	0
458	1123	0
459	1123	0
460	1123	0
461	1123	0
462	1123	0
463	1123	0
464	1123	1
465	1123	1
466	1123	0
467	1123	0
468	1123	0
469	1123	0
470	1123	0
471	1123	0
472	1123	0
473	1123	0
474	1123	0
475	1123	0
476	1123	0
477	1123	0
478	1123	1
480	1123	0
481	1123	0
482	1123	0
483	1123	0
484	1123	0
485	1123	0
486	1123	0
487	1123	0
489	1123	0
490	1123	0
491	1123	0
492	1123	0
493	1123	0
495	1123	0
496	1123	0
497	1123	0
499	1123	0
500	1123	0
501	1123	0
502	1123	0
503	1123	1
505	1123	0
506	1123	1
508	1123	1
509	1123	0
510	1123	0
511	1123	0
512	1123	0
513	1123	0
514	1123	1
515	1123	0
516	1123	0
517	1123	0
518	1123	0
519	1123	1
520	1123	1
521	1123	0
522	1123	0
523	1123	0
524	1123	0
525	1123	0
526	1123	0
527	1123	0
528	1123	1
529	1123	0
531	1123	0
533	1123	0
534	1123	0
536	1123	1
537	1123	0
538	1123	0
540	1123	0
541	1123	0
542	1123	0
543	1123	0
544	1123	0
546	1123	0
547	1123	0
548	1123	0
549	1123	0
550	1123	0
551	1123	0
553	1123	0
554	1123	0
555	1123	0
556	1123	0
557	1123	0
558	1123	1
559	1123	0
560	1123	0
561	1123	0
562	1123	0
563	1123	0
564	1123	0
565	1123	0
566	1123	0
567	1123	0
568	1123	0
569	1123	0
570	1123	0
571	1123	0
572	1123	0
574	1123	0
575	1123	0
576	1123	0
577	1123	0
578	1123	0
579	1123	0
580	1123	0
582	1123	0
583	1123	0
584	1123	1
585	1123	0
586	1123	0
587	1123	0
588	1123	0
589	1123	0
590	1123	0
591	1123	0
592	1123	0
593	1123	0
594	1123	0
595	1123	0
596	1123	0
597	1123	0
598	1123	0
599	1123	0
600	1123	0
601	1123	0
602	1123	0
604	1123	0
605	1123	0
606	1123	0
607	1123	0
608	1123	0
609	1123	0
611	1123	0
612	1123	0
613	1123	0
614	1123	0
615	1123	0
616	1123	0
617	1123	0
618	1123	0
619	1123	0
620	1123	1
621	1123	0
622	1123	0
624	1123	0
625	1123	0
626	1123	1
627	1123	0
628	1123	0
630	1123	0
631	1123	1
632	1123	0
633	1123	0
635	1123	0
636	1123	0
637	1123	1
640	1123	0
641	1123	0
642	1123	0
643	1123	0
644	1123	0
645	1123	1
646	1123	0
647	1123	0
648	1123	0
649	1123	0
650	1123	1
651	1123	0
652	1123	1
653	1123	0
654	1123	0
655	1123	0
656	1123	1
657	1123	0
658	1123	0
659	1123	0
660	1123	1
661	1123	1
662	1123	0
663	1123	1
664	1123	0
666	1123	1
667	1123	0
668	1123	0
669	1123	0
670	1123	0
671	1123	0
672	1123	0
673	1123	0
674	1123	0
675	1123	0
676	1123	0
677	1123	0
678	1123	0
679	1123	0
680	1123	0
681	1123	0
682	1123	0
683	1123	0
684	1123	0
685	1123	0
686	1123	0
687	1123	0
688	1123	0
689	1123	0
690	1123	0
691	1123	0
692	1123	1
693	1123	0
694	1123	1
695	1123	1
696	1123	0
697	1123	0
698	1123	0
699	1123	0
700	1123	0
701	1123	0
702	1123	0
703	1123	0
704	1123	0
705	1123	0
706	1123	0
707	1123	0
708	1123	0
709	1123	0
710	1123	0
711	1123	0
712	1123	0
713	1123	1
714	1123	0
715	1123	0
716	1123	0
717	1123	0
718	1123	0
719	1123	0
720	1123	0
721	1123	0
722	1123	0
723	1123	0
724	1123	0
725	1123	0
726	1123	0
727	1123	0
728	1123	0
730	1123	0
731	1123	0
732	1123	1
733	1123	0
734	1123	0
735	1123	0
736	1123	0
737	1123	0
738	1123	1
739	1123	0
740	1123	0
741	1123	0
742	1123	0
743	1123	0
744	1123	0
745	1123	0
746	1123	0
747	1123	0
748	1123	1
749	1123	0
750	1123	0
751	1123	0
752	1123	0
753	1123	0
754	1123	0
755	1123	0
756	1123	0
757	1123	0
758	1123	0
760	1123	0
761	1123	0
762	1123	0
763	1123	1
764	1123	0
765	1123	0
767	1123	0
768	1123	0
769	1123	0
770	1123	0
771	1123	1
772	1123	0
773	1123	0
774	1123	1
775	1123	0
776	1123	0
777	1123	0
778	1123	0
779	1123	0
780	1123	0
782	1123	0
783	1123	0
784	1123	0
785	1123	0
786	1123	0
787	1123	0
788	1123	0
789	1123	0
790	1123	0
791	1123	0
793	1123	0
794	1123	0
795	1123	0
796	1123	0
797	1123	0
798	1123	0
799	1123	0
800	1123	0
801	1123	0
802	1123	0
803	1123	0
804	1123	0
806	1123	0
807	1123	0
808	1123	0
809	1123	0
810	1123	0
811	1123	0
812	1123	0
813	1123	0
814	1123	0
816	1123	0
817	1123	0
818	1123	0
819	1123	0
820	1123	0
821	1123	1
822	1123	0
823	1123	0
824	1123	0
825	1123	0
826	1123	0
827	1123	0
828	1123	1
829	1123	1
830	1123	1
831	1123	1
832	1123	1
833	1123	1
834	1123	1
835	1123	0
836	1123	0
837	1123	1
839	1123	0
840	1123	0
841	1123	1
842	1123	0
843	1123	0
844	1123	0
845	1123	0
846	1123	0
847	1123	0
848	1123	0
849	1123	0
850	1123	0
851	1123	0
852	1123	0
853	1123	0
854	1123	0
855	1123	0
856	1123	0
857	1123	0
858	1123	0
859	1123	0
860	1123	0
861	1123	0
862	1123	0
863	1123	0
864	1123	0
865	1123	0
866	1123	0
867	1123	0
868	1123	0
869	1123	0
870	1123	0
872	1123	0
873	1123	0
874	1123	0
875	1123	0
876	1123	0
877	1123	0
878	1123	0
879	1123	0
880	1123	0
881	1123	0
882	1123	0
883	1123	0
884	1123	0
885	1123	0
886	1123	0
887	1123	0
888	1123	0
889	1123	0
890	1123	0
891	1123	0
892	1123	1
893	1123	0
894	1123	0
895	1123	0
896	1123	0
897	1123	0
898	1123	0
900	1123	0
901	1123	0
902	1123	0
903	1123	0
904	1123	0
905	1123	0
906	1123	0
907	1123	0
908	1123	0
909	1123	0
910	1123	0
911	1123	0
912	1123	0
913	1123	0
914	1123	0
916	1123	0
917	1123	1
918	1123	0
919	1123	0
920	1123	0
921	1123	0
922	1123	0
923	1123	0
924	1123	0
925	1123	0
926	1123	1
927	1123	0
928	1123	0
930	1123	0
931	1123	0
933	1123	0
934	1123	0
935	1123	0
936	1123	0
937	1123	0
938	1123	0
939	1123	0
940	1123	0
941	1123	0
942	1123	1
943	1123	1
944	1123	0
945	1123	0
946	1123	0
947	1123	0
948	1123	0
949	1123	0
950	1123	0
952	1123	0
953	1123	1
954	1123	0
955	1123	0
956	1123	0
958	1123	1
959	1123	0
961	1123	0
962	1123	0
963	1123	1
964	1123	0
965	1123	1
967	1123	1
