8	1008	1
10	1008	0
13	1008	0
16	1008	0
18	1008	0
20	1008	0
21	1008	0
24	1008	0
31	1008	0
32	1008	1
33	1008	0
34	1008	0
36	1008	0
39	1008	0
42	1008	0
43	1008	1
44	1008	0
45	1008	0
47	1008	1
48	1008	0
49	1008	0
59	1008	0
61	1008	0
64	1008	0
67	1008	0
71	1008	0
76	1008	0
87	1008	0
93	1008	1
96	1008	0
98	1008	0
101	1008	0
106	1008	0
109	1008	1
112	1008	0
113	1008	0
117	1008	0
120	1008	0
121	1008	0
122	1008	0
125	1008	0
130	1008	0
131	1008	0
133	1008	0
134	1008	0
135	1008	0
137	1008	0
138	1008	0
139	1008	0
140	1008	1
141	1008	1
142	1008	0
143	1008	1
144	1008	1
146	1008	0
147	1008	0
151	1008	0
152	1008	0
154	1008	0
156	1008	0
157	1008	0
159	1008	0
162	1008	0
163	1008	0
164	1008	0
168	1008	0
170	1008	0
171	1008	0
172	1008	0
174	1008	0
176	1008	0
182	1008	0
183	1008	0
184	1008	1
188	1008	0
190	1008	0
191	1008	0
192	1008	0
193	1008	0
194	1008	0
195	1008	1
196	1008	0
197	1008	1
201	1008	0
202	1008	0
203	1008	0
204	1008	0
205	1008	0
206	1008	0
207	1008	0
208	1008	0
209	1008	0
210	1008	0
211	1008	0
214	1008	0
221	1008	1
222	1008	0
224	1008	0
225	1008	0
227	1008	1
228	1008	1
230	1008	0
232	1008	0
233	1008	0
234	1008	0
251	1008	0
252	1008	0
253	1008	0
255	1008	0
263	1008	0
267	1008	0
269	1008	0
274	1008	0
275	1008	0
276	1008	0
282	1008	0
283	1008	0
289	1008	0
290	1008	0
296	1008	0
301	1008	0
310	1008	0
316	1008	0
328	1008	0
334	1008	0
336	1008	0
338	1008	0
339	1008	0
340	1008	0
341	1008	1
343	1008	0
358	1008	0
359	1008	0
360	1008	0
363	1008	0
364	1008	0
365	1008	0
367	1008	0
368	1008	0
370	1008	1
371	1008	0
372	1008	0
373	1008	0
375	1008	0
377	1008	0
378	1008	0
379	1008	0
380	1008	0
381	1008	1
382	1008	0
384	1008	0
385	1008	0
386	1008	0
390	1008	0
391	1008	0
393	1008	0
401	1008	0
402	1008	1
404	1008	0
405	1008	0
406	1008	0
408	1008	1
420	1008	0
421	1008	0
422	1008	0
423	1008	0
424	1008	0
425	1008	0
426	1008	0
427	1008	0
428	1008	1
429	1008	0
430	1008	0
431	1008	0
432	1008	0
433	1008	0
435	1008	0
436	1008	0
443	1008	0
446	1008	1
448	1008	0
449	1008	0
450	1008	0
451	1008	0
453	1008	0
454	1008	0
455	1008	0
457	1008	0
458	1008	0
459	1008	0
461	1008	0
464	1008	0
465	1008	0
475	1008	0
476	1008	0
478	1008	0
486	1008	1
487	1008	0
489	1008	0
496	1008	1
497	1008	0
499	1008	0
500	1008	0
503	1008	1
505	1008	0
506	1008	0
508	1008	0
509	1008	0
510	1008	1
511	1008	1
512	1008	0
514	1008	1
515	1008	0
516	1008	0
517	1008	0
518	1008	1
519	1008	0
520	1008	0
521	1008	0
522	1008	0
523	1008	0
524	1008	0
525	1008	0
526	1008	1
527	1008	0
528	1008	1
529	1008	0
534	1008	0
536	1008	0
537	1008	0
538	1008	0
540	1008	0
541	1008	0
542	1008	0
544	1008	0
549	1008	0
551	1008	0
554	1008	0
557	1008	0
561	1008	0
565	1008	0
566	1008	0
567	1008	0
568	1008	0
569	1008	0
573	1008	1
574	1008	1
584	1008	0
585	1008	0
588	1008	0
589	1008	0
592	1008	0
593	1008	0
595	1008	0
597	1008	0
607	1008	0
608	1008	0
612	1008	0
613	1008	0
616	1008	0
617	1008	0
620	1008	0
625	1008	0
626	1008	0
627	1008	0
630	1008	0
631	1008	0
633	1008	0
637	1008	0
640	1008	0
641	1008	0
642	1008	0
643	1008	0
644	1008	0
645	1008	0
646	1008	0
647	1008	1
648	1008	0
649	1008	0
650	1008	0
651	1008	0
652	1008	0
661	1008	0
662	1008	0
663	1008	1
664	1008	0
666	1008	1
667	1008	0
672	1008	0
673	1008	0
674	1008	0
683	1008	0
692	1008	0
693	1008	0
694	1008	0
713	1008	0
715	1008	1
718	1008	0
720	1008	0
721	1008	1
722	1008	0
728	1008	0
732	1008	0
737	1008	0
738	1008	0
741	1008	0
742	1008	0
743	1008	0
745	1008	0
747	1008	0
748	1008	0
749	1008	0
750	1008	0
754	1008	1
758	1008	0
763	1008	0
767	1008	0
768	1008	0
769	1008	0
771	1008	1
772	1008	0
773	1008	0
774	1008	0
778	1008	1
780	1008	0
784	1008	0
786	1008	0
787	1008	0
796	1008	0
798	1008	0
799	1008	0
802	1008	0
803	1008	0
805	1008	0
808	1008	0
810	1008	0
824	1008	0
827	1008	0
828	1008	0
830	1008	0
831	1008	0
833	1008	0
834	1008	1
837	1008	1
839	1008	0
840	1008	0
855	1008	0
859	1008	1
862	1008	0
863	1008	0
870	1008	0
873	1008	0
874	1008	0
876	1008	0
877	1008	0
879	1008	0
880	1008	0
881	1008	0
882	1008	0
883	1008	0
885	1008	0
887	1008	0
888	1008	0
889	1008	0
890	1008	0
895	1008	0
900	1008	0
901	1008	0
904	1008	0
906	1008	0
911	1008	0
912	1008	1
913	1008	0
917	1008	0
923	1008	0
924	1008	0
928	1008	0
937	1008	0
943	1008	1
944	1008	0
947	1008	0
949	1008	0
952	1008	1
953	1008	0
954	1008	0
955	1008	1
956	1008	0
958	1008	1
963	1008	0
964	1008	0
965	1008	1
967	1008	0
