0	1114	0
1	1114	0
2	1114	0
3	1114	0
4	1114	0
5	1114	0
6	1114	0
7	1114	0
8	1114	1
9	1114	0
10	1114	0
11	1114	0
12	1114	0
13	1114	0
14	1114	0
15	1114	0
16	1114	0
17	1114	1
18	1114	1
19	1114	0
20	1114	0
21	1114	0
22	1114	0
23	1114	0
24	1114	0
26	1114	0
27	1114	0
28	1114	0
29	1114	0
30	1114	0
31	1114	1
32	1114	0
33	1114	0
34	1114	0
35	1114	0
36	1114	0
37	1114	0
38	1114	0
39	1114	0
40	1114	0
42	1114	0
43	1114	0
44	1114	0
45	1114	1
46	1114	0
47	1114	0
48	1114	0
49	1114	0
50	1114	0
51	1114	0
52	1114	0
53	1114	0
54	1114	0
55	1114	0
56	1114	0
57	1114	0
58	1114	0
59	1114	1
60	1114	0
61	1114	0
62	1114	0
64	1114	0
65	1114	0
66	1114	0
67	1114	0
68	1114	0
69	1114	0
70	1114	0
71	1114	1
72	1114	0
73	1114	0
74	1114	0
75	1114	0
76	1114	0
77	1114	0
78	1114	0
79	1114	0
80	1114	0
81	1114	0
82	1114	0
83	1114	0
84	1114	0
85	1114	0
86	1114	0
87	1114	0
88	1114	0
89	1114	0
90	1114	0
91	1114	0
92	1114	0
93	1114	0
94	1114	0
95	1114	0
96	1114	1
97	1114	0
98	1114	0
99	1114	0
100	1114	0
101	1114	0
102	1114	0
103	1114	0
104	1114	0
105	1114	0
106	1114	0
109	1114	0
111	1114	0
112	1114	0
113	1114	0
114	1114	0
115	1114	0
116	1114	0
117	1114	0
118	1114	0
119	1114	0
120	1114	0
121	1114	0
122	1114	0
123	1114	0
124	1114	0
125	1114	1
126	1114	0
127	1114	1
129	1114	0
130	1114	0
131	1114	0
132	1114	0
133	1114	0
134	1114	0
136	1114	0
137	1114	1
138	1114	1
139	1114	0
140	1114	0
141	1114	0
142	1114	0
143	1114	0
144	1114	0
145	1114	0
146	1114	0
147	1114	0
148	1114	0
149	1114	0
150	1114	0
151	1114	0
152	1114	0
153	1114	0
154	1114	1
155	1114	0
156	1114	0
157	1114	0
158	1114	0
159	1114	0
160	1114	0
161	1114	0
162	1114	0
163	1114	1
165	1114	0
166	1114	0
167	1114	0
168	1114	0
169	1114	0
170	1114	0
171	1114	0
172	1114	1
173	1114	0
174	1114	0
175	1114	0
177	1114	0
178	1114	0
179	1114	0
180	1114	0
182	1114	0
183	1114	0
184	1114	0
185	1114	0
186	1114	0
187	1114	0
188	1114	0
189	1114	1
190	1114	0
191	1114	1
192	1114	0
193	1114	0
194	1114	0
195	1114	0
196	1114	1
197	1114	1
198	1114	1
199	1114	0
200	1114	0
201	1114	0
202	1114	0
203	1114	1
204	1114	0
206	1114	0
207	1114	0
208	1114	0
210	1114	0
211	1114	0
212	1114	0
213	1114	0
214	1114	1
215	1114	0
216	1114	0
217	1114	0
218	1114	0
219	1114	0
220	1114	0
222	1114	0
223	1114	0
224	1114	0
225	1114	0
226	1114	0
227	1114	0
228	1114	0
229	1114	0
230	1114	0
231	1114	0
232	1114	1
233	1114	0
234	1114	0
235	1114	0
236	1114	0
237	1114	0
238	1114	0
239	1114	0
240	1114	0
241	1114	0
242	1114	0
244	1114	0
245	1114	0
246	1114	0
247	1114	0
248	1114	0
249	1114	0
250	1114	0
251	1114	0
252	1114	0
253	1114	0
254	1114	1
255	1114	1
256	1114	0
258	1114	0
259	1114	0
260	1114	0
261	1114	0
262	1114	0
263	1114	0
264	1114	0
265	1114	0
266	1114	0
267	1114	0
268	1114	0
269	1114	0
270	1114	0
271	1114	0
272	1114	0
274	1114	0
275	1114	0
276	1114	0
277	1114	0
278	1114	1
279	1114	0
280	1114	1
281	1114	0
282	1114	0
283	1114	0
284	1114	0
285	1114	0
286	1114	0
287	1114	0
288	1114	0
289	1114	1
290	1114	0
291	1114	0
292	1114	0
293	1114	0
294	1114	0
295	1114	0
296	1114	0
297	1114	0
298	1114	0
299	1114	0
300	1114	0
301	1114	0
302	1114	0
303	1114	0
304	1114	0
305	1114	0
306	1114	0
307	1114	0
308	1114	0
309	1114	0
310	1114	0
311	1114	0
312	1114	0
313	1114	0
314	1114	0
315	1114	0
316	1114	0
317	1114	0
318	1114	0
319	1114	0
320	1114	0
321	1114	0
322	1114	0
323	1114	0
324	1114	0
325	1114	0
326	1114	0
327	1114	1
328	1114	0
329	1114	0
330	1114	0
331	1114	0
333	1114	1
335	1114	0
336	1114	0
337	1114	0
338	1114	0
339	1114	0
340	1114	0
341	1114	0
342	1114	0
343	1114	0
344	1114	0
346	1114	0
347	1114	0
348	1114	0
349	1114	0
350	1114	0
351	1114	0
352	1114	0
354	1114	0
355	1114	0
357	1114	0
358	1114	0
359	1114	0
360	1114	1
361	1114	1
363	1114	0
364	1114	0
365	1114	0
366	1114	0
367	1114	0
368	1114	0
370	1114	1
371	1114	1
372	1114	1
373	1114	0
374	1114	1
375	1114	1
377	1114	1
378	1114	1
379	1114	0
380	1114	0
381	1114	0
382	1114	0
383	1114	0
384	1114	0
385	1114	0
386	1114	0
387	1114	0
388	1114	0
389	1114	0
390	1114	1
391	1114	0
393	1114	0
394	1114	0
395	1114	1
396	1114	0
398	1114	0
399	1114	0
400	1114	0
401	1114	0
402	1114	0
403	1114	0
404	1114	1
405	1114	0
406	1114	0
407	1114	0
408	1114	0
409	1114	0
410	1114	0
411	1114	0
412	1114	0
413	1114	0
414	1114	0
415	1114	0
416	1114	0
417	1114	0
418	1114	0
419	1114	0
420	1114	0
421	1114	1
422	1114	0
423	1114	0
424	1114	0
425	1114	0
426	1114	0
427	1114	0
428	1114	0
429	1114	0
431	1114	0
432	1114	0
433	1114	0
434	1114	0
435	1114	0
436	1114	1
437	1114	0
438	1114	1
439	1114	0
440	1114	0
441	1114	0
442	1114	0
443	1114	0
444	1114	0
445	1114	0
446	1114	1
447	1114	0
448	1114	0
449	1114	0
450	1114	0
451	1114	0
452	1114	0
453	1114	0
454	1114	0
455	1114	0
456	1114	0
457	1114	0
458	1114	0
459	1114	0
460	1114	0
461	1114	0
462	1114	0
463	1114	0
464	1114	0
465	1114	0
466	1114	0
467	1114	0
468	1114	0
469	1114	0
470	1114	0
471	1114	0
472	1114	0
473	1114	0
474	1114	0
475	1114	0
476	1114	0
477	1114	0
478	1114	0
480	1114	0
481	1114	0
482	1114	0
483	1114	0
484	1114	0
485	1114	0
486	1114	0
487	1114	0
489	1114	0
490	1114	0
491	1114	0
492	1114	0
493	1114	0
495	1114	0
496	1114	1
497	1114	1
499	1114	0
500	1114	1
501	1114	0
502	1114	0
503	1114	1
505	1114	1
506	1114	1
508	1114	0
509	1114	1
510	1114	0
511	1114	0
512	1114	0
513	1114	0
514	1114	1
515	1114	1
516	1114	0
517	1114	0
518	1114	1
519	1114	1
520	1114	1
521	1114	0
522	1114	0
523	1114	0
524	1114	0
525	1114	0
526	1114	0
527	1114	0
528	1114	0
529	1114	0
531	1114	0
533	1114	0
534	1114	0
536	1114	0
537	1114	0
538	1114	0
540	1114	0
541	1114	0
542	1114	0
543	1114	0
544	1114	0
546	1114	0
547	1114	0
548	1114	0
549	1114	0
550	1114	0
551	1114	0
553	1114	0
554	1114	0
555	1114	0
556	1114	0
557	1114	0
558	1114	0
559	1114	0
560	1114	0
561	1114	0
562	1114	0
563	1114	0
564	1114	0
565	1114	0
566	1114	0
567	1114	0
568	1114	0
569	1114	0
570	1114	0
571	1114	0
572	1114	0
574	1114	0
575	1114	0
576	1114	0
577	1114	0
578	1114	0
579	1114	0
580	1114	0
582	1114	0
583	1114	0
584	1114	0
585	1114	0
586	1114	0
587	1114	0
588	1114	0
589	1114	0
590	1114	0
591	1114	0
592	1114	0
593	1114	0
594	1114	0
595	1114	0
596	1114	0
597	1114	0
598	1114	0
599	1114	0
600	1114	0
601	1114	0
602	1114	0
604	1114	0
605	1114	0
606	1114	0
607	1114	0
608	1114	0
609	1114	0
611	1114	0
612	1114	0
613	1114	0
614	1114	0
615	1114	0
616	1114	1
617	1114	1
618	1114	0
619	1114	0
620	1114	0
621	1114	1
622	1114	0
624	1114	0
625	1114	0
626	1114	0
627	1114	0
628	1114	0
630	1114	0
631	1114	0
632	1114	1
633	1114	0
635	1114	0
636	1114	0
637	1114	1
640	1114	0
641	1114	0
642	1114	0
643	1114	0
644	1114	0
645	1114	1
646	1114	0
647	1114	0
648	1114	0
649	1114	0
650	1114	0
651	1114	0
652	1114	1
653	1114	0
654	1114	0
655	1114	0
656	1114	0
657	1114	0
658	1114	0
659	1114	0
660	1114	0
661	1114	0
662	1114	1
663	1114	0
664	1114	1
666	1114	1
667	1114	0
668	1114	0
669	1114	0
670	1114	0
671	1114	0
672	1114	1
673	1114	0
674	1114	0
675	1114	0
676	1114	0
677	1114	0
678	1114	0
679	1114	0
680	1114	0
681	1114	0
682	1114	0
683	1114	0
684	1114	0
685	1114	0
686	1114	0
687	1114	0
688	1114	0
689	1114	0
690	1114	0
691	1114	0
692	1114	1
693	1114	0
694	1114	0
695	1114	1
696	1114	0
697	1114	0
698	1114	0
699	1114	0
700	1114	0
701	1114	0
702	1114	0
703	1114	0
704	1114	0
705	1114	0
706	1114	0
707	1114	0
708	1114	0
709	1114	0
710	1114	0
711	1114	0
712	1114	0
713	1114	0
714	1114	0
715	1114	1
716	1114	0
717	1114	0
718	1114	1
719	1114	0
720	1114	0
721	1114	1
722	1114	0
723	1114	0
724	1114	0
725	1114	0
726	1114	0
727	1114	0
728	1114	0
730	1114	0
731	1114	0
732	1114	1
733	1114	0
734	1114	0
735	1114	0
736	1114	0
737	1114	0
738	1114	0
739	1114	0
740	1114	0
741	1114	0
742	1114	1
743	1114	0
744	1114	0
745	1114	0
746	1114	0
747	1114	1
748	1114	1
749	1114	1
750	1114	1
751	1114	0
752	1114	0
753	1114	0
754	1114	0
755	1114	0
756	1114	0
757	1114	0
758	1114	0
759	1114	1
760	1114	0
761	1114	0
762	1114	0
763	1114	1
764	1114	0
765	1114	0
767	1114	0
768	1114	0
769	1114	0
770	1114	0
771	1114	0
772	1114	0
773	1114	0
774	1114	1
775	1114	0
776	1114	0
777	1114	0
778	1114	0
779	1114	0
780	1114	0
782	1114	0
783	1114	0
784	1114	0
785	1114	0
786	1114	0
787	1114	0
788	1114	0
789	1114	0
790	1114	0
791	1114	0
793	1114	0
794	1114	0
795	1114	0
796	1114	0
797	1114	0
798	1114	0
799	1114	0
800	1114	0
801	1114	0
802	1114	0
803	1114	0
804	1114	0
806	1114	0
807	1114	0
808	1114	1
809	1114	0
810	1114	0
811	1114	0
812	1114	0
813	1114	1
814	1114	0
816	1114	0
817	1114	0
818	1114	0
819	1114	0
820	1114	0
821	1114	0
822	1114	0
823	1114	0
824	1114	0
825	1114	0
826	1114	0
827	1114	1
828	1114	1
829	1114	1
830	1114	1
831	1114	0
832	1114	1
833	1114	1
834	1114	0
835	1114	0
836	1114	0
837	1114	0
839	1114	1
840	1114	0
841	1114	0
842	1114	0
843	1114	0
844	1114	0
845	1114	0
846	1114	0
847	1114	0
848	1114	0
849	1114	0
850	1114	0
851	1114	0
852	1114	0
853	1114	0
854	1114	0
855	1114	0
856	1114	0
857	1114	0
858	1114	0
859	1114	0
860	1114	0
861	1114	0
862	1114	0
863	1114	0
864	1114	0
865	1114	0
866	1114	0
867	1114	0
868	1114	0
869	1114	0
870	1114	0
872	1114	0
873	1114	0
874	1114	0
875	1114	0
876	1114	0
877	1114	0
878	1114	0
879	1114	0
880	1114	0
881	1114	0
882	1114	0
883	1114	0
884	1114	0
885	1114	0
886	1114	0
887	1114	0
888	1114	0
889	1114	0
890	1114	0
891	1114	0
892	1114	0
893	1114	0
894	1114	0
895	1114	1
896	1114	0
897	1114	0
898	1114	0
900	1114	0
901	1114	0
902	1114	0
903	1114	0
904	1114	0
905	1114	0
906	1114	0
907	1114	0
908	1114	0
909	1114	0
910	1114	0
911	1114	0
912	1114	0
913	1114	0
914	1114	0
916	1114	0
917	1114	1
918	1114	0
919	1114	0
920	1114	0
921	1114	0
922	1114	0
923	1114	0
924	1114	0
925	1114	0
926	1114	0
927	1114	0
928	1114	0
930	1114	0
931	1114	0
933	1114	1
934	1114	0
935	1114	0
936	1114	0
937	1114	1
938	1114	0
939	1114	0
940	1114	0
941	1114	0
942	1114	0
943	1114	0
944	1114	0
945	1114	0
946	1114	0
947	1114	0
948	1114	0
949	1114	0
950	1114	0
952	1114	0
953	1114	1
954	1114	0
955	1114	0
956	1114	0
958	1114	1
959	1114	0
961	1114	0
962	1114	0
963	1114	1
964	1114	0
965	1114	1
967	1114	1
