8	995	1
10	995	0
13	995	0
16	995	0
18	995	0
20	995	0
21	995	0
24	995	0
31	995	1
32	995	0
33	995	0
34	995	0
36	995	0
39	995	1
42	995	0
43	995	0
44	995	0
45	995	0
47	995	0
48	995	0
49	995	0
59	995	0
61	995	0
64	995	0
67	995	0
71	995	0
76	995	0
87	995	0
93	995	0
96	995	0
98	995	0
101	995	0
106	995	0
109	995	1
112	995	1
113	995	0
117	995	0
120	995	0
121	995	0
122	995	1
125	995	0
130	995	0
131	995	0
133	995	0
134	995	0
135	995	0
137	995	0
138	995	1
139	995	0
140	995	0
141	995	0
142	995	0
143	995	0
144	995	0
146	995	0
147	995	0
151	995	0
152	995	0
154	995	1
156	995	0
157	995	0
159	995	0
162	995	0
163	995	0
164	995	0
168	995	1
170	995	0
171	995	0
172	995	0
174	995	0
176	995	1
182	995	0
183	995	0
184	995	0
190	995	0
191	995	0
192	995	0
193	995	1
194	995	0
195	995	0
196	995	0
197	995	1
201	995	1
202	995	0
203	995	1
204	995	0
205	995	0
206	995	0
207	995	0
208	995	0
209	995	0
210	995	0
211	995	0
214	995	0
221	995	0
222	995	0
224	995	0
225	995	0
227	995	0
228	995	0
230	995	0
232	995	1
233	995	0
234	995	0
251	995	1
252	995	0
253	995	0
255	995	0
263	995	0
267	995	0
269	995	0
274	995	0
275	995	0
276	995	0
282	995	0
283	995	0
289	995	0
290	995	0
296	995	0
301	995	0
310	995	0
316	995	0
328	995	0
334	995	0
336	995	0
338	995	1
339	995	0
340	995	0
341	995	0
343	995	0
358	995	0
359	995	0
360	995	0
363	995	0
364	995	0
365	995	0
367	995	0
368	995	0
370	995	1
371	995	0
372	995	0
373	995	0
375	995	0
377	995	0
378	995	0
379	995	0
380	995	0
381	995	0
382	995	0
384	995	0
385	995	1
386	995	0
390	995	0
391	995	0
393	995	0
401	995	0
402	995	0
404	995	0
405	995	0
406	995	0
408	995	0
420	995	0
421	995	0
422	995	0
423	995	0
424	995	1
425	995	0
426	995	0
427	995	0
428	995	0
429	995	0
430	995	0
431	995	0
432	995	0
433	995	0
435	995	0
436	995	0
443	995	0
446	995	0
448	995	0
449	995	0
450	995	0
451	995	0
453	995	1
454	995	0
455	995	0
457	995	0
458	995	0
459	995	0
461	995	0
464	995	0
465	995	0
475	995	0
476	995	0
478	995	0
486	995	0
487	995	0
489	995	0
496	995	0
497	995	0
499	995	0
500	995	0
503	995	0
505	995	0
506	995	0
508	995	0
509	995	0
510	995	0
511	995	0
512	995	0
514	995	0
515	995	0
516	995	0
517	995	1
518	995	0
519	995	0
520	995	0
521	995	0
522	995	0
523	995	0
524	995	0
525	995	0
526	995	0
527	995	0
528	995	0
529	995	0
534	995	0
536	995	0
537	995	0
538	995	0
540	995	0
541	995	0
542	995	0
544	995	0
549	995	0
551	995	0
554	995	0
557	995	0
561	995	0
565	995	0
566	995	0
567	995	0
568	995	0
569	995	0
573	995	0
574	995	0
584	995	0
585	995	0
588	995	0
589	995	0
592	995	0
593	995	0
595	995	0
597	995	0
607	995	0
608	995	0
612	995	0
613	995	0
616	995	0
617	995	0
620	995	0
625	995	0
626	995	0
627	995	0
630	995	0
631	995	0
633	995	0
637	995	0
640	995	0
641	995	0
642	995	0
643	995	1
644	995	0
645	995	0
646	995	0
647	995	0
648	995	0
649	995	0
650	995	0
651	995	0
652	995	0
661	995	0
662	995	0
663	995	0
664	995	0
666	995	0
667	995	0
672	995	0
673	995	0
674	995	1
683	995	0
692	995	0
693	995	0
694	995	0
713	995	0
715	995	0
718	995	1
720	995	0
721	995	0
722	995	0
728	995	0
732	995	0
737	995	0
738	995	0
741	995	0
742	995	0
743	995	0
745	995	0
747	995	0
748	995	0
749	995	0
750	995	0
754	995	0
758	995	0
763	995	1
767	995	0
768	995	0
769	995	1
771	995	1
772	995	0
773	995	0
774	995	0
778	995	1
780	995	1
784	995	0
786	995	0
787	995	0
796	995	0
798	995	0
799	995	0
802	995	0
803	995	0
805	995	0
808	995	1
810	995	0
824	995	0
827	995	0
828	995	0
830	995	0
831	995	0
833	995	0
834	995	0
837	995	0
839	995	0
840	995	0
855	995	0
859	995	0
862	995	0
863	995	0
870	995	0
873	995	0
874	995	0
876	995	0
877	995	0
879	995	0
880	995	0
881	995	0
882	995	0
883	995	0
885	995	0
887	995	0
888	995	0
889	995	1
890	995	0
895	995	0
900	995	0
901	995	0
904	995	1
906	995	0
911	995	0
912	995	0
913	995	0
917	995	1
923	995	0
924	995	0
928	995	0
937	995	0
943	995	1
944	995	0
947	995	1
949	995	0
952	995	0
953	995	0
954	995	0
955	995	0
956	995	0
958	995	0
963	995	0
964	995	0
965	995	0
967	995	0
