0	1137	0
1	1137	0
2	1137	0
3	1137	0
4	1137	1
5	1137	1
6	1137	0
7	1137	0
8	1137	0
10	1137	0
11	1137	0
12	1137	0
13	1137	0
15	1137	0
16	1137	0
17	1137	0
18	1137	0
19	1137	1
20	1137	0
21	1137	1
22	1137	0
23	1137	0
24	1137	0
25	1137	0
27	1137	0
28	1137	0
29	1137	0
30	1137	0
31	1137	1
32	1137	1
33	1137	0
34	1137	0
35	1137	0
36	1137	0
37	1137	0
38	1137	0
39	1137	1
40	1137	0
41	1137	0
42	1137	0
43	1137	0
44	1137	0
45	1137	0
47	1137	1
48	1137	0
49	1137	1
51	1137	0
53	1137	0
55	1137	0
56	1137	0
58	1137	0
59	1137	1
60	1137	0
61	1137	0
62	1137	0
63	1137	0
64	1137	1
65	1137	0
66	1137	0
67	1137	0
68	1137	0
69	1137	0
70	1137	0
71	1137	0
72	1137	0
73	1137	0
74	1137	0
75	1137	0
77	1137	1
78	1137	0
79	1137	1
80	1137	0
81	1137	0
83	1137	0
84	1137	0
85	1137	0
86	1137	0
87	1137	0
89	1137	0
90	1137	0
91	1137	0
92	1137	0
93	1137	0
94	1137	0
95	1137	0
96	1137	1
97	1137	0
98	1137	1
100	1137	0
101	1137	0
102	1137	0
103	1137	0
104	1137	0
105	1137	0
106	1137	0
107	1137	0
108	1137	0
109	1137	0
110	1137	0
111	1137	0
112	1137	0
113	1137	0
114	1137	0
115	1137	0
116	1137	0
117	1137	0
118	1137	0
120	1137	0
121	1137	0
124	1137	0
125	1137	0
129	1137	0
130	1137	0
131	1137	0
132	1137	0
133	1137	0
134	1137	1
135	1137	1
136	1137	0
137	1137	0
138	1137	1
139	1137	0
140	1137	0
141	1137	0
142	1137	0
143	1137	0
144	1137	0
145	1137	0
146	1137	0
147	1137	0
148	1137	1
149	1137	0
150	1137	0
151	1137	0
152	1137	1
153	1137	0
154	1137	1
155	1137	0
156	1137	0
157	1137	0
158	1137	0
159	1137	0
160	1137	0
161	1137	0
162	1137	0
163	1137	0
164	1137	1
165	1137	0
166	1137	0
167	1137	0
168	1137	0
169	1137	0
170	1137	0
171	1137	0
172	1137	0
173	1137	0
174	1137	0
175	1137	0
177	1137	0
178	1137	0
179	1137	0
180	1137	0
181	1137	0
182	1137	0
183	1137	0
184	1137	0
185	1137	0
186	1137	0
187	1137	0
188	1137	1
189	1137	0
190	1137	0
191	1137	0
193	1137	0
194	1137	0
195	1137	0
196	1137	0
197	1137	0
198	1137	0
199	1137	0
200	1137	0
201	1137	0
202	1137	0
203	1137	0
204	1137	0
206	1137	0
207	1137	0
208	1137	0
209	1137	0
210	1137	0
211	1137	0
212	1137	0
213	1137	0
214	1137	0
215	1137	0
216	1137	0
217	1137	0
218	1137	0
219	1137	0
220	1137	1
221	1137	0
222	1137	0
224	1137	0
225	1137	0
227	1137	0
228	1137	0
229	1137	0
230	1137	0
232	1137	0
233	1137	1
235	1137	0
237	1137	0
238	1137	0
239	1137	0
240	1137	0
245	1137	0
246	1137	0
247	1137	0
248	1137	0
249	1137	0
250	1137	0
251	1137	0
252	1137	0
253	1137	0
254	1137	0
255	1137	0
256	1137	0
257	1137	0
258	1137	0
259	1137	0
260	1137	0
261	1137	0
262	1137	0
263	1137	0
264	1137	0
265	1137	0
266	1137	0
267	1137	0
268	1137	0
271	1137	0
272	1137	0
273	1137	0
274	1137	0
275	1137	0
276	1137	0
277	1137	0
278	1137	0
280	1137	0
281	1137	0
282	1137	0
283	1137	0
284	1137	0
285	1137	0
286	1137	0
287	1137	1
288	1137	1
289	1137	0
290	1137	0
292	1137	0
293	1137	0
295	1137	0
296	1137	0
297	1137	0
298	1137	0
302	1137	0
303	1137	0
304	1137	0
305	1137	0
306	1137	0
308	1137	0
310	1137	0
311	1137	0
312	1137	0
313	1137	0
314	1137	0
315	1137	0
317	1137	0
318	1137	0
319	1137	0
321	1137	0
322	1137	0
323	1137	0
324	1137	0
325	1137	0
326	1137	0
327	1137	0
328	1137	0
329	1137	0
330	1137	0
331	1137	0
332	1137	0
333	1137	1
334	1137	0
336	1137	0
337	1137	0
338	1137	0
340	1137	1
341	1137	0
344	1137	0
345	1137	1
346	1137	0
347	1137	0
348	1137	0
349	1137	0
350	1137	0
351	1137	0
352	1137	0
353	1137	0
354	1137	1
355	1137	0
356	1137	1
357	1137	0
358	1137	0
359	1137	1
360	1137	0
361	1137	0
362	1137	0
363	1137	0
364	1137	1
365	1137	0
366	1137	0
367	1137	0
369	1137	0
370	1137	1
371	1137	0
372	1137	0
373	1137	1
374	1137	0
375	1137	0
376	1137	0
377	1137	0
378	1137	0
379	1137	0
381	1137	0
382	1137	0
383	1137	0
384	1137	0
385	1137	0
386	1137	0
387	1137	0
388	1137	0
389	1137	0
390	1137	0
391	1137	0
392	1137	0
393	1137	0
394	1137	0
395	1137	0
397	1137	0
398	1137	0
399	1137	0
401	1137	0
402	1137	0
403	1137	0
404	1137	0
405	1137	0
406	1137	0
407	1137	0
408	1137	0
409	1137	0
410	1137	0
412	1137	0
414	1137	0
415	1137	0
416	1137	0
417	1137	0
418	1137	0
419	1137	0
421	1137	0
422	1137	0
423	1137	0
424	1137	0
425	1137	0
426	1137	0
427	1137	0
428	1137	0
429	1137	0
430	1137	0
431	1137	0
432	1137	0
434	1137	0
436	1137	0
437	1137	1
438	1137	0
439	1137	0
440	1137	0
441	1137	0
442	1137	0
444	1137	0
445	1137	0
446	1137	0
447	1137	0
449	1137	0
450	1137	0
451	1137	0
452	1137	0
453	1137	0
454	1137	0
455	1137	0
456	1137	0
457	1137	0
458	1137	0
459	1137	0
461	1137	0
462	1137	0
463	1137	0
464	1137	0
465	1137	0
466	1137	0
468	1137	0
469	1137	0
470	1137	1
471	1137	0
472	1137	0
473	1137	0
474	1137	0
475	1137	0
476	1137	0
477	1137	0
478	1137	0
479	1137	0
480	1137	0
481	1137	0
482	1137	0
483	1137	0
484	1137	0
486	1137	0
487	1137	0
488	1137	0
489	1137	0
490	1137	0
492	1137	0
493	1137	0
494	1137	0
496	1137	0
497	1137	0
498	1137	0
499	1137	0
500	1137	0
501	1137	0
502	1137	1
503	1137	0
504	1137	0
505	1137	0
506	1137	0
507	1137	1
508	1137	0
509	1137	0
510	1137	0
511	1137	0
512	1137	0
513	1137	0
514	1137	1
515	1137	0
516	1137	0
518	1137	0
519	1137	0
520	1137	1
521	1137	0
522	1137	0
523	1137	0
524	1137	0
525	1137	0
526	1137	0
527	1137	0
528	1137	0
530	1137	0
531	1137	0
533	1137	0
534	1137	0
535	1137	0
536	1137	0
538	1137	0
539	1137	0
541	1137	0
542	1137	0
543	1137	0
544	1137	0
545	1137	0
546	1137	0
547	1137	0
549	1137	0
550	1137	0
551	1137	0
553	1137	0
554	1137	0
555	1137	0
556	1137	0
557	1137	0
558	1137	1
559	1137	0
560	1137	0
561	1137	0
562	1137	0
563	1137	1
565	1137	0
566	1137	0
567	1137	0
568	1137	0
569	1137	0
571	1137	0
573	1137	0
574	1137	0
575	1137	0
576	1137	0
577	1137	0
578	1137	0
580	1137	0
583	1137	0
584	1137	0
585	1137	0
586	1137	0
587	1137	0
588	1137	0
589	1137	0
591	1137	0
593	1137	0
595	1137	0
596	1137	0
597	1137	0
598	1137	0
599	1137	0
600	1137	0
601	1137	0
602	1137	0
604	1137	0
605	1137	0
606	1137	0
607	1137	0
608	1137	0
609	1137	0
611	1137	0
612	1137	0
613	1137	0
614	1137	0
616	1137	0
617	1137	0
618	1137	0
619	1137	0
620	1137	0
621	1137	0
622	1137	0
624	1137	0
625	1137	0
626	1137	0
627	1137	0
628	1137	0
630	1137	0
632	1137	0
633	1137	0
634	1137	0
635	1137	0
636	1137	0
637	1137	0
638	1137	0
639	1137	0
640	1137	0
641	1137	0
642	1137	0
643	1137	0
644	1137	0
645	1137	1
646	1137	0
647	1137	0
648	1137	0
649	1137	1
650	1137	0
651	1137	0
652	1137	1
654	1137	0
655	1137	0
656	1137	0
657	1137	0
659	1137	0
660	1137	0
661	1137	0
662	1137	0
663	1137	0
664	1137	0
665	1137	0
666	1137	0
667	1137	0
668	1137	0
669	1137	0
670	1137	1
671	1137	0
672	1137	0
673	1137	0
674	1137	0
676	1137	0
677	1137	0
678	1137	0
679	1137	0
680	1137	0
681	1137	0
683	1137	0
684	1137	0
685	1137	0
686	1137	0
687	1137	0
688	1137	0
689	1137	0
690	1137	0
691	1137	0
692	1137	0
693	1137	0
694	1137	1
695	1137	0
696	1137	0
697	1137	0
698	1137	0
699	1137	0
700	1137	0
701	1137	0
703	1137	0
705	1137	0
706	1137	0
707	1137	0
709	1137	0
710	1137	1
711	1137	0
712	1137	0
713	1137	0
714	1137	0
715	1137	0
717	1137	0
718	1137	1
719	1137	0
720	1137	0
721	1137	1
722	1137	0
723	1137	0
724	1137	0
725	1137	0
726	1137	0
727	1137	0
728	1137	0
729	1137	0
730	1137	0
732	1137	0
734	1137	0
735	1137	0
736	1137	0
737	1137	0
738	1137	0
739	1137	0
740	1137	0
741	1137	0
742	1137	0
743	1137	0
744	1137	0
745	1137	0
746	1137	0
747	1137	1
748	1137	0
749	1137	1
752	1137	0
753	1137	0
754	1137	1
755	1137	0
756	1137	0
757	1137	0
758	1137	0
759	1137	0
760	1137	0
762	1137	0
764	1137	0
765	1137	0
766	1137	0
767	1137	0
768	1137	0
769	1137	0
770	1137	0
771	1137	0
772	1137	0
773	1137	0
775	1137	0
776	1137	0
777	1137	0
778	1137	0
780	1137	0
781	1137	0
782	1137	0
783	1137	0
784	1137	0
786	1137	0
787	1137	0
788	1137	0
790	1137	0
791	1137	0
792	1137	0
793	1137	0
794	1137	0
795	1137	0
796	1137	0
797	1137	0
798	1137	0
799	1137	0
800	1137	0
801	1137	0
802	1137	0
803	1137	0
804	1137	0
806	1137	0
807	1137	0
808	1137	0
810	1137	0
811	1137	0
814	1137	1
816	1137	0
818	1137	0
819	1137	0
820	1137	0
822	1137	0
823	1137	0
824	1137	0
825	1137	0
826	1137	0
827	1137	0
830	1137	0
831	1137	0
832	1137	1
833	1137	1
835	1137	0
836	1137	0
837	1137	0
838	1137	0
839	1137	0
840	1137	0
843	1137	0
844	1137	0
845	1137	0
848	1137	0
849	1137	0
850	1137	0
851	1137	0
852	1137	0
853	1137	0
854	1137	0
855	1137	0
856	1137	0
857	1137	0
861	1137	0
862	1137	0
863	1137	0
864	1137	0
866	1137	0
867	1137	0
868	1137	0
869	1137	0
871	1137	0
873	1137	0
875	1137	0
876	1137	0
877	1137	0
878	1137	0
880	1137	0
881	1137	0
882	1137	0
883	1137	0
884	1137	0
885	1137	0
887	1137	0
888	1137	0
889	1137	0
890	1137	0
891	1137	0
892	1137	0
893	1137	0
894	1137	0
895	1137	0
896	1137	0
897	1137	0
898	1137	0
899	1137	0
900	1137	1
901	1137	0
903	1137	0
904	1137	0
905	1137	0
907	1137	0
908	1137	0
909	1137	0
910	1137	0
911	1137	0
912	1137	0
913	1137	0
915	1137	0
916	1137	0
917	1137	0
918	1137	0
919	1137	0
920	1137	0
921	1137	1
922	1137	0
923	1137	0
924	1137	0
925	1137	0
926	1137	0
927	1137	0
928	1137	0
929	1137	0
934	1137	0
935	1137	0
936	1137	0
937	1137	0
939	1137	0
940	1137	0
941	1137	0
942	1137	0
943	1137	0
944	1137	0
945	1137	0
946	1137	0
948	1137	0
949	1137	0
950	1137	0
952	1137	0
953	1137	1
954	1137	0
955	1137	0
956	1137	0
957	1137	0
958	1137	0
959	1137	0
960	1137	0
961	1137	0
962	1137	0
963	1137	0
964	1137	0
965	1137	1
966	1137	0
967	1137	1
