0	1060	1
1	1060	0
2	1060	0
3	1060	0
4	1060	0
5	1060	0
6	1060	0
7	1060	0
8	1060	1
9	1060	0
10	1060	0
11	1060	0
12	1060	0
13	1060	0
14	1060	1
15	1060	0
16	1060	0
17	1060	0
18	1060	0
19	1060	0
20	1060	0
21	1060	0
22	1060	0
23	1060	1
24	1060	0
26	1060	0
27	1060	0
28	1060	0
29	1060	0
30	1060	0
31	1060	1
32	1060	1
33	1060	0
34	1060	0
35	1060	0
36	1060	0
37	1060	0
38	1060	0
39	1060	1
40	1060	0
42	1060	0
43	1060	0
44	1060	0
45	1060	0
46	1060	0
47	1060	1
48	1060	0
49	1060	0
50	1060	0
51	1060	0
52	1060	0
53	1060	0
54	1060	0
55	1060	0
56	1060	0
57	1060	0
58	1060	0
59	1060	1
60	1060	0
61	1060	0
62	1060	0
64	1060	1
65	1060	0
66	1060	0
67	1060	0
68	1060	0
69	1060	0
70	1060	1
71	1060	1
72	1060	0
73	1060	0
74	1060	0
75	1060	0
76	1060	0
77	1060	0
78	1060	0
79	1060	0
80	1060	0
81	1060	0
82	1060	0
83	1060	0
84	1060	0
85	1060	0
86	1060	0
87	1060	0
88	1060	0
89	1060	0
90	1060	0
91	1060	0
92	1060	0
93	1060	0
94	1060	0
95	1060	0
96	1060	0
97	1060	0
98	1060	0
99	1060	0
100	1060	0
102	1060	1
103	1060	0
104	1060	0
105	1060	0
106	1060	0
109	1060	0
111	1060	0
112	1060	0
113	1060	0
114	1060	0
115	1060	0
116	1060	0
117	1060	1
118	1060	0
119	1060	0
120	1060	0
121	1060	0
122	1060	0
123	1060	0
124	1060	0
125	1060	0
126	1060	1
127	1060	1
129	1060	1
130	1060	0
131	1060	0
132	1060	0
133	1060	0
134	1060	0
136	1060	0
137	1060	0
138	1060	1
139	1060	0
140	1060	0
141	1060	0
142	1060	0
143	1060	0
144	1060	0
145	1060	0
146	1060	0
147	1060	0
148	1060	0
149	1060	0
150	1060	0
151	1060	1
152	1060	0
153	1060	0
154	1060	0
155	1060	0
156	1060	0
157	1060	0
158	1060	1
159	1060	0
160	1060	1
161	1060	0
162	1060	0
163	1060	1
165	1060	0
166	1060	0
167	1060	0
168	1060	0
169	1060	0
170	1060	0
171	1060	1
172	1060	1
173	1060	0
174	1060	0
175	1060	0
177	1060	1
178	1060	0
179	1060	0
180	1060	0
182	1060	0
183	1060	0
184	1060	1
185	1060	1
186	1060	0
187	1060	0
188	1060	1
189	1060	0
190	1060	0
191	1060	1
192	1060	1
193	1060	0
194	1060	1
195	1060	0
196	1060	1
197	1060	0
198	1060	0
199	1060	0
200	1060	0
201	1060	0
202	1060	0
203	1060	1
204	1060	0
206	1060	0
207	1060	0
208	1060	0
210	1060	0
211	1060	1
212	1060	0
213	1060	0
214	1060	1
215	1060	0
216	1060	0
217	1060	0
218	1060	1
219	1060	0
220	1060	0
222	1060	0
223	1060	0
224	1060	0
225	1060	0
226	1060	0
227	1060	1
228	1060	0
229	1060	0
230	1060	0
231	1060	0
232	1060	0
233	1060	0
234	1060	0
235	1060	0
236	1060	0
237	1060	0
238	1060	0
239	1060	1
240	1060	0
241	1060	0
242	1060	0
244	1060	0
245	1060	0
246	1060	0
247	1060	0
248	1060	0
249	1060	0
250	1060	0
251	1060	0
252	1060	0
253	1060	0
254	1060	0
255	1060	0
256	1060	0
258	1060	0
259	1060	1
260	1060	0
261	1060	0
262	1060	0
263	1060	0
264	1060	0
265	1060	0
266	1060	0
267	1060	0
268	1060	1
269	1060	0
270	1060	0
271	1060	0
272	1060	0
273	1060	0
274	1060	0
275	1060	0
276	1060	0
277	1060	0
278	1060	0
279	1060	0
280	1060	0
281	1060	0
282	1060	1
283	1060	0
284	1060	0
285	1060	0
286	1060	0
287	1060	0
288	1060	1
289	1060	0
290	1060	0
291	1060	0
292	1060	0
293	1060	0
294	1060	0
295	1060	0
296	1060	0
297	1060	0
298	1060	0
299	1060	0
300	1060	0
301	1060	0
302	1060	0
303	1060	0
304	1060	0
305	1060	1
306	1060	0
307	1060	1
308	1060	0
309	1060	0
310	1060	0
311	1060	0
312	1060	0
313	1060	0
314	1060	0
315	1060	0
316	1060	0
317	1060	0
318	1060	0
319	1060	0
320	1060	0
321	1060	0
322	1060	0
323	1060	0
324	1060	0
325	1060	0
326	1060	0
327	1060	0
328	1060	0
329	1060	0
330	1060	0
331	1060	0
333	1060	0
335	1060	0
336	1060	1
337	1060	0
338	1060	0
339	1060	0
340	1060	1
341	1060	0
342	1060	0
343	1060	0
344	1060	0
346	1060	0
347	1060	0
348	1060	0
349	1060	0
350	1060	0
351	1060	0
352	1060	0
354	1060	0
355	1060	0
357	1060	0
358	1060	0
359	1060	1
360	1060	0
361	1060	0
363	1060	1
364	1060	0
365	1060	1
366	1060	0
367	1060	0
368	1060	0
371	1060	0
372	1060	0
373	1060	1
374	1060	1
375	1060	1
377	1060	1
378	1060	1
379	1060	0
380	1060	1
381	1060	0
382	1060	0
383	1060	0
384	1060	0
385	1060	0
386	1060	1
387	1060	0
388	1060	0
389	1060	0
390	1060	0
391	1060	0
393	1060	0
394	1060	0
395	1060	1
397	1060	1
398	1060	0
399	1060	0
400	1060	0
401	1060	0
402	1060	0
403	1060	0
404	1060	0
405	1060	0
406	1060	0
407	1060	1
408	1060	0
409	1060	0
410	1060	0
411	1060	0
412	1060	0
413	1060	0
414	1060	0
415	1060	0
416	1060	0
417	1060	0
418	1060	0
419	1060	0
420	1060	0
421	1060	0
422	1060	0
423	1060	0
424	1060	1
425	1060	0
426	1060	0
427	1060	0
428	1060	0
429	1060	0
430	1060	1
431	1060	0
432	1060	0
433	1060	0
434	1060	0
435	1060	0
436	1060	0
437	1060	0
438	1060	1
439	1060	0
440	1060	0
441	1060	0
442	1060	0
443	1060	1
444	1060	0
445	1060	0
446	1060	1
447	1060	0
448	1060	0
449	1060	1
450	1060	0
451	1060	0
452	1060	0
453	1060	0
454	1060	0
455	1060	0
456	1060	1
457	1060	1
458	1060	1
459	1060	0
460	1060	0
461	1060	0
462	1060	0
463	1060	0
464	1060	1
465	1060	0
466	1060	0
467	1060	0
468	1060	0
469	1060	1
470	1060	0
471	1060	0
472	1060	0
473	1060	1
474	1060	0
475	1060	0
476	1060	0
477	1060	1
478	1060	1
480	1060	0
481	1060	0
482	1060	0
483	1060	0
484	1060	0
485	1060	0
486	1060	0
487	1060	0
489	1060	0
490	1060	0
491	1060	0
492	1060	0
493	1060	0
495	1060	0
496	1060	1
497	1060	0
499	1060	0
500	1060	0
501	1060	0
502	1060	0
503	1060	1
505	1060	1
506	1060	1
508	1060	1
509	1060	0
510	1060	0
511	1060	0
512	1060	0
513	1060	0
514	1060	1
515	1060	0
516	1060	1
517	1060	0
518	1060	1
519	1060	0
520	1060	1
521	1060	0
523	1060	1
524	1060	0
525	1060	0
526	1060	0
527	1060	0
528	1060	0
529	1060	0
531	1060	0
533	1060	0
534	1060	0
536	1060	0
537	1060	0
538	1060	0
540	1060	0
541	1060	0
542	1060	1
543	1060	0
544	1060	0
546	1060	1
547	1060	0
548	1060	0
549	1060	0
550	1060	0
551	1060	0
553	1060	0
554	1060	0
555	1060	1
556	1060	0
557	1060	1
558	1060	1
559	1060	0
560	1060	0
561	1060	0
562	1060	0
563	1060	0
564	1060	0
565	1060	0
566	1060	0
567	1060	0
568	1060	0
569	1060	0
570	1060	0
571	1060	0
572	1060	0
574	1060	0
575	1060	1
576	1060	0
577	1060	0
578	1060	0
579	1060	0
580	1060	0
582	1060	0
583	1060	1
584	1060	0
585	1060	0
586	1060	0
587	1060	0
588	1060	0
589	1060	0
590	1060	0
591	1060	0
592	1060	1
593	1060	0
594	1060	0
595	1060	0
596	1060	0
597	1060	0
598	1060	0
599	1060	0
600	1060	1
601	1060	0
602	1060	0
604	1060	0
605	1060	0
606	1060	0
607	1060	0
608	1060	0
609	1060	0
611	1060	0
612	1060	0
613	1060	0
614	1060	1
615	1060	0
616	1060	0
617	1060	0
618	1060	0
619	1060	0
620	1060	0
621	1060	0
622	1060	0
624	1060	0
625	1060	0
626	1060	0
627	1060	0
628	1060	0
630	1060	0
631	1060	0
632	1060	0
633	1060	0
635	1060	0
636	1060	1
637	1060	1
640	1060	1
641	1060	0
642	1060	0
643	1060	0
644	1060	0
645	1060	1
646	1060	0
647	1060	0
648	1060	0
649	1060	0
650	1060	1
651	1060	0
652	1060	0
653	1060	0
654	1060	0
655	1060	0
656	1060	1
657	1060	0
658	1060	0
659	1060	0
660	1060	0
661	1060	1
662	1060	1
663	1060	1
664	1060	1
666	1060	0
667	1060	1
668	1060	0
669	1060	0
670	1060	0
671	1060	0
672	1060	0
673	1060	1
674	1060	0
675	1060	0
676	1060	0
677	1060	0
678	1060	0
679	1060	0
680	1060	0
681	1060	0
682	1060	0
683	1060	0
684	1060	0
685	1060	0
686	1060	0
687	1060	0
688	1060	0
689	1060	0
690	1060	0
691	1060	1
692	1060	1
693	1060	0
694	1060	0
695	1060	0
696	1060	0
697	1060	0
698	1060	0
699	1060	0
700	1060	0
701	1060	0
702	1060	0
703	1060	0
704	1060	0
705	1060	0
706	1060	0
707	1060	0
708	1060	0
709	1060	0
710	1060	0
711	1060	0
712	1060	0
713	1060	1
714	1060	0
715	1060	0
716	1060	0
717	1060	0
718	1060	0
719	1060	0
720	1060	0
721	1060	0
722	1060	0
723	1060	0
724	1060	0
725	1060	0
726	1060	0
727	1060	0
728	1060	0
730	1060	0
731	1060	0
732	1060	1
733	1060	0
734	1060	0
735	1060	0
736	1060	0
737	1060	0
738	1060	0
739	1060	0
740	1060	0
741	1060	0
742	1060	0
743	1060	0
744	1060	0
745	1060	0
746	1060	0
747	1060	0
748	1060	1
749	1060	0
750	1060	1
751	1060	0
752	1060	0
753	1060	0
754	1060	0
755	1060	0
756	1060	0
757	1060	0
758	1060	0
759	1060	0
760	1060	0
761	1060	0
762	1060	0
763	1060	0
764	1060	0
765	1060	0
766	1060	0
767	1060	0
768	1060	0
769	1060	0
770	1060	0
771	1060	0
772	1060	0
773	1060	0
774	1060	1
775	1060	0
776	1060	0
777	1060	0
778	1060	0
779	1060	0
780	1060	0
782	1060	0
783	1060	0
784	1060	0
785	1060	0
786	1060	0
787	1060	0
788	1060	0
789	1060	0
790	1060	0
791	1060	0
793	1060	0
794	1060	0
795	1060	0
796	1060	0
797	1060	1
798	1060	0
799	1060	0
800	1060	0
801	1060	0
802	1060	0
803	1060	0
804	1060	0
806	1060	0
807	1060	0
808	1060	0
809	1060	0
810	1060	0
811	1060	0
812	1060	0
813	1060	0
814	1060	0
816	1060	0
817	1060	0
818	1060	0
819	1060	0
820	1060	0
821	1060	0
822	1060	0
823	1060	0
824	1060	0
825	1060	0
826	1060	0
827	1060	1
828	1060	0
829	1060	1
830	1060	0
831	1060	0
832	1060	1
833	1060	1
834	1060	1
835	1060	0
836	1060	0
837	1060	1
839	1060	0
840	1060	1
841	1060	0
842	1060	0
843	1060	0
844	1060	0
845	1060	0
846	1060	0
847	1060	0
848	1060	0
849	1060	0
850	1060	0
851	1060	0
852	1060	0
853	1060	0
854	1060	0
855	1060	0
856	1060	0
857	1060	0
858	1060	0
859	1060	0
860	1060	0
861	1060	0
862	1060	0
863	1060	0
864	1060	0
865	1060	0
866	1060	0
867	1060	0
868	1060	0
869	1060	0
870	1060	0
872	1060	0
873	1060	0
874	1060	0
875	1060	0
876	1060	0
877	1060	0
878	1060	0
879	1060	0
880	1060	0
881	1060	0
882	1060	0
883	1060	0
884	1060	0
885	1060	0
886	1060	0
887	1060	0
888	1060	0
889	1060	0
890	1060	0
891	1060	0
892	1060	0
893	1060	0
894	1060	0
895	1060	0
896	1060	0
897	1060	0
898	1060	0
900	1060	0
901	1060	0
902	1060	0
903	1060	0
904	1060	0
905	1060	0
906	1060	0
907	1060	0
908	1060	0
909	1060	0
910	1060	0
911	1060	0
912	1060	0
913	1060	0
914	1060	0
916	1060	0
917	1060	1
918	1060	0
919	1060	0
920	1060	0
921	1060	0
922	1060	0
923	1060	0
924	1060	0
925	1060	0
926	1060	0
927	1060	0
928	1060	0
930	1060	0
931	1060	0
933	1060	0
934	1060	0
935	1060	0
936	1060	0
937	1060	1
938	1060	0
939	1060	0
940	1060	0
941	1060	0
942	1060	1
943	1060	0
944	1060	0
945	1060	0
946	1060	0
947	1060	0
948	1060	0
949	1060	0
950	1060	0
952	1060	0
953	1060	0
954	1060	0
955	1060	0
956	1060	0
958	1060	0
959	1060	0
960	1060	0
961	1060	0
962	1060	1
963	1060	1
964	1060	0
965	1060	0
966	1060	0
967	1060	0
