0	1175	0
1	1175	0
2	1175	0
3	1175	0
5	1175	1
6	1175	0
7	1175	0
8	1175	1
9	1175	0
10	1175	0
11	1175	0
12	1175	0
13	1175	0
16	1175	0
17	1175	0
18	1175	0
19	1175	1
20	1175	0
21	1175	0
22	1175	0
23	1175	0
24	1175	0
25	1175	0
26	1175	0
30	1175	0
31	1175	1
32	1175	1
33	1175	0
34	1175	0
36	1175	0
37	1175	0
38	1175	0
39	1175	1
40	1175	0
41	1175	0
42	1175	0
43	1175	0
45	1175	0
46	1175	0
47	1175	1
48	1175	0
49	1175	0
51	1175	0
53	1175	0
54	1175	0
55	1175	0
56	1175	0
58	1175	0
59	1175	1
60	1175	0
61	1175	0
62	1175	0
63	1175	0
64	1175	1
65	1175	0
66	1175	0
67	1175	0
68	1175	0
69	1175	0
70	1175	0
71	1175	0
72	1175	0
74	1175	0
75	1175	0
77	1175	0
78	1175	0
79	1175	0
80	1175	0
81	1175	1
82	1175	0
83	1175	0
84	1175	0
85	1175	0
86	1175	0
87	1175	0
89	1175	0
90	1175	0
91	1175	0
92	1175	0
93	1175	0
94	1175	0
95	1175	1
96	1175	1
97	1175	0
98	1175	0
99	1175	0
100	1175	0
101	1175	0
102	1175	1
104	1175	0
105	1175	0
106	1175	0
107	1175	0
108	1175	0
109	1175	0
110	1175	0
111	1175	0
112	1175	0
113	1175	0
114	1175	0
115	1175	0
116	1175	0
117	1175	0
118	1175	0
120	1175	1
121	1175	0
124	1175	0
125	1175	0
129	1175	0
130	1175	0
131	1175	0
132	1175	0
133	1175	0
134	1175	0
135	1175	1
136	1175	0
137	1175	0
138	1175	1
139	1175	0
140	1175	0
141	1175	0
142	1175	0
143	1175	0
144	1175	0
145	1175	0
146	1175	0
147	1175	0
148	1175	1
149	1175	0
151	1175	0
152	1175	0
153	1175	0
154	1175	0
155	1175	0
156	1175	0
157	1175	0
158	1175	0
159	1175	0
160	1175	0
162	1175	0
163	1175	0
164	1175	1
165	1175	0
166	1175	0
167	1175	0
168	1175	0
169	1175	0
170	1175	0
171	1175	0
172	1175	0
173	1175	0
174	1175	0
175	1175	0
179	1175	0
180	1175	0
181	1175	0
182	1175	0
184	1175	1
185	1175	0
186	1175	0
188	1175	1
190	1175	0
191	1175	0
192	1175	1
193	1175	0
194	1175	1
195	1175	0
196	1175	1
197	1175	0
198	1175	0
199	1175	0
200	1175	0
201	1175	0
202	1175	0
203	1175	0
204	1175	0
206	1175	0
207	1175	1
208	1175	0
209	1175	0
210	1175	0
211	1175	0
212	1175	0
213	1175	0
214	1175	0
215	1175	0
216	1175	0
217	1175	0
218	1175	0
219	1175	0
221	1175	0
222	1175	0
223	1175	0
224	1175	0
225	1175	0
227	1175	0
228	1175	0
229	1175	0
230	1175	0
232	1175	0
233	1175	0
234	1175	0
235	1175	0
236	1175	0
237	1175	0
239	1175	0
240	1175	0
245	1175	0
246	1175	0
248	1175	0
249	1175	1
250	1175	0
251	1175	0
253	1175	0
254	1175	0
255	1175	0
256	1175	0
258	1175	0
259	1175	0
260	1175	0
261	1175	0
262	1175	0
263	1175	0
264	1175	0
265	1175	0
266	1175	0
267	1175	0
268	1175	0
270	1175	0
271	1175	0
272	1175	0
273	1175	0
274	1175	0
275	1175	0
277	1175	0
280	1175	1
281	1175	0
283	1175	0
284	1175	0
285	1175	0
287	1175	0
288	1175	0
289	1175	0
290	1175	0
291	1175	0
293	1175	0
295	1175	0
296	1175	0
298	1175	0
303	1175	0
304	1175	0
305	1175	0
306	1175	0
308	1175	0
310	1175	0
312	1175	0
313	1175	0
314	1175	0
315	1175	0
316	1175	0
317	1175	0
318	1175	0
321	1175	0
322	1175	0
323	1175	0
324	1175	0
325	1175	0
326	1175	0
327	1175	0
328	1175	1
330	1175	0
331	1175	0
332	1175	0
333	1175	1
334	1175	0
336	1175	0
337	1175	0
338	1175	0
340	1175	1
341	1175	0
343	1175	0
344	1175	0
345	1175	1
346	1175	0
347	1175	0
348	1175	0
350	1175	0
353	1175	0
355	1175	0
356	1175	0
358	1175	0
359	1175	0
360	1175	0
361	1175	0
362	1175	0
363	1175	0
364	1175	0
365	1175	0
366	1175	0
367	1175	0
369	1175	0
370	1175	1
371	1175	0
372	1175	0
373	1175	1
374	1175	0
376	1175	0
377	1175	0
378	1175	1
379	1175	0
380	1175	0
381	1175	0
382	1175	0
383	1175	0
384	1175	0
385	1175	0
386	1175	0
387	1175	0
388	1175	0
389	1175	0
391	1175	0
392	1175	0
393	1175	0
394	1175	0
395	1175	1
397	1175	0
398	1175	0
399	1175	0
401	1175	0
402	1175	0
403	1175	0
404	1175	0
405	1175	0
406	1175	0
407	1175	0
408	1175	0
409	1175	0
410	1175	0
412	1175	0
414	1175	0
415	1175	0
416	1175	0
417	1175	0
418	1175	0
420	1175	0
421	1175	0
422	1175	0
423	1175	0
424	1175	0
425	1175	0
428	1175	0
429	1175	0
430	1175	0
431	1175	0
432	1175	0
433	1175	0
435	1175	0
436	1175	0
437	1175	0
438	1175	0
439	1175	1
440	1175	0
441	1175	0
442	1175	0
443	1175	0
444	1175	0
445	1175	0
446	1175	1
447	1175	0
448	1175	0
449	1175	0
450	1175	0
452	1175	0
453	1175	0
454	1175	0
455	1175	0
456	1175	1
457	1175	0
458	1175	0
459	1175	0
461	1175	0
462	1175	0
464	1175	0
465	1175	0
466	1175	0
467	1175	0
468	1175	0
469	1175	0
470	1175	0
471	1175	0
473	1175	0
474	1175	0
475	1175	0
476	1175	0
477	1175	0
478	1175	0
479	1175	0
480	1175	0
481	1175	0
483	1175	0
484	1175	0
485	1175	0
486	1175	0
487	1175	0
488	1175	0
489	1175	0
490	1175	0
491	1175	0
492	1175	0
494	1175	0
496	1175	0
497	1175	0
498	1175	0
499	1175	0
500	1175	0
501	1175	0
502	1175	0
503	1175	1
504	1175	1
505	1175	0
506	1175	1
507	1175	1
508	1175	1
509	1175	1
510	1175	0
511	1175	0
512	1175	0
514	1175	1
515	1175	0
516	1175	0
517	1175	0
518	1175	1
519	1175	0
520	1175	1
521	1175	0
522	1175	0
523	1175	0
524	1175	0
525	1175	1
526	1175	0
527	1175	0
528	1175	0
529	1175	0
530	1175	0
531	1175	0
533	1175	0
534	1175	0
535	1175	0
536	1175	0
538	1175	0
539	1175	0
540	1175	0
541	1175	0
542	1175	0
543	1175	0
544	1175	0
545	1175	0
546	1175	0
547	1175	0
550	1175	0
551	1175	0
553	1175	0
555	1175	0
556	1175	0
557	1175	0
558	1175	0
560	1175	0
561	1175	0
562	1175	0
563	1175	0
565	1175	0
566	1175	0
567	1175	0
568	1175	0
569	1175	0
571	1175	0
574	1175	0
575	1175	0
576	1175	0
577	1175	0
579	1175	0
580	1175	0
582	1175	0
583	1175	0
584	1175	0
585	1175	0
586	1175	0
588	1175	0
589	1175	0
591	1175	0
593	1175	0
595	1175	0
596	1175	0
597	1175	0
598	1175	0
599	1175	0
600	1175	0
601	1175	0
602	1175	0
604	1175	0
606	1175	0
607	1175	0
608	1175	0
609	1175	0
612	1175	0
613	1175	0
614	1175	0
615	1175	0
616	1175	1
617	1175	0
618	1175	0
619	1175	0
620	1175	0
621	1175	0
622	1175	0
624	1175	0
625	1175	0
627	1175	0
628	1175	0
630	1175	1
632	1175	0
633	1175	0
634	1175	0
636	1175	0
637	1175	0
638	1175	0
639	1175	0
640	1175	0
641	1175	0
642	1175	0
643	1175	0
644	1175	0
645	1175	0
646	1175	0
648	1175	0
649	1175	0
650	1175	0
652	1175	0
653	1175	1
654	1175	0
655	1175	0
656	1175	0
657	1175	0
658	1175	1
660	1175	0
661	1175	0
662	1175	0
663	1175	1
664	1175	0
665	1175	1
666	1175	0
667	1175	0
668	1175	0
669	1175	0
670	1175	0
671	1175	0
672	1175	0
673	1175	0
674	1175	0
675	1175	0
676	1175	0
678	1175	0
680	1175	0
681	1175	0
682	1175	0
683	1175	0
685	1175	0
687	1175	1
688	1175	0
689	1175	0
690	1175	0
691	1175	1
692	1175	1
693	1175	1
694	1175	1
695	1175	0
696	1175	0
698	1175	0
699	1175	0
700	1175	0
702	1175	0
703	1175	0
704	1175	0
705	1175	0
706	1175	0
707	1175	0
711	1175	0
712	1175	0
713	1175	0
714	1175	0
718	1175	0
719	1175	0
720	1175	0
721	1175	1
722	1175	0
723	1175	0
725	1175	0
726	1175	0
727	1175	0
728	1175	0
729	1175	1
730	1175	0
732	1175	0
733	1175	0
735	1175	0
736	1175	0
737	1175	0
738	1175	0
739	1175	0
741	1175	1
742	1175	0
745	1175	0
746	1175	0
747	1175	0
748	1175	1
749	1175	1
750	1175	1
752	1175	0
753	1175	0
754	1175	0
755	1175	0
756	1175	0
757	1175	0
758	1175	0
760	1175	0
761	1175	0
762	1175	0
765	1175	0
766	1175	0
767	1175	0
768	1175	0
769	1175	0
771	1175	0
772	1175	0
773	1175	0
777	1175	0
778	1175	0
780	1175	0
781	1175	0
782	1175	0
783	1175	0
784	1175	0
785	1175	0
786	1175	0
787	1175	0
789	1175	0
790	1175	0
791	1175	0
792	1175	0
793	1175	0
794	1175	0
795	1175	0
796	1175	0
797	1175	0
799	1175	0
800	1175	0
801	1175	0
802	1175	0
803	1175	0
804	1175	0
805	1175	1
806	1175	0
808	1175	0
810	1175	0
811	1175	0
816	1175	0
818	1175	0
820	1175	0
822	1175	0
823	1175	0
824	1175	0
825	1175	0
826	1175	0
827	1175	0
829	1175	1
830	1175	0
831	1175	0
832	1175	1
833	1175	0
834	1175	0
835	1175	0
836	1175	0
837	1175	0
838	1175	0
839	1175	0
840	1175	0
844	1175	0
845	1175	0
848	1175	0
849	1175	0
850	1175	0
852	1175	1
853	1175	0
855	1175	0
856	1175	0
857	1175	0
860	1175	0
861	1175	0
862	1175	1
863	1175	0
864	1175	0
866	1175	0
867	1175	0
868	1175	0
869	1175	0
870	1175	1
871	1175	1
872	1175	0
873	1175	0
874	1175	0
875	1175	0
876	1175	0
877	1175	0
878	1175	0
880	1175	0
881	1175	0
882	1175	0
883	1175	0
884	1175	0
885	1175	0
887	1175	0
888	1175	0
889	1175	0
890	1175	0
892	1175	1
893	1175	0
894	1175	1
895	1175	1
897	1175	0
899	1175	0
900	1175	0
901	1175	0
902	1175	0
904	1175	0
905	1175	0
907	1175	0
911	1175	0
912	1175	0
913	1175	0
914	1175	0
915	1175	0
916	1175	0
917	1175	0
918	1175	0
919	1175	0
921	1175	0
922	1175	0
923	1175	0
924	1175	1
925	1175	0
926	1175	0
927	1175	0
928	1175	0
929	1175	0
931	1175	1
933	1175	0
934	1175	0
935	1175	0
936	1175	0
937	1175	0
938	1175	1
939	1175	0
940	1175	0
941	1175	0
942	1175	0
943	1175	0
944	1175	0
945	1175	0
946	1175	0
949	1175	0
950	1175	0
952	1175	0
953	1175	0
954	1175	0
955	1175	0
956	1175	0
957	1175	0
958	1175	0
959	1175	0
960	1175	0
961	1175	0
962	1175	0
963	1175	0
964	1175	0
965	1175	0
966	1175	0
967	1175	1
