0	1073	0
1	1073	0
2	1073	0
3	1073	0
4	1073	0
5	1073	0
6	1073	0
7	1073	0
8	1073	1
9	1073	0
10	1073	0
11	1073	0
12	1073	0
13	1073	0
14	1073	0
15	1073	0
16	1073	0
17	1073	1
18	1073	1
19	1073	0
20	1073	0
21	1073	0
22	1073	0
23	1073	0
24	1073	0
26	1073	0
27	1073	0
28	1073	0
29	1073	0
30	1073	0
31	1073	1
32	1073	1
33	1073	0
34	1073	0
35	1073	0
36	1073	1
37	1073	0
38	1073	0
39	1073	1
40	1073	0
42	1073	0
43	1073	0
44	1073	0
45	1073	0
46	1073	0
47	1073	0
48	1073	0
49	1073	0
50	1073	0
51	1073	0
52	1073	0
53	1073	0
54	1073	0
55	1073	0
56	1073	0
57	1073	0
58	1073	0
59	1073	1
60	1073	0
61	1073	0
62	1073	0
64	1073	0
65	1073	0
66	1073	0
67	1073	0
68	1073	0
69	1073	0
70	1073	0
71	1073	0
72	1073	0
73	1073	0
74	1073	0
75	1073	0
76	1073	0
77	1073	0
78	1073	0
79	1073	0
80	1073	0
81	1073	0
82	1073	0
83	1073	0
84	1073	0
85	1073	0
86	1073	0
87	1073	0
88	1073	0
89	1073	0
90	1073	0
91	1073	0
92	1073	0
93	1073	0
94	1073	0
95	1073	0
96	1073	1
97	1073	0
98	1073	0
99	1073	0
100	1073	0
102	1073	1
103	1073	0
104	1073	0
105	1073	0
106	1073	0
109	1073	1
111	1073	0
112	1073	0
113	1073	0
114	1073	0
115	1073	0
116	1073	0
117	1073	1
118	1073	0
119	1073	0
120	1073	0
121	1073	0
122	1073	0
123	1073	0
124	1073	0
125	1073	1
126	1073	0
127	1073	0
129	1073	0
130	1073	0
131	1073	0
132	1073	0
133	1073	0
134	1073	0
136	1073	0
137	1073	0
138	1073	0
139	1073	0
140	1073	0
141	1073	0
142	1073	0
143	1073	0
144	1073	0
145	1073	1
146	1073	0
147	1073	0
148	1073	1
149	1073	0
150	1073	0
151	1073	0
152	1073	0
153	1073	0
154	1073	0
155	1073	0
156	1073	0
157	1073	0
158	1073	0
159	1073	0
160	1073	0
161	1073	0
162	1073	0
163	1073	0
165	1073	0
166	1073	0
167	1073	0
168	1073	0
169	1073	0
170	1073	0
171	1073	0
172	1073	1
173	1073	0
174	1073	0
175	1073	0
177	1073	0
178	1073	0
179	1073	0
180	1073	0
182	1073	0
183	1073	0
184	1073	0
185	1073	0
186	1073	0
187	1073	0
188	1073	0
189	1073	0
190	1073	0
191	1073	1
192	1073	0
193	1073	0
194	1073	1
195	1073	0
196	1073	1
197	1073	0
198	1073	0
199	1073	0
200	1073	0
201	1073	0
202	1073	1
203	1073	1
204	1073	0
206	1073	1
207	1073	0
208	1073	0
210	1073	0
211	1073	0
212	1073	0
213	1073	0
214	1073	1
215	1073	0
216	1073	0
217	1073	0
218	1073	0
219	1073	0
220	1073	0
222	1073	0
223	1073	0
224	1073	0
225	1073	0
226	1073	0
227	1073	1
228	1073	0
229	1073	0
230	1073	0
231	1073	0
232	1073	0
233	1073	0
234	1073	0
235	1073	0
236	1073	0
237	1073	0
238	1073	0
239	1073	0
240	1073	0
241	1073	0
242	1073	0
244	1073	0
246	1073	0
247	1073	0
248	1073	0
249	1073	0
250	1073	0
251	1073	0
252	1073	0
253	1073	1
254	1073	0
255	1073	1
256	1073	0
258	1073	0
259	1073	0
260	1073	0
261	1073	0
262	1073	0
263	1073	0
264	1073	0
265	1073	0
266	1073	0
267	1073	0
268	1073	0
269	1073	0
270	1073	0
271	1073	0
272	1073	0
273	1073	1
274	1073	0
275	1073	0
276	1073	0
277	1073	0
278	1073	0
279	1073	0
280	1073	0
281	1073	0
282	1073	0
283	1073	0
284	1073	0
285	1073	0
286	1073	0
287	1073	0
288	1073	0
289	1073	1
290	1073	0
291	1073	0
292	1073	0
293	1073	0
294	1073	0
295	1073	0
296	1073	0
297	1073	0
298	1073	0
299	1073	0
300	1073	0
301	1073	1
302	1073	0
303	1073	0
304	1073	0
305	1073	1
306	1073	0
307	1073	0
308	1073	0
309	1073	0
310	1073	0
311	1073	0
312	1073	0
313	1073	0
314	1073	0
315	1073	0
316	1073	0
317	1073	0
318	1073	0
319	1073	0
320	1073	0
321	1073	0
322	1073	0
323	1073	0
324	1073	0
325	1073	0
326	1073	0
327	1073	0
328	1073	0
329	1073	0
330	1073	0
331	1073	0
333	1073	0
335	1073	0
336	1073	0
337	1073	0
338	1073	0
339	1073	0
340	1073	0
341	1073	0
342	1073	0
343	1073	0
344	1073	0
346	1073	1
347	1073	0
348	1073	0
349	1073	0
350	1073	0
351	1073	0
352	1073	0
354	1073	0
355	1073	0
357	1073	0
358	1073	0
359	1073	0
360	1073	1
361	1073	0
363	1073	0
364	1073	0
365	1073	0
366	1073	0
367	1073	0
368	1073	0
371	1073	0
372	1073	1
373	1073	1
374	1073	1
375	1073	1
377	1073	0
378	1073	1
379	1073	0
380	1073	0
381	1073	0
382	1073	0
383	1073	0
384	1073	0
385	1073	0
386	1073	0
387	1073	0
388	1073	0
389	1073	0
390	1073	1
391	1073	0
393	1073	0
394	1073	0
395	1073	0
397	1073	1
398	1073	0
399	1073	0
400	1073	0
401	1073	0
402	1073	0
403	1073	0
404	1073	1
405	1073	0
406	1073	0
407	1073	1
408	1073	0
409	1073	0
410	1073	0
411	1073	0
412	1073	0
413	1073	0
414	1073	0
415	1073	1
416	1073	0
417	1073	0
418	1073	0
419	1073	0
420	1073	0
421	1073	0
422	1073	0
423	1073	0
424	1073	0
425	1073	0
426	1073	0
427	1073	0
428	1073	0
429	1073	0
430	1073	0
431	1073	0
432	1073	0
433	1073	0
434	1073	0
435	1073	0
436	1073	1
437	1073	0
438	1073	0
439	1073	0
440	1073	0
441	1073	0
442	1073	0
443	1073	1
444	1073	0
445	1073	0
446	1073	1
447	1073	0
448	1073	0
449	1073	0
450	1073	0
451	1073	0
452	1073	0
453	1073	0
454	1073	0
455	1073	0
456	1073	0
457	1073	0
458	1073	0
459	1073	0
460	1073	0
461	1073	0
462	1073	0
463	1073	0
464	1073	1
465	1073	0
466	1073	0
467	1073	0
468	1073	0
469	1073	0
470	1073	0
471	1073	0
472	1073	0
473	1073	0
474	1073	1
475	1073	0
476	1073	0
477	1073	0
478	1073	0
480	1073	0
481	1073	0
482	1073	0
483	1073	0
484	1073	0
485	1073	0
486	1073	0
487	1073	0
489	1073	0
490	1073	0
491	1073	0
492	1073	0
493	1073	0
495	1073	0
496	1073	1
497	1073	1
499	1073	0
500	1073	0
501	1073	0
502	1073	0
503	1073	1
505	1073	1
506	1073	0
508	1073	1
509	1073	1
510	1073	0
511	1073	0
512	1073	0
513	1073	0
514	1073	1
515	1073	0
516	1073	0
517	1073	0
518	1073	1
519	1073	1
520	1073	1
521	1073	0
523	1073	0
524	1073	0
525	1073	0
526	1073	0
527	1073	0
528	1073	0
529	1073	0
531	1073	1
533	1073	0
534	1073	0
536	1073	0
537	1073	0
538	1073	0
540	1073	0
541	1073	0
542	1073	0
543	1073	0
544	1073	0
546	1073	0
547	1073	0
548	1073	0
549	1073	0
550	1073	0
551	1073	0
553	1073	0
554	1073	0
555	1073	0
556	1073	0
557	1073	0
558	1073	0
559	1073	0
560	1073	1
561	1073	0
562	1073	0
563	1073	0
564	1073	0
565	1073	0
566	1073	0
567	1073	0
568	1073	0
569	1073	0
570	1073	0
571	1073	0
572	1073	0
574	1073	0
575	1073	0
576	1073	0
577	1073	0
578	1073	0
579	1073	0
580	1073	0
582	1073	1
583	1073	1
584	1073	0
585	1073	0
586	1073	0
587	1073	0
588	1073	0
589	1073	0
590	1073	0
591	1073	0
592	1073	0
593	1073	0
594	1073	0
595	1073	0
596	1073	0
597	1073	0
598	1073	0
599	1073	0
600	1073	0
601	1073	0
602	1073	0
604	1073	0
605	1073	0
606	1073	0
607	1073	0
608	1073	0
609	1073	0
611	1073	0
612	1073	0
613	1073	0
614	1073	1
615	1073	0
616	1073	0
617	1073	0
618	1073	0
619	1073	0
620	1073	1
621	1073	1
622	1073	0
624	1073	0
625	1073	0
626	1073	0
627	1073	0
628	1073	0
630	1073	1
631	1073	0
632	1073	0
633	1073	0
635	1073	0
636	1073	0
637	1073	0
640	1073	0
641	1073	0
642	1073	0
643	1073	0
644	1073	0
645	1073	1
646	1073	0
647	1073	0
648	1073	0
649	1073	1
650	1073	1
651	1073	0
652	1073	1
653	1073	0
654	1073	0
655	1073	0
656	1073	0
657	1073	0
658	1073	0
659	1073	0
660	1073	0
661	1073	0
662	1073	1
663	1073	1
664	1073	1
666	1073	1
667	1073	0
668	1073	0
669	1073	0
670	1073	0
671	1073	0
672	1073	0
673	1073	0
674	1073	1
675	1073	0
676	1073	0
677	1073	0
678	1073	0
679	1073	0
680	1073	0
681	1073	0
682	1073	0
683	1073	0
684	1073	0
685	1073	0
686	1073	0
687	1073	0
688	1073	0
689	1073	0
690	1073	0
691	1073	1
692	1073	1
693	1073	0
694	1073	1
695	1073	1
696	1073	0
697	1073	0
698	1073	0
699	1073	0
700	1073	0
701	1073	0
702	1073	1
703	1073	0
704	1073	0
705	1073	0
706	1073	0
707	1073	0
708	1073	0
709	1073	0
710	1073	0
711	1073	0
712	1073	0
713	1073	1
714	1073	0
715	1073	1
716	1073	0
717	1073	0
718	1073	0
719	1073	0
720	1073	0
721	1073	0
722	1073	0
723	1073	1
724	1073	0
725	1073	0
726	1073	1
727	1073	0
728	1073	0
730	1073	0
731	1073	0
732	1073	1
733	1073	0
734	1073	0
735	1073	0
736	1073	0
737	1073	1
738	1073	0
739	1073	0
740	1073	0
741	1073	0
742	1073	0
743	1073	0
744	1073	1
745	1073	0
746	1073	1
747	1073	0
748	1073	1
749	1073	0
750	1073	1
751	1073	0
752	1073	0
753	1073	0
754	1073	0
755	1073	0
756	1073	0
757	1073	0
758	1073	0
759	1073	0
760	1073	0
761	1073	0
762	1073	0
763	1073	0
764	1073	0
765	1073	1
766	1073	1
767	1073	0
768	1073	0
769	1073	0
770	1073	0
771	1073	0
772	1073	0
773	1073	1
774	1073	1
775	1073	0
776	1073	0
777	1073	0
778	1073	0
779	1073	0
780	1073	0
782	1073	0
783	1073	0
784	1073	1
785	1073	0
786	1073	0
787	1073	0
788	1073	0
789	1073	0
790	1073	0
791	1073	0
793	1073	0
794	1073	0
795	1073	0
796	1073	0
797	1073	0
798	1073	0
799	1073	0
800	1073	0
801	1073	0
802	1073	0
803	1073	0
804	1073	0
806	1073	0
807	1073	0
808	1073	1
809	1073	0
810	1073	0
811	1073	0
812	1073	0
813	1073	0
814	1073	0
816	1073	0
817	1073	0
818	1073	0
819	1073	1
820	1073	0
821	1073	0
822	1073	0
823	1073	1
824	1073	0
825	1073	0
826	1073	0
827	1073	0
828	1073	0
829	1073	1
830	1073	0
831	1073	1
832	1073	1
833	1073	1
834	1073	1
835	1073	0
836	1073	0
837	1073	1
839	1073	0
840	1073	0
841	1073	0
842	1073	0
843	1073	0
844	1073	0
845	1073	0
846	1073	1
847	1073	0
848	1073	0
849	1073	0
850	1073	0
851	1073	0
852	1073	0
853	1073	0
854	1073	0
855	1073	0
856	1073	0
857	1073	0
858	1073	0
859	1073	0
860	1073	0
861	1073	0
862	1073	1
863	1073	0
864	1073	0
865	1073	0
866	1073	0
867	1073	1
868	1073	0
869	1073	0
870	1073	0
872	1073	0
873	1073	0
874	1073	0
875	1073	0
876	1073	0
877	1073	0
878	1073	0
879	1073	0
880	1073	0
881	1073	0
882	1073	0
883	1073	0
884	1073	0
885	1073	0
886	1073	0
887	1073	0
888	1073	0
889	1073	0
890	1073	0
891	1073	0
892	1073	1
893	1073	0
894	1073	0
895	1073	0
896	1073	0
897	1073	0
898	1073	0
900	1073	0
901	1073	0
902	1073	0
903	1073	0
904	1073	0
905	1073	0
906	1073	0
907	1073	0
908	1073	0
909	1073	0
910	1073	0
911	1073	0
912	1073	1
913	1073	0
914	1073	0
916	1073	0
917	1073	1
918	1073	1
919	1073	0
920	1073	0
921	1073	0
922	1073	0
923	1073	0
924	1073	0
925	1073	0
926	1073	0
927	1073	0
928	1073	1
930	1073	0
931	1073	0
933	1073	1
934	1073	0
935	1073	0
936	1073	0
937	1073	1
938	1073	0
939	1073	0
940	1073	0
941	1073	0
942	1073	0
943	1073	0
944	1073	0
945	1073	0
946	1073	0
947	1073	0
948	1073	0
949	1073	0
950	1073	0
952	1073	0
953	1073	1
954	1073	0
955	1073	0
956	1073	0
958	1073	1
959	1073	0
960	1073	1
961	1073	0
962	1073	0
963	1073	1
964	1073	0
965	1073	1
966	1073	0
967	1073	1
