0	1132	0
1	1132	0
2	1132	0
3	1132	0
4	1132	0
5	1132	0
6	1132	0
7	1132	0
8	1132	0
9	1132	1
10	1132	0
11	1132	0
12	1132	0
13	1132	0
14	1132	0
15	1132	0
16	1132	0
17	1132	1
18	1132	0
19	1132	0
20	1132	0
21	1132	0
22	1132	0
23	1132	0
24	1132	0
26	1132	0
27	1132	0
28	1132	0
29	1132	0
30	1132	0
31	1132	0
32	1132	0
33	1132	0
34	1132	0
35	1132	0
36	1132	0
37	1132	0
38	1132	0
39	1132	0
40	1132	0
42	1132	0
43	1132	0
44	1132	0
45	1132	0
46	1132	0
47	1132	0
48	1132	0
49	1132	0
50	1132	0
51	1132	0
52	1132	0
53	1132	0
54	1132	0
55	1132	0
56	1132	0
57	1132	0
58	1132	0
59	1132	0
60	1132	0
61	1132	0
62	1132	0
64	1132	0
65	1132	0
66	1132	0
67	1132	0
68	1132	0
69	1132	0
70	1132	0
71	1132	1
72	1132	0
73	1132	0
74	1132	0
75	1132	0
76	1132	0
77	1132	0
78	1132	0
79	1132	0
80	1132	0
81	1132	0
82	1132	0
83	1132	0
84	1132	0
85	1132	0
86	1132	0
87	1132	0
88	1132	0
89	1132	0
90	1132	0
91	1132	0
92	1132	0
93	1132	0
94	1132	0
95	1132	0
96	1132	0
97	1132	0
98	1132	0
99	1132	0
100	1132	0
101	1132	0
102	1132	0
103	1132	0
104	1132	0
105	1132	0
106	1132	0
109	1132	0
111	1132	0
112	1132	0
113	1132	0
114	1132	0
115	1132	0
116	1132	0
117	1132	0
118	1132	0
119	1132	0
120	1132	0
121	1132	0
122	1132	0
123	1132	0
124	1132	0
125	1132	0
126	1132	0
127	1132	0
129	1132	0
130	1132	0
131	1132	0
132	1132	0
133	1132	0
134	1132	0
136	1132	0
137	1132	0
138	1132	0
139	1132	0
140	1132	0
141	1132	0
142	1132	0
143	1132	0
144	1132	0
145	1132	0
146	1132	0
147	1132	0
148	1132	0
149	1132	0
150	1132	0
151	1132	0
152	1132	0
153	1132	0
154	1132	0
155	1132	0
156	1132	0
157	1132	0
158	1132	0
159	1132	0
160	1132	0
161	1132	0
162	1132	0
163	1132	1
165	1132	0
166	1132	0
167	1132	0
168	1132	0
169	1132	0
170	1132	0
171	1132	0
172	1132	0
173	1132	0
174	1132	0
175	1132	0
177	1132	0
178	1132	0
179	1132	0
180	1132	0
182	1132	0
183	1132	0
184	1132	0
185	1132	0
186	1132	0
187	1132	0
188	1132	1
189	1132	0
190	1132	0
191	1132	1
192	1132	0
193	1132	0
194	1132	1
195	1132	0
196	1132	1
197	1132	1
198	1132	0
199	1132	0
200	1132	0
201	1132	0
202	1132	0
203	1132	0
204	1132	0
206	1132	1
207	1132	0
208	1132	0
210	1132	0
211	1132	0
212	1132	1
213	1132	0
214	1132	1
215	1132	0
216	1132	0
217	1132	0
218	1132	0
219	1132	0
220	1132	0
222	1132	0
223	1132	0
224	1132	0
225	1132	0
226	1132	0
227	1132	0
228	1132	0
229	1132	0
230	1132	0
231	1132	0
232	1132	0
233	1132	0
234	1132	0
235	1132	0
236	1132	0
237	1132	0
238	1132	0
239	1132	1
240	1132	0
241	1132	0
242	1132	0
244	1132	0
245	1132	0
247	1132	0
248	1132	0
249	1132	0
250	1132	0
251	1132	0
252	1132	0
253	1132	0
254	1132	0
255	1132	0
256	1132	0
258	1132	0
259	1132	0
260	1132	0
261	1132	0
262	1132	0
263	1132	0
264	1132	0
265	1132	0
266	1132	0
267	1132	0
268	1132	0
269	1132	0
270	1132	0
271	1132	0
272	1132	0
273	1132	0
274	1132	0
275	1132	0
276	1132	0
277	1132	0
278	1132	0
279	1132	0
280	1132	0
281	1132	0
282	1132	0
283	1132	0
284	1132	0
285	1132	0
286	1132	0
287	1132	0
288	1132	0
289	1132	1
290	1132	0
291	1132	0
292	1132	0
293	1132	0
294	1132	0
295	1132	0
296	1132	0
297	1132	0
298	1132	0
299	1132	0
300	1132	0
301	1132	0
302	1132	0
303	1132	0
304	1132	0
305	1132	0
306	1132	0
307	1132	0
308	1132	0
309	1132	0
310	1132	0
311	1132	0
312	1132	0
313	1132	0
314	1132	0
315	1132	0
316	1132	0
317	1132	0
318	1132	0
319	1132	0
320	1132	0
321	1132	0
322	1132	0
323	1132	0
324	1132	0
325	1132	0
326	1132	0
327	1132	0
328	1132	0
329	1132	0
330	1132	1
331	1132	1
333	1132	0
335	1132	0
336	1132	0
337	1132	0
338	1132	1
339	1132	0
340	1132	0
342	1132	0
343	1132	0
344	1132	0
346	1132	0
347	1132	0
348	1132	0
349	1132	0
350	1132	0
351	1132	0
352	1132	0
354	1132	0
355	1132	0
357	1132	0
358	1132	0
359	1132	0
360	1132	0
361	1132	0
363	1132	0
364	1132	0
365	1132	0
366	1132	0
367	1132	0
368	1132	0
371	1132	0
372	1132	0
373	1132	0
374	1132	0
377	1132	0
378	1132	0
379	1132	0
380	1132	0
381	1132	0
382	1132	0
383	1132	0
384	1132	0
385	1132	0
386	1132	0
387	1132	0
388	1132	0
389	1132	0
390	1132	0
391	1132	0
393	1132	0
394	1132	0
395	1132	0
396	1132	0
398	1132	0
399	1132	0
400	1132	0
401	1132	0
402	1132	0
403	1132	0
404	1132	0
405	1132	0
406	1132	0
407	1132	0
408	1132	0
409	1132	0
410	1132	0
411	1132	0
412	1132	0
413	1132	0
414	1132	0
415	1132	0
416	1132	0
417	1132	0
418	1132	0
419	1132	0
420	1132	0
421	1132	0
422	1132	0
423	1132	0
424	1132	0
425	1132	0
426	1132	0
427	1132	0
428	1132	0
429	1132	0
431	1132	0
432	1132	0
433	1132	0
434	1132	0
435	1132	0
436	1132	0
437	1132	0
438	1132	0
439	1132	0
440	1132	0
441	1132	0
442	1132	0
443	1132	0
444	1132	0
445	1132	0
446	1132	1
447	1132	0
448	1132	0
449	1132	0
450	1132	0
451	1132	0
452	1132	0
453	1132	0
454	1132	0
455	1132	0
456	1132	0
457	1132	0
458	1132	0
459	1132	0
460	1132	0
461	1132	0
462	1132	0
463	1132	0
464	1132	0
465	1132	0
466	1132	0
467	1132	0
468	1132	0
469	1132	0
470	1132	0
471	1132	0
472	1132	0
473	1132	0
474	1132	0
475	1132	0
476	1132	0
477	1132	0
478	1132	0
480	1132	0
481	1132	0
482	1132	0
483	1132	0
484	1132	0
485	1132	0
486	1132	0
487	1132	0
489	1132	0
490	1132	0
491	1132	0
492	1132	0
493	1132	0
495	1132	0
496	1132	0
497	1132	0
500	1132	0
501	1132	0
502	1132	0
503	1132	1
505	1132	1
506	1132	0
508	1132	0
509	1132	0
510	1132	0
511	1132	0
512	1132	0
513	1132	0
514	1132	0
515	1132	0
516	1132	0
517	1132	0
518	1132	0
519	1132	1
520	1132	1
521	1132	0
522	1132	0
523	1132	0
524	1132	0
525	1132	0
526	1132	0
527	1132	0
528	1132	0
529	1132	0
531	1132	0
533	1132	0
534	1132	0
536	1132	0
537	1132	0
538	1132	0
540	1132	0
541	1132	0
542	1132	0
543	1132	0
544	1132	0
546	1132	0
547	1132	0
548	1132	0
549	1132	0
550	1132	0
551	1132	0
553	1132	0
554	1132	0
555	1132	0
556	1132	0
557	1132	0
558	1132	0
559	1132	0
560	1132	0
561	1132	0
562	1132	0
563	1132	0
564	1132	0
565	1132	0
566	1132	0
567	1132	0
568	1132	0
569	1132	0
570	1132	0
571	1132	0
572	1132	0
573	1132	0
574	1132	0
575	1132	0
576	1132	0
577	1132	0
578	1132	0
579	1132	0
580	1132	0
582	1132	0
583	1132	0
584	1132	0
585	1132	0
586	1132	0
587	1132	0
588	1132	0
589	1132	0
590	1132	0
591	1132	0
592	1132	0
593	1132	0
594	1132	0
595	1132	0
596	1132	0
597	1132	0
598	1132	0
599	1132	0
600	1132	0
601	1132	0
602	1132	0
604	1132	0
605	1132	0
606	1132	0
607	1132	0
608	1132	0
609	1132	0
611	1132	0
612	1132	0
613	1132	0
614	1132	1
615	1132	0
616	1132	0
617	1132	0
618	1132	0
619	1132	0
620	1132	0
621	1132	0
622	1132	0
624	1132	0
625	1132	0
626	1132	0
627	1132	0
628	1132	0
630	1132	0
631	1132	0
632	1132	0
633	1132	0
635	1132	0
636	1132	0
637	1132	1
640	1132	0
641	1132	0
642	1132	0
643	1132	0
644	1132	0
645	1132	1
646	1132	0
647	1132	0
648	1132	0
649	1132	0
650	1132	0
651	1132	0
652	1132	1
653	1132	0
654	1132	0
655	1132	0
656	1132	0
657	1132	0
658	1132	0
659	1132	0
660	1132	1
661	1132	0
662	1132	1
663	1132	0
664	1132	1
666	1132	0
667	1132	0
668	1132	0
669	1132	0
670	1132	0
671	1132	0
672	1132	0
673	1132	0
674	1132	0
675	1132	0
676	1132	0
677	1132	1
678	1132	0
679	1132	0
680	1132	0
681	1132	0
682	1132	0
683	1132	0
684	1132	0
685	1132	0
686	1132	0
687	1132	0
688	1132	0
689	1132	0
690	1132	0
691	1132	0
692	1132	0
693	1132	0
694	1132	0
695	1132	0
696	1132	0
697	1132	0
698	1132	0
699	1132	0
700	1132	0
701	1132	0
702	1132	0
703	1132	0
704	1132	0
705	1132	0
706	1132	0
707	1132	0
708	1132	0
709	1132	0
710	1132	0
711	1132	0
712	1132	0
713	1132	0
714	1132	0
715	1132	0
716	1132	0
717	1132	0
718	1132	0
719	1132	0
720	1132	0
721	1132	0
722	1132	0
723	1132	0
724	1132	0
725	1132	0
726	1132	0
727	1132	1
728	1132	0
730	1132	0
731	1132	0
732	1132	0
733	1132	0
734	1132	0
735	1132	0
736	1132	0
737	1132	0
738	1132	0
739	1132	0
740	1132	0
741	1132	0
742	1132	0
743	1132	0
744	1132	0
745	1132	0
746	1132	0
747	1132	0
748	1132	0
749	1132	0
750	1132	0
751	1132	0
752	1132	0
753	1132	0
754	1132	0
755	1132	0
756	1132	0
757	1132	0
758	1132	0
759	1132	0
760	1132	0
761	1132	0
762	1132	0
763	1132	0
764	1132	0
765	1132	0
767	1132	0
768	1132	0
769	1132	0
770	1132	0
771	1132	0
772	1132	0
773	1132	0
774	1132	1
775	1132	0
776	1132	0
777	1132	0
778	1132	0
779	1132	0
780	1132	0
782	1132	0
783	1132	0
784	1132	0
785	1132	0
786	1132	0
787	1132	0
788	1132	0
789	1132	0
790	1132	0
791	1132	0
793	1132	0
794	1132	0
795	1132	0
796	1132	0
797	1132	0
798	1132	0
799	1132	0
800	1132	0
801	1132	0
802	1132	0
803	1132	0
804	1132	0
806	1132	0
807	1132	0
808	1132	1
809	1132	0
810	1132	0
811	1132	0
812	1132	0
813	1132	0
814	1132	0
816	1132	0
818	1132	0
819	1132	0
820	1132	0
821	1132	0
822	1132	0
823	1132	0
824	1132	0
825	1132	0
826	1132	0
827	1132	1
828	1132	0
829	1132	0
830	1132	0
831	1132	0
832	1132	0
833	1132	0
834	1132	1
835	1132	0
836	1132	0
837	1132	0
839	1132	0
840	1132	0
841	1132	0
842	1132	0
843	1132	0
844	1132	0
845	1132	0
846	1132	0
847	1132	0
848	1132	0
849	1132	0
850	1132	0
851	1132	0
852	1132	0
853	1132	0
854	1132	0
855	1132	0
856	1132	0
857	1132	0
858	1132	0
859	1132	0
860	1132	0
861	1132	0
862	1132	0
863	1132	0
864	1132	0
865	1132	0
866	1132	0
867	1132	0
868	1132	0
869	1132	0
870	1132	0
872	1132	0
873	1132	0
874	1132	0
875	1132	0
876	1132	0
877	1132	0
878	1132	0
879	1132	0
880	1132	0
881	1132	0
882	1132	0
883	1132	0
884	1132	0
885	1132	0
886	1132	0
887	1132	0
888	1132	0
889	1132	0
890	1132	0
891	1132	0
892	1132	0
893	1132	0
894	1132	0
895	1132	0
896	1132	0
897	1132	0
898	1132	0
900	1132	1
901	1132	0
902	1132	0
903	1132	0
904	1132	0
905	1132	0
906	1132	0
907	1132	0
908	1132	0
909	1132	0
910	1132	0
911	1132	0
912	1132	0
913	1132	0
914	1132	0
916	1132	0
917	1132	1
918	1132	0
919	1132	0
920	1132	0
921	1132	0
922	1132	0
923	1132	0
924	1132	0
925	1132	0
926	1132	0
927	1132	0
928	1132	0
930	1132	0
931	1132	0
933	1132	0
934	1132	0
935	1132	0
936	1132	0
937	1132	0
938	1132	0
939	1132	0
940	1132	0
941	1132	0
942	1132	0
943	1132	0
944	1132	0
945	1132	0
946	1132	0
947	1132	0
948	1132	0
949	1132	0
950	1132	0
952	1132	0
953	1132	0
954	1132	0
955	1132	0
956	1132	0
958	1132	0
961	1132	0
962	1132	0
963	1132	0
964	1132	0
965	1132	0
967	1132	0
