0	1095	0
1	1095	0
2	1095	0
3	1095	0
4	1095	0
5	1095	1
6	1095	0
7	1095	0
8	1095	1
9	1095	0
10	1095	0
11	1095	0
12	1095	0
13	1095	0
14	1095	0
15	1095	0
16	1095	0
17	1095	1
18	1095	1
19	1095	0
20	1095	0
21	1095	0
22	1095	0
23	1095	0
24	1095	0
26	1095	0
28	1095	0
29	1095	0
30	1095	0
31	1095	1
32	1095	1
33	1095	0
34	1095	1
35	1095	0
36	1095	0
37	1095	0
38	1095	0
39	1095	0
40	1095	0
42	1095	0
43	1095	0
44	1095	0
45	1095	1
46	1095	0
47	1095	0
48	1095	0
49	1095	0
50	1095	0
51	1095	0
52	1095	0
53	1095	0
54	1095	0
55	1095	0
56	1095	0
57	1095	0
58	1095	0
59	1095	1
60	1095	0
61	1095	0
62	1095	0
64	1095	1
65	1095	0
66	1095	0
67	1095	0
68	1095	0
69	1095	0
70	1095	0
71	1095	1
72	1095	0
73	1095	0
74	1095	0
75	1095	0
76	1095	0
77	1095	0
78	1095	0
79	1095	0
80	1095	0
81	1095	0
82	1095	0
83	1095	0
84	1095	0
85	1095	0
86	1095	0
87	1095	0
88	1095	0
90	1095	0
91	1095	0
92	1095	0
93	1095	0
94	1095	0
95	1095	1
96	1095	1
97	1095	0
98	1095	0
99	1095	0
100	1095	1
101	1095	0
102	1095	1
103	1095	0
104	1095	0
105	1095	0
106	1095	0
109	1095	1
111	1095	0
112	1095	0
113	1095	0
114	1095	0
115	1095	0
116	1095	0
117	1095	0
118	1095	0
119	1095	0
120	1095	0
121	1095	0
122	1095	0
123	1095	1
124	1095	0
125	1095	1
126	1095	1
129	1095	0
130	1095	0
131	1095	0
132	1095	0
133	1095	0
134	1095	0
136	1095	0
137	1095	1
138	1095	0
139	1095	0
140	1095	0
141	1095	0
142	1095	0
143	1095	0
144	1095	0
145	1095	0
146	1095	0
147	1095	0
148	1095	0
149	1095	0
150	1095	0
151	1095	0
152	1095	1
153	1095	0
154	1095	0
155	1095	0
156	1095	0
157	1095	0
158	1095	0
159	1095	0
160	1095	0
161	1095	0
162	1095	0
163	1095	1
165	1095	0
166	1095	0
167	1095	0
168	1095	0
169	1095	0
170	1095	1
171	1095	0
172	1095	0
173	1095	0
174	1095	0
175	1095	0
177	1095	0
178	1095	0
179	1095	0
180	1095	0
182	1095	0
183	1095	0
184	1095	1
185	1095	0
186	1095	0
187	1095	0
188	1095	1
189	1095	0
190	1095	0
191	1095	0
192	1095	1
193	1095	1
194	1095	0
195	1095	0
196	1095	1
197	1095	1
198	1095	1
199	1095	1
200	1095	0
201	1095	0
202	1095	1
203	1095	0
204	1095	0
206	1095	1
207	1095	0
208	1095	0
210	1095	0
211	1095	0
212	1095	0
213	1095	0
214	1095	0
215	1095	0
216	1095	0
217	1095	0
218	1095	0
219	1095	0
220	1095	0
222	1095	0
223	1095	0
224	1095	0
225	1095	0
226	1095	0
227	1095	1
228	1095	1
229	1095	0
230	1095	1
231	1095	0
232	1095	1
233	1095	0
234	1095	0
235	1095	0
236	1095	0
237	1095	0
238	1095	0
239	1095	1
240	1095	0
241	1095	0
242	1095	0
244	1095	0
245	1095	0
247	1095	0
248	1095	0
249	1095	0
250	1095	0
251	1095	0
252	1095	0
253	1095	1
254	1095	0
255	1095	1
256	1095	0
258	1095	0
259	1095	0
260	1095	0
261	1095	0
262	1095	0
263	1095	0
264	1095	0
265	1095	0
266	1095	0
267	1095	0
268	1095	0
269	1095	0
270	1095	0
271	1095	0
272	1095	0
273	1095	0
274	1095	0
275	1095	0
276	1095	0
277	1095	0
278	1095	0
279	1095	0
280	1095	0
281	1095	0
282	1095	0
283	1095	0
284	1095	0
285	1095	0
286	1095	0
287	1095	0
288	1095	0
289	1095	1
290	1095	1
291	1095	0
292	1095	0
293	1095	0
294	1095	0
295	1095	0
296	1095	0
297	1095	0
298	1095	0
299	1095	0
300	1095	0
301	1095	0
302	1095	0
303	1095	0
304	1095	0
305	1095	1
306	1095	0
307	1095	0
308	1095	0
309	1095	0
310	1095	0
311	1095	0
312	1095	0
313	1095	0
314	1095	0
315	1095	0
316	1095	0
317	1095	0
318	1095	0
319	1095	0
320	1095	0
321	1095	0
322	1095	0
323	1095	1
324	1095	0
325	1095	0
326	1095	0
327	1095	0
328	1095	0
329	1095	0
330	1095	0
331	1095	0
333	1095	0
335	1095	0
336	1095	0
337	1095	0
338	1095	0
339	1095	0
340	1095	1
341	1095	0
342	1095	0
343	1095	0
344	1095	0
346	1095	1
347	1095	0
348	1095	0
349	1095	0
350	1095	0
351	1095	0
352	1095	0
354	1095	0
355	1095	0
357	1095	0
358	1095	1
359	1095	1
360	1095	1
361	1095	1
363	1095	1
364	1095	0
365	1095	0
366	1095	0
367	1095	0
368	1095	0
371	1095	0
372	1095	1
373	1095	1
374	1095	1
377	1095	1
378	1095	1
379	1095	0
380	1095	1
381	1095	1
382	1095	0
383	1095	0
384	1095	0
385	1095	0
386	1095	1
387	1095	0
388	1095	0
389	1095	1
390	1095	1
391	1095	0
393	1095	0
394	1095	0
395	1095	1
396	1095	0
398	1095	0
399	1095	0
400	1095	0
401	1095	0
402	1095	0
403	1095	0
404	1095	1
405	1095	0
406	1095	0
407	1095	0
408	1095	0
409	1095	0
410	1095	0
411	1095	0
412	1095	0
413	1095	0
414	1095	0
415	1095	1
416	1095	0
417	1095	0
418	1095	0
419	1095	0
420	1095	0
421	1095	1
422	1095	0
423	1095	0
424	1095	1
425	1095	0
426	1095	0
427	1095	0
428	1095	0
429	1095	0
430	1095	0
431	1095	0
432	1095	0
433	1095	0
434	1095	0
435	1095	0
436	1095	1
437	1095	0
438	1095	0
439	1095	0
440	1095	0
441	1095	0
442	1095	0
443	1095	1
444	1095	0
445	1095	0
446	1095	1
447	1095	0
448	1095	0
449	1095	1
450	1095	0
451	1095	0
452	1095	0
453	1095	1
454	1095	0
455	1095	1
456	1095	0
457	1095	0
458	1095	0
459	1095	0
460	1095	0
461	1095	0
462	1095	0
463	1095	0
464	1095	1
465	1095	1
466	1095	0
467	1095	0
468	1095	0
469	1095	0
470	1095	0
471	1095	0
472	1095	0
473	1095	1
474	1095	0
475	1095	0
476	1095	1
477	1095	0
478	1095	1
480	1095	0
481	1095	0
482	1095	0
483	1095	0
484	1095	0
485	1095	0
486	1095	0
487	1095	0
489	1095	1
490	1095	0
491	1095	0
492	1095	0
493	1095	0
495	1095	0
496	1095	1
497	1095	1
499	1095	0
500	1095	1
501	1095	0
502	1095	1
503	1095	1
505	1095	1
506	1095	1
508	1095	0
509	1095	0
510	1095	1
511	1095	0
512	1095	1
513	1095	0
514	1095	1
515	1095	1
516	1095	0
517	1095	1
518	1095	1
519	1095	1
520	1095	1
521	1095	1
522	1095	0
523	1095	1
524	1095	0
525	1095	0
526	1095	0
527	1095	0
528	1095	0
529	1095	0
531	1095	0
533	1095	0
534	1095	0
536	1095	0
537	1095	0
538	1095	0
540	1095	0
541	1095	0
542	1095	0
543	1095	0
544	1095	0
546	1095	0
547	1095	0
548	1095	0
549	1095	0
550	1095	0
551	1095	0
553	1095	0
554	1095	0
555	1095	0
556	1095	0
557	1095	0
558	1095	0
559	1095	0
560	1095	1
561	1095	0
562	1095	0
563	1095	0
564	1095	0
565	1095	0
566	1095	0
567	1095	0
568	1095	0
569	1095	0
570	1095	0
571	1095	0
572	1095	0
573	1095	0
574	1095	0
575	1095	0
576	1095	0
577	1095	0
578	1095	0
579	1095	0
580	1095	0
582	1095	0
583	1095	0
584	1095	0
585	1095	1
586	1095	0
587	1095	0
588	1095	1
589	1095	0
590	1095	0
591	1095	0
592	1095	0
593	1095	1
594	1095	0
595	1095	0
596	1095	0
597	1095	0
598	1095	0
599	1095	0
600	1095	0
601	1095	0
602	1095	0
604	1095	0
605	1095	0
606	1095	0
607	1095	0
608	1095	0
609	1095	0
611	1095	0
612	1095	1
613	1095	0
614	1095	0
615	1095	0
616	1095	0
617	1095	1
618	1095	0
619	1095	0
620	1095	1
621	1095	0
622	1095	0
624	1095	0
625	1095	0
626	1095	0
627	1095	0
628	1095	0
630	1095	0
631	1095	0
632	1095	0
633	1095	0
635	1095	0
636	1095	0
637	1095	1
640	1095	0
641	1095	0
642	1095	0
643	1095	1
644	1095	0
645	1095	1
646	1095	0
647	1095	0
648	1095	0
649	1095	1
650	1095	1
651	1095	0
652	1095	1
653	1095	0
654	1095	0
655	1095	0
656	1095	1
657	1095	0
658	1095	0
659	1095	0
660	1095	0
661	1095	1
662	1095	1
663	1095	1
664	1095	1
666	1095	1
667	1095	0
668	1095	0
669	1095	0
670	1095	0
671	1095	0
672	1095	0
673	1095	1
674	1095	0
675	1095	0
676	1095	0
677	1095	1
678	1095	0
679	1095	0
680	1095	0
681	1095	0
682	1095	0
683	1095	0
684	1095	0
685	1095	0
686	1095	0
687	1095	0
688	1095	0
689	1095	0
690	1095	0
691	1095	1
692	1095	1
693	1095	0
694	1095	1
695	1095	1
696	1095	0
697	1095	0
698	1095	1
699	1095	0
700	1095	0
701	1095	0
702	1095	0
703	1095	0
704	1095	0
705	1095	0
706	1095	0
707	1095	0
708	1095	0
709	1095	0
710	1095	1
711	1095	0
712	1095	0
713	1095	1
714	1095	0
715	1095	1
716	1095	0
717	1095	0
718	1095	0
719	1095	1
720	1095	0
721	1095	1
722	1095	0
723	1095	0
724	1095	0
725	1095	0
726	1095	0
727	1095	0
728	1095	0
730	1095	0
731	1095	0
732	1095	1
733	1095	0
734	1095	0
735	1095	0
736	1095	0
737	1095	1
738	1095	0
739	1095	0
740	1095	0
741	1095	1
742	1095	1
743	1095	0
744	1095	0
745	1095	1
746	1095	0
747	1095	1
748	1095	1
749	1095	1
750	1095	1
751	1095	0
752	1095	0
753	1095	0
754	1095	0
755	1095	0
756	1095	0
757	1095	0
758	1095	0
759	1095	1
760	1095	0
761	1095	0
762	1095	0
763	1095	0
764	1095	0
765	1095	0
767	1095	0
768	1095	0
769	1095	0
770	1095	0
771	1095	0
772	1095	0
773	1095	0
774	1095	1
775	1095	0
776	1095	0
777	1095	0
778	1095	0
779	1095	0
780	1095	0
782	1095	0
783	1095	0
784	1095	0
785	1095	0
786	1095	0
787	1095	0
788	1095	0
789	1095	0
790	1095	0
791	1095	0
793	1095	0
794	1095	0
795	1095	0
796	1095	1
797	1095	1
798	1095	0
799	1095	0
800	1095	0
801	1095	0
802	1095	0
803	1095	0
804	1095	0
806	1095	0
807	1095	0
808	1095	1
809	1095	0
810	1095	0
811	1095	0
812	1095	0
813	1095	1
814	1095	0
816	1095	0
817	1095	0
818	1095	1
819	1095	0
820	1095	0
821	1095	0
822	1095	0
823	1095	0
824	1095	0
825	1095	0
826	1095	0
827	1095	1
828	1095	0
829	1095	1
830	1095	1
831	1095	1
832	1095	1
833	1095	1
834	1095	1
835	1095	0
836	1095	1
837	1095	1
839	1095	0
840	1095	1
841	1095	0
842	1095	0
843	1095	0
844	1095	0
845	1095	0
846	1095	0
847	1095	0
848	1095	0
849	1095	0
850	1095	0
851	1095	0
852	1095	0
853	1095	0
854	1095	0
855	1095	0
856	1095	0
857	1095	0
858	1095	0
859	1095	0
860	1095	0
861	1095	0
862	1095	0
863	1095	1
864	1095	0
865	1095	0
866	1095	0
867	1095	0
868	1095	0
869	1095	0
870	1095	1
872	1095	0
873	1095	0
874	1095	0
875	1095	0
876	1095	0
877	1095	0
878	1095	0
880	1095	0
881	1095	0
882	1095	0
883	1095	0
884	1095	0
885	1095	0
886	1095	0
887	1095	0
888	1095	0
889	1095	0
890	1095	0
891	1095	0
892	1095	0
893	1095	0
894	1095	0
895	1095	0
896	1095	0
897	1095	0
898	1095	0
900	1095	0
901	1095	0
902	1095	0
903	1095	0
904	1095	0
905	1095	0
906	1095	0
907	1095	0
908	1095	0
909	1095	0
910	1095	0
911	1095	0
912	1095	1
913	1095	1
914	1095	0
916	1095	0
917	1095	1
918	1095	0
919	1095	0
920	1095	0
921	1095	0
922	1095	0
923	1095	0
924	1095	0
925	1095	0
926	1095	0
927	1095	0
928	1095	1
930	1095	0
931	1095	0
933	1095	1
934	1095	0
935	1095	0
936	1095	0
937	1095	1
938	1095	1
939	1095	0
940	1095	0
941	1095	0
942	1095	0
943	1095	1
944	1095	0
945	1095	0
946	1095	0
947	1095	1
948	1095	0
949	1095	0
950	1095	0
952	1095	0
953	1095	0
954	1095	0
955	1095	0
956	1095	0
958	1095	1
959	1095	0
961	1095	0
962	1095	0
963	1095	1
964	1095	0
965	1095	0
967	1095	1
