0	1064	0
1	1064	0
2	1064	0
3	1064	0
4	1064	0
5	1064	0
6	1064	0
7	1064	0
8	1064	1
9	1064	0
10	1064	0
11	1064	0
12	1064	0
13	1064	0
14	1064	0
15	1064	0
16	1064	0
17	1064	0
18	1064	0
19	1064	0
20	1064	0
21	1064	0
22	1064	0
23	1064	0
24	1064	0
26	1064	0
27	1064	0
28	1064	0
29	1064	0
30	1064	0
31	1064	1
32	1064	1
33	1064	0
34	1064	0
35	1064	0
36	1064	1
37	1064	0
38	1064	0
39	1064	1
40	1064	0
42	1064	0
43	1064	0
44	1064	0
45	1064	1
46	1064	0
47	1064	0
48	1064	0
49	1064	0
50	1064	0
51	1064	0
52	1064	0
53	1064	0
54	1064	0
55	1064	0
56	1064	0
57	1064	0
58	1064	0
59	1064	1
60	1064	0
61	1064	0
62	1064	1
64	1064	0
65	1064	0
66	1064	0
67	1064	0
68	1064	0
69	1064	0
70	1064	1
71	1064	1
72	1064	0
73	1064	0
74	1064	0
75	1064	0
76	1064	0
77	1064	0
78	1064	0
79	1064	0
80	1064	0
81	1064	0
82	1064	0
83	1064	0
84	1064	0
85	1064	0
86	1064	0
87	1064	0
88	1064	0
89	1064	0
90	1064	0
91	1064	0
92	1064	0
93	1064	0
94	1064	0
95	1064	0
96	1064	1
97	1064	0
98	1064	0
99	1064	0
100	1064	1
102	1064	0
103	1064	0
104	1064	0
105	1064	0
106	1064	0
109	1064	1
111	1064	0
112	1064	0
113	1064	0
114	1064	0
115	1064	0
116	1064	0
117	1064	1
118	1064	0
119	1064	0
120	1064	0
121	1064	0
122	1064	0
123	1064	0
124	1064	0
125	1064	0
126	1064	0
127	1064	0
129	1064	0
130	1064	0
131	1064	0
132	1064	0
133	1064	0
134	1064	0
136	1064	0
137	1064	0
138	1064	0
139	1064	0
140	1064	0
141	1064	0
142	1064	0
143	1064	0
144	1064	0
145	1064	0
146	1064	0
147	1064	0
148	1064	0
149	1064	0
150	1064	0
152	1064	0
153	1064	0
154	1064	0
155	1064	0
156	1064	0
157	1064	0
158	1064	0
159	1064	0
160	1064	0
161	1064	0
162	1064	0
163	1064	0
165	1064	0
166	1064	0
167	1064	0
168	1064	0
169	1064	0
170	1064	0
171	1064	0
172	1064	1
173	1064	0
174	1064	0
175	1064	0
177	1064	0
178	1064	0
179	1064	0
180	1064	0
182	1064	0
183	1064	0
184	1064	0
185	1064	0
186	1064	0
187	1064	0
188	1064	0
189	1064	0
190	1064	0
191	1064	0
192	1064	0
193	1064	0
194	1064	1
195	1064	0
196	1064	1
197	1064	0
198	1064	0
199	1064	0
200	1064	0
201	1064	0
202	1064	0
203	1064	1
204	1064	1
206	1064	0
207	1064	0
208	1064	1
210	1064	0
211	1064	0
212	1064	0
213	1064	0
214	1064	1
215	1064	0
216	1064	0
217	1064	0
218	1064	0
219	1064	0
220	1064	0
222	1064	0
223	1064	0
224	1064	0
225	1064	0
226	1064	0
227	1064	1
228	1064	0
229	1064	0
230	1064	0
231	1064	0
232	1064	0
233	1064	0
234	1064	0
235	1064	0
236	1064	0
237	1064	0
238	1064	0
239	1064	1
240	1064	0
241	1064	0
242	1064	0
244	1064	0
245	1064	0
246	1064	0
247	1064	0
248	1064	0
249	1064	0
250	1064	0
251	1064	0
252	1064	0
253	1064	1
254	1064	0
255	1064	1
256	1064	0
258	1064	0
259	1064	0
260	1064	0
261	1064	0
262	1064	0
263	1064	0
264	1064	0
265	1064	0
266	1064	0
267	1064	0
268	1064	0
269	1064	0
270	1064	0
271	1064	0
272	1064	0
273	1064	0
274	1064	0
275	1064	0
276	1064	0
277	1064	0
278	1064	0
279	1064	0
280	1064	0
281	1064	0
282	1064	0
283	1064	0
284	1064	0
285	1064	0
286	1064	0
287	1064	0
288	1064	0
289	1064	1
290	1064	0
291	1064	0
292	1064	0
293	1064	0
294	1064	0
295	1064	0
296	1064	0
297	1064	0
298	1064	0
299	1064	0
300	1064	0
301	1064	1
302	1064	0
303	1064	0
304	1064	0
305	1064	0
306	1064	0
307	1064	0
308	1064	0
309	1064	0
310	1064	0
311	1064	0
312	1064	0
313	1064	0
314	1064	0
315	1064	0
316	1064	0
317	1064	0
318	1064	0
319	1064	0
320	1064	0
321	1064	0
322	1064	0
323	1064	0
324	1064	0
325	1064	0
326	1064	0
327	1064	0
328	1064	0
329	1064	0
330	1064	0
331	1064	0
333	1064	0
335	1064	0
336	1064	0
337	1064	0
338	1064	0
339	1064	0
340	1064	0
341	1064	0
342	1064	0
343	1064	0
344	1064	0
346	1064	1
347	1064	0
348	1064	0
349	1064	0
350	1064	0
351	1064	0
352	1064	0
354	1064	0
355	1064	0
357	1064	0
358	1064	0
359	1064	0
360	1064	0
361	1064	0
363	1064	0
364	1064	0
365	1064	0
366	1064	0
367	1064	0
368	1064	0
371	1064	0
372	1064	0
373	1064	1
374	1064	1
375	1064	1
377	1064	0
378	1064	1
379	1064	0
380	1064	0
381	1064	1
382	1064	0
383	1064	0
384	1064	0
385	1064	0
386	1064	0
387	1064	0
388	1064	0
389	1064	0
390	1064	0
391	1064	0
393	1064	0
394	1064	0
395	1064	0
397	1064	1
398	1064	0
399	1064	0
400	1064	0
401	1064	0
402	1064	0
403	1064	0
404	1064	1
405	1064	0
406	1064	0
407	1064	1
408	1064	0
409	1064	0
410	1064	0
411	1064	0
412	1064	0
413	1064	0
414	1064	0
415	1064	0
416	1064	1
417	1064	0
418	1064	0
419	1064	0
420	1064	0
421	1064	0
422	1064	0
423	1064	0
424	1064	0
425	1064	0
426	1064	0
427	1064	0
428	1064	0
429	1064	0
430	1064	0
431	1064	0
432	1064	0
433	1064	0
434	1064	0
435	1064	0
436	1064	1
437	1064	0
438	1064	0
439	1064	0
440	1064	0
441	1064	0
442	1064	0
443	1064	1
444	1064	0
445	1064	0
446	1064	1
447	1064	0
448	1064	0
449	1064	0
450	1064	0
451	1064	0
452	1064	0
453	1064	0
454	1064	0
455	1064	0
456	1064	0
457	1064	0
458	1064	0
459	1064	0
460	1064	0
461	1064	0
462	1064	0
463	1064	0
464	1064	1
465	1064	1
466	1064	0
467	1064	0
468	1064	0
469	1064	0
470	1064	0
471	1064	0
472	1064	0
473	1064	0
474	1064	0
475	1064	0
476	1064	0
477	1064	0
478	1064	0
480	1064	0
481	1064	0
482	1064	0
483	1064	0
484	1064	0
485	1064	0
486	1064	0
487	1064	0
489	1064	0
490	1064	0
491	1064	0
492	1064	0
493	1064	0
495	1064	0
496	1064	1
497	1064	1
499	1064	0
500	1064	1
501	1064	0
503	1064	1
505	1064	1
506	1064	0
508	1064	1
509	1064	1
510	1064	0
511	1064	0
512	1064	0
513	1064	0
514	1064	1
515	1064	0
516	1064	0
517	1064	0
518	1064	1
519	1064	1
520	1064	0
521	1064	0
523	1064	0
524	1064	0
525	1064	0
526	1064	0
527	1064	0
528	1064	0
529	1064	0
531	1064	0
533	1064	1
534	1064	0
536	1064	0
537	1064	0
538	1064	0
540	1064	0
541	1064	0
542	1064	0
543	1064	0
544	1064	0
546	1064	0
547	1064	0
548	1064	0
549	1064	0
550	1064	0
551	1064	0
553	1064	0
554	1064	0
555	1064	0
556	1064	0
557	1064	0
558	1064	0
559	1064	0
560	1064	1
561	1064	0
562	1064	0
563	1064	0
564	1064	0
565	1064	0
566	1064	0
567	1064	0
568	1064	0
569	1064	0
570	1064	0
571	1064	0
572	1064	0
574	1064	0
575	1064	0
576	1064	0
577	1064	0
578	1064	0
579	1064	0
580	1064	0
582	1064	1
583	1064	0
584	1064	0
585	1064	0
586	1064	0
587	1064	0
588	1064	0
589	1064	0
590	1064	0
591	1064	0
592	1064	0
593	1064	0
594	1064	0
595	1064	0
596	1064	0
597	1064	0
598	1064	0
599	1064	0
600	1064	0
601	1064	0
602	1064	0
604	1064	0
605	1064	0
606	1064	0
607	1064	0
608	1064	0
609	1064	0
611	1064	0
612	1064	0
613	1064	0
614	1064	1
615	1064	0
616	1064	0
617	1064	0
618	1064	0
619	1064	0
620	1064	1
621	1064	0
622	1064	0
624	1064	0
625	1064	0
626	1064	0
627	1064	0
628	1064	0
630	1064	1
631	1064	0
632	1064	0
633	1064	0
635	1064	0
636	1064	0
637	1064	0
640	1064	0
641	1064	0
642	1064	0
643	1064	0
644	1064	0
645	1064	1
646	1064	0
647	1064	0
648	1064	0
649	1064	0
650	1064	1
651	1064	0
652	1064	1
653	1064	0
654	1064	0
655	1064	0
656	1064	1
657	1064	1
658	1064	0
659	1064	0
660	1064	0
661	1064	0
662	1064	1
663	1064	1
664	1064	1
666	1064	1
667	1064	0
668	1064	0
669	1064	0
670	1064	0
671	1064	0
672	1064	0
673	1064	0
674	1064	0
675	1064	0
676	1064	0
677	1064	0
678	1064	0
679	1064	0
680	1064	0
681	1064	0
682	1064	0
683	1064	0
684	1064	0
685	1064	0
686	1064	0
687	1064	0
688	1064	0
689	1064	1
690	1064	0
691	1064	1
692	1064	1
693	1064	0
694	1064	1
695	1064	1
696	1064	0
697	1064	0
698	1064	0
699	1064	0
700	1064	0
701	1064	0
702	1064	0
703	1064	0
704	1064	0
705	1064	0
706	1064	0
707	1064	0
708	1064	0
709	1064	0
710	1064	0
711	1064	0
712	1064	0
713	1064	1
714	1064	0
715	1064	1
716	1064	0
717	1064	0
718	1064	0
719	1064	0
720	1064	0
721	1064	0
722	1064	0
723	1064	1
724	1064	0
725	1064	0
726	1064	0
727	1064	0
728	1064	0
730	1064	0
731	1064	0
732	1064	1
733	1064	0
734	1064	0
735	1064	0
736	1064	0
737	1064	0
738	1064	0
739	1064	0
740	1064	0
741	1064	0
742	1064	1
743	1064	0
744	1064	0
745	1064	0
746	1064	0
747	1064	0
748	1064	1
749	1064	0
750	1064	1
751	1064	0
752	1064	0
753	1064	0
754	1064	0
755	1064	0
756	1064	0
757	1064	0
758	1064	0
759	1064	0
760	1064	0
761	1064	0
762	1064	0
763	1064	0
764	1064	0
765	1064	1
766	1064	0
767	1064	0
768	1064	0
769	1064	0
770	1064	0
771	1064	0
772	1064	0
773	1064	0
774	1064	1
775	1064	0
776	1064	0
777	1064	0
778	1064	0
779	1064	0
780	1064	0
782	1064	0
783	1064	0
784	1064	0
785	1064	0
786	1064	0
787	1064	0
788	1064	0
789	1064	0
790	1064	0
791	1064	0
793	1064	0
794	1064	0
795	1064	0
796	1064	1
797	1064	0
798	1064	0
799	1064	0
800	1064	0
801	1064	0
802	1064	0
803	1064	0
804	1064	0
806	1064	0
807	1064	0
808	1064	0
809	1064	0
810	1064	0
811	1064	0
812	1064	0
813	1064	0
814	1064	0
816	1064	0
817	1064	0
818	1064	0
819	1064	1
820	1064	0
821	1064	0
822	1064	0
823	1064	1
824	1064	0
825	1064	0
826	1064	0
827	1064	0
828	1064	0
829	1064	1
830	1064	1
831	1064	1
832	1064	1
833	1064	1
834	1064	1
835	1064	0
836	1064	0
837	1064	1
839	1064	0
840	1064	0
841	1064	0
842	1064	0
843	1064	0
844	1064	0
845	1064	0
846	1064	0
847	1064	0
848	1064	0
849	1064	0
850	1064	0
851	1064	0
852	1064	0
853	1064	0
854	1064	0
855	1064	0
856	1064	0
857	1064	0
858	1064	0
859	1064	0
860	1064	0
861	1064	0
862	1064	0
863	1064	0
864	1064	0
865	1064	0
866	1064	0
867	1064	1
868	1064	0
869	1064	0
870	1064	0
872	1064	0
873	1064	0
874	1064	0
875	1064	0
876	1064	0
877	1064	0
878	1064	0
879	1064	0
880	1064	0
881	1064	0
882	1064	0
883	1064	0
884	1064	0
885	1064	0
886	1064	0
887	1064	0
888	1064	0
889	1064	0
890	1064	0
891	1064	0
892	1064	0
893	1064	0
894	1064	0
895	1064	0
896	1064	0
897	1064	0
898	1064	0
900	1064	0
901	1064	0
902	1064	0
903	1064	0
904	1064	0
905	1064	0
906	1064	0
907	1064	0
908	1064	0
909	1064	0
910	1064	0
911	1064	0
912	1064	1
913	1064	0
914	1064	0
916	1064	0
917	1064	1
918	1064	0
919	1064	0
920	1064	0
921	1064	0
922	1064	0
923	1064	0
924	1064	0
925	1064	0
926	1064	0
927	1064	0
928	1064	1
930	1064	0
931	1064	0
933	1064	1
934	1064	0
935	1064	1
936	1064	0
937	1064	1
938	1064	0
939	1064	0
940	1064	0
941	1064	0
942	1064	0
943	1064	0
944	1064	0
945	1064	0
946	1064	0
947	1064	0
948	1064	0
949	1064	0
950	1064	0
952	1064	0
953	1064	0
954	1064	0
955	1064	0
956	1064	0
958	1064	1
959	1064	1
960	1064	0
961	1064	0
962	1064	0
963	1064	1
964	1064	0
965	1064	0
966	1064	0
967	1064	1
