0	1179	0
1	1179	0
2	1179	0
3	1179	0
4	1179	0
5	1179	0
6	1179	0
7	1179	0
8	1179	0
9	1179	0
10	1179	0
11	1179	0
12	1179	0
13	1179	0
16	1179	0
17	1179	0
18	1179	0
19	1179	0
20	1179	0
21	1179	0
22	1179	0
23	1179	0
24	1179	0
25	1179	1
26	1179	0
27	1179	0
30	1179	0
31	1179	0
32	1179	0
33	1179	0
34	1179	0
36	1179	0
37	1179	0
38	1179	0
39	1179	0
40	1179	0
41	1179	0
42	1179	0
43	1179	0
45	1179	0
46	1179	0
47	1179	1
48	1179	0
49	1179	0
51	1179	0
53	1179	0
54	1179	0
55	1179	0
56	1179	0
58	1179	0
59	1179	0
60	1179	0
61	1179	0
62	1179	0
63	1179	0
64	1179	0
65	1179	0
66	1179	0
67	1179	0
68	1179	0
69	1179	0
70	1179	0
71	1179	0
72	1179	0
74	1179	0
75	1179	0
77	1179	0
78	1179	1
79	1179	1
80	1179	0
81	1179	0
82	1179	0
83	1179	0
84	1179	0
85	1179	0
86	1179	0
87	1179	0
89	1179	0
90	1179	0
91	1179	0
92	1179	0
93	1179	0
94	1179	0
95	1179	0
96	1179	1
97	1179	0
98	1179	1
99	1179	0
100	1179	1
101	1179	0
102	1179	0
103	1179	0
104	1179	0
105	1179	0
106	1179	0
107	1179	0
108	1179	0
109	1179	0
110	1179	0
111	1179	0
112	1179	0
113	1179	0
114	1179	0
115	1179	0
116	1179	0
117	1179	0
118	1179	0
120	1179	0
121	1179	0
124	1179	0
125	1179	0
129	1179	0
130	1179	0
131	1179	0
132	1179	0
133	1179	0
134	1179	0
135	1179	1
136	1179	0
137	1179	0
138	1179	0
139	1179	0
140	1179	0
141	1179	0
142	1179	0
144	1179	0
145	1179	0
146	1179	0
147	1179	0
148	1179	0
149	1179	0
151	1179	0
152	1179	0
153	1179	0
154	1179	0
155	1179	0
156	1179	0
157	1179	0
158	1179	0
159	1179	0
160	1179	0
162	1179	0
163	1179	0
164	1179	0
165	1179	0
166	1179	0
167	1179	0
168	1179	0
169	1179	0
170	1179	0
171	1179	0
172	1179	0
173	1179	0
174	1179	1
175	1179	0
178	1179	0
179	1179	0
180	1179	1
181	1179	0
182	1179	0
183	1179	0
184	1179	0
185	1179	0
186	1179	1
187	1179	0
188	1179	0
190	1179	0
191	1179	0
192	1179	0
193	1179	0
194	1179	1
195	1179	0
196	1179	0
197	1179	0
198	1179	0
199	1179	0
200	1179	0
201	1179	1
202	1179	0
203	1179	0
204	1179	0
206	1179	0
207	1179	1
208	1179	0
209	1179	0
210	1179	0
211	1179	0
212	1179	0
213	1179	0
214	1179	1
215	1179	0
216	1179	0
217	1179	0
218	1179	0
219	1179	0
221	1179	1
222	1179	0
223	1179	0
224	1179	0
225	1179	0
227	1179	0
228	1179	0
229	1179	0
230	1179	0
232	1179	0
233	1179	0
234	1179	0
235	1179	0
236	1179	0
237	1179	0
239	1179	0
240	1179	0
245	1179	0
246	1179	1
247	1179	0
248	1179	0
249	1179	1
250	1179	0
251	1179	0
252	1179	0
253	1179	0
254	1179	0
255	1179	0
256	1179	0
257	1179	0
258	1179	1
259	1179	0
260	1179	0
261	1179	0
262	1179	0
263	1179	0
264	1179	0
265	1179	0
266	1179	0
267	1179	0
268	1179	0
270	1179	0
271	1179	0
272	1179	0
273	1179	0
274	1179	0
275	1179	0
277	1179	0
280	1179	0
281	1179	1
282	1179	0
283	1179	0
284	1179	0
285	1179	0
286	1179	0
287	1179	1
288	1179	0
289	1179	0
290	1179	0
291	1179	0
293	1179	1
295	1179	0
296	1179	0
298	1179	0
302	1179	0
303	1179	1
304	1179	0
305	1179	0
306	1179	0
308	1179	0
310	1179	0
312	1179	0
313	1179	0
314	1179	0
315	1179	0
316	1179	0
317	1179	0
318	1179	0
319	1179	0
321	1179	0
322	1179	0
323	1179	0
324	1179	0
325	1179	0
326	1179	0
327	1179	0
328	1179	1
329	1179	0
330	1179	0
331	1179	0
332	1179	0
333	1179	0
334	1179	0
336	1179	0
337	1179	0
338	1179	0
340	1179	0
341	1179	0
343	1179	0
344	1179	0
345	1179	0
346	1179	0
347	1179	0
348	1179	0
350	1179	0
351	1179	0
352	1179	0
353	1179	0
354	1179	1
355	1179	0
356	1179	0
357	1179	1
358	1179	0
359	1179	0
360	1179	0
361	1179	0
362	1179	0
363	1179	0
364	1179	0
365	1179	0
366	1179	0
369	1179	0
370	1179	0
371	1179	0
372	1179	0
373	1179	0
374	1179	0
376	1179	0
377	1179	0
378	1179	0
379	1179	0
380	1179	0
381	1179	0
382	1179	0
383	1179	0
384	1179	0
385	1179	0
386	1179	0
387	1179	0
388	1179	0
389	1179	0
391	1179	0
392	1179	0
393	1179	0
394	1179	1
395	1179	0
397	1179	0
398	1179	0
399	1179	0
401	1179	0
402	1179	0
403	1179	0
404	1179	0
405	1179	0
406	1179	0
407	1179	0
408	1179	0
409	1179	0
410	1179	0
412	1179	0
414	1179	0
415	1179	0
416	1179	0
417	1179	0
418	1179	0
420	1179	1
421	1179	1
422	1179	0
423	1179	0
424	1179	0
425	1179	0
426	1179	0
428	1179	0
429	1179	0
430	1179	0
431	1179	0
432	1179	0
433	1179	0
434	1179	0
435	1179	0
436	1179	0
437	1179	0
438	1179	0
439	1179	0
440	1179	0
441	1179	0
442	1179	0
443	1179	0
444	1179	0
445	1179	0
446	1179	0
447	1179	0
448	1179	1
449	1179	0
450	1179	0
452	1179	0
453	1179	0
454	1179	0
455	1179	0
456	1179	0
457	1179	1
458	1179	0
459	1179	0
461	1179	0
462	1179	0
464	1179	1
465	1179	0
466	1179	0
467	1179	0
468	1179	0
469	1179	0
470	1179	0
471	1179	0
472	1179	0
473	1179	0
474	1179	0
475	1179	0
476	1179	0
477	1179	0
478	1179	0
479	1179	0
480	1179	0
481	1179	0
483	1179	0
484	1179	0
485	1179	1
486	1179	1
487	1179	0
488	1179	0
489	1179	1
490	1179	0
491	1179	1
492	1179	0
494	1179	0
496	1179	0
497	1179	0
498	1179	1
500	1179	0
501	1179	0
502	1179	1
503	1179	0
504	1179	0
505	1179	0
506	1179	0
507	1179	0
508	1179	0
509	1179	0
510	1179	0
511	1179	0
512	1179	0
513	1179	0
514	1179	0
515	1179	0
516	1179	0
517	1179	0
518	1179	0
519	1179	0
520	1179	0
521	1179	0
522	1179	0
523	1179	0
524	1179	0
525	1179	0
526	1179	0
527	1179	0
528	1179	0
529	1179	0
530	1179	0
531	1179	0
533	1179	0
534	1179	0
535	1179	0
536	1179	0
538	1179	0
539	1179	0
540	1179	0
541	1179	0
542	1179	0
543	1179	0
544	1179	0
545	1179	0
546	1179	0
547	1179	0
550	1179	0
551	1179	0
553	1179	0
555	1179	0
556	1179	0
557	1179	0
558	1179	0
560	1179	0
561	1179	0
562	1179	0
563	1179	0
565	1179	0
566	1179	0
567	1179	0
568	1179	0
569	1179	0
571	1179	0
574	1179	0
575	1179	0
576	1179	0
577	1179	0
579	1179	0
580	1179	0
581	1179	0
582	1179	0
583	1179	0
584	1179	0
585	1179	0
586	1179	0
588	1179	0
589	1179	0
591	1179	0
593	1179	0
595	1179	0
596	1179	0
597	1179	0
598	1179	0
599	1179	0
600	1179	0
601	1179	0
602	1179	0
604	1179	0
606	1179	0
607	1179	0
608	1179	0
609	1179	0
612	1179	0
613	1179	0
614	1179	0
615	1179	0
616	1179	0
617	1179	0
618	1179	0
619	1179	0
620	1179	0
621	1179	0
622	1179	0
624	1179	0
625	1179	0
627	1179	0
628	1179	0
630	1179	0
632	1179	0
633	1179	0
634	1179	0
635	1179	0
636	1179	0
637	1179	0
638	1179	1
639	1179	0
640	1179	0
641	1179	0
642	1179	0
643	1179	0
644	1179	0
645	1179	0
646	1179	0
648	1179	0
649	1179	0
650	1179	0
652	1179	0
653	1179	1
654	1179	0
655	1179	0
656	1179	0
657	1179	0
658	1179	0
659	1179	0
660	1179	0
661	1179	0
662	1179	0
663	1179	0
664	1179	0
665	1179	1
666	1179	0
667	1179	0
668	1179	0
669	1179	0
670	1179	1
671	1179	0
672	1179	0
673	1179	0
674	1179	1
675	1179	1
676	1179	0
677	1179	0
678	1179	0
679	1179	0
680	1179	1
681	1179	0
682	1179	0
683	1179	0
684	1179	0
685	1179	0
686	1179	0
687	1179	1
688	1179	0
689	1179	0
690	1179	0
691	1179	0
692	1179	0
693	1179	0
694	1179	0
695	1179	0
696	1179	0
698	1179	0
699	1179	0
700	1179	0
702	1179	0
703	1179	0
704	1179	1
705	1179	0
706	1179	0
707	1179	0
709	1179	1
710	1179	0
711	1179	0
712	1179	0
713	1179	0
714	1179	0
717	1179	0
718	1179	0
719	1179	0
720	1179	0
721	1179	1
722	1179	0
723	1179	1
724	1179	0
725	1179	0
726	1179	1
727	1179	1
728	1179	0
729	1179	0
730	1179	0
732	1179	0
734	1179	0
735	1179	0
736	1179	0
737	1179	0
738	1179	0
739	1179	1
740	1179	0
741	1179	0
742	1179	0
745	1179	0
746	1179	0
747	1179	0
748	1179	0
749	1179	1
750	1179	0
752	1179	0
753	1179	0
754	1179	0
755	1179	0
756	1179	0
757	1179	0
758	1179	0
759	1179	0
760	1179	0
761	1179	0
762	1179	0
765	1179	0
766	1179	0
767	1179	0
768	1179	0
769	1179	0
770	1179	0
771	1179	0
772	1179	0
773	1179	0
775	1179	0
776	1179	0
777	1179	0
778	1179	0
779	1179	0
780	1179	0
781	1179	1
782	1179	0
783	1179	0
784	1179	0
785	1179	0
786	1179	0
787	1179	0
789	1179	0
790	1179	0
792	1179	0
793	1179	0
794	1179	0
795	1179	0
796	1179	0
797	1179	0
799	1179	0
800	1179	0
801	1179	0
802	1179	0
804	1179	0
805	1179	0
806	1179	0
807	1179	0
808	1179	0
810	1179	0
811	1179	0
814	1179	0
816	1179	0
818	1179	0
819	1179	0
820	1179	0
822	1179	0
823	1179	0
824	1179	0
825	1179	0
826	1179	0
827	1179	0
829	1179	1
830	1179	0
831	1179	0
832	1179	1
833	1179	1
834	1179	0
836	1179	0
837	1179	0
838	1179	0
839	1179	0
840	1179	0
843	1179	0
844	1179	0
845	1179	0
848	1179	0
849	1179	0
850	1179	0
852	1179	0
853	1179	0
854	1179	0
855	1179	0
856	1179	0
857	1179	0
860	1179	0
861	1179	0
862	1179	0
863	1179	1
864	1179	0
866	1179	0
867	1179	0
868	1179	0
869	1179	0
870	1179	0
871	1179	0
872	1179	0
873	1179	0
874	1179	0
875	1179	0
876	1179	0
877	1179	0
878	1179	0
880	1179	0
881	1179	0
882	1179	0
883	1179	0
884	1179	0
885	1179	0
887	1179	0
888	1179	0
889	1179	0
890	1179	0
891	1179	0
892	1179	1
893	1179	0
894	1179	0
895	1179	0
896	1179	1
897	1179	0
899	1179	0
900	1179	1
901	1179	0
902	1179	0
904	1179	0
905	1179	0
907	1179	0
910	1179	0
911	1179	0
912	1179	0
913	1179	0
914	1179	0
915	1179	0
916	1179	0
917	1179	0
918	1179	0
919	1179	0
921	1179	0
922	1179	0
923	1179	0
924	1179	0
925	1179	0
926	1179	0
927	1179	0
928	1179	0
929	1179	0
933	1179	1
934	1179	0
935	1179	0
936	1179	0
937	1179	0
938	1179	0
939	1179	0
940	1179	0
941	1179	0
942	1179	0
943	1179	0
944	1179	0
945	1179	0
946	1179	1
948	1179	0
949	1179	0
950	1179	1
952	1179	0
953	1179	0
954	1179	0
955	1179	0
956	1179	0
957	1179	0
958	1179	0
959	1179	1
960	1179	0
961	1179	0
962	1179	0
963	1179	0
964	1179	0
965	1179	0
966	1179	0
967	1179	0
