0	1086	0
1	1086	0
2	1086	0
3	1086	0
4	1086	0
5	1086	0
6	1086	0
7	1086	0
8	1086	1
9	1086	0
10	1086	0
11	1086	0
12	1086	0
13	1086	0
14	1086	0
15	1086	0
16	1086	0
17	1086	1
18	1086	1
19	1086	1
20	1086	0
21	1086	0
22	1086	0
23	1086	0
24	1086	0
26	1086	0
27	1086	0
28	1086	0
29	1086	0
30	1086	0
31	1086	1
32	1086	1
33	1086	1
34	1086	0
35	1086	0
36	1086	0
37	1086	0
38	1086	0
39	1086	0
40	1086	0
42	1086	0
43	1086	0
44	1086	0
45	1086	0
46	1086	0
47	1086	1
48	1086	0
49	1086	0
50	1086	0
51	1086	0
52	1086	0
53	1086	0
54	1086	0
55	1086	0
56	1086	0
57	1086	0
58	1086	0
59	1086	0
60	1086	0
61	1086	0
62	1086	0
64	1086	0
65	1086	0
66	1086	0
67	1086	0
68	1086	0
69	1086	0
70	1086	0
71	1086	0
72	1086	0
73	1086	0
74	1086	0
75	1086	0
76	1086	0
77	1086	0
78	1086	0
79	1086	0
80	1086	0
81	1086	0
82	1086	0
83	1086	0
84	1086	0
85	1086	0
86	1086	0
87	1086	0
88	1086	0
89	1086	0
90	1086	0
91	1086	0
92	1086	0
93	1086	0
94	1086	0
95	1086	0
96	1086	1
97	1086	0
98	1086	0
99	1086	0
100	1086	1
101	1086	1
102	1086	0
103	1086	0
104	1086	0
105	1086	0
106	1086	0
109	1086	1
111	1086	0
112	1086	0
113	1086	0
114	1086	0
115	1086	0
116	1086	0
117	1086	0
118	1086	0
119	1086	0
120	1086	0
121	1086	0
122	1086	0
123	1086	0
124	1086	0
125	1086	0
126	1086	0
127	1086	0
129	1086	0
130	1086	0
131	1086	0
132	1086	0
133	1086	0
134	1086	0
136	1086	0
137	1086	0
138	1086	0
139	1086	0
140	1086	0
141	1086	0
142	1086	0
143	1086	0
144	1086	0
145	1086	0
146	1086	0
147	1086	0
148	1086	0
149	1086	0
150	1086	0
151	1086	0
152	1086	0
153	1086	0
154	1086	0
155	1086	0
156	1086	0
157	1086	0
158	1086	0
159	1086	0
160	1086	0
161	1086	0
162	1086	0
163	1086	1
165	1086	0
166	1086	0
167	1086	0
168	1086	0
169	1086	0
170	1086	1
171	1086	0
172	1086	0
173	1086	0
174	1086	0
175	1086	0
177	1086	0
178	1086	0
179	1086	0
180	1086	0
182	1086	0
183	1086	0
184	1086	1
185	1086	1
186	1086	0
187	1086	0
188	1086	1
189	1086	0
190	1086	0
191	1086	0
192	1086	0
193	1086	1
194	1086	1
195	1086	0
196	1086	0
197	1086	1
198	1086	1
199	1086	0
200	1086	0
201	1086	0
202	1086	0
203	1086	1
204	1086	0
206	1086	0
207	1086	1
208	1086	1
210	1086	1
211	1086	0
212	1086	0
213	1086	0
214	1086	0
215	1086	0
216	1086	0
217	1086	0
218	1086	0
219	1086	0
220	1086	0
222	1086	0
223	1086	0
224	1086	0
225	1086	0
226	1086	0
227	1086	1
228	1086	0
229	1086	0
230	1086	0
231	1086	1
232	1086	0
233	1086	0
234	1086	0
235	1086	0
236	1086	0
237	1086	0
238	1086	0
239	1086	0
240	1086	0
241	1086	0
242	1086	0
244	1086	0
245	1086	0
247	1086	0
248	1086	1
249	1086	0
250	1086	1
251	1086	1
252	1086	0
253	1086	1
254	1086	0
255	1086	0
256	1086	0
258	1086	0
259	1086	0
260	1086	0
261	1086	1
262	1086	0
263	1086	0
264	1086	0
265	1086	0
266	1086	0
267	1086	0
268	1086	0
269	1086	0
270	1086	0
271	1086	0
272	1086	0
273	1086	0
274	1086	0
275	1086	0
276	1086	0
277	1086	0
278	1086	1
279	1086	0
280	1086	0
281	1086	0
282	1086	0
283	1086	0
284	1086	0
285	1086	0
286	1086	0
287	1086	0
288	1086	0
289	1086	0
290	1086	0
291	1086	0
292	1086	0
293	1086	0
294	1086	0
295	1086	0
296	1086	0
297	1086	0
298	1086	0
299	1086	0
300	1086	0
301	1086	0
302	1086	0
303	1086	0
304	1086	0
305	1086	0
306	1086	0
307	1086	0
308	1086	0
309	1086	0
310	1086	0
311	1086	0
312	1086	0
313	1086	0
314	1086	0
315	1086	0
316	1086	0
317	1086	1
318	1086	0
319	1086	0
320	1086	0
321	1086	0
322	1086	0
323	1086	0
324	1086	0
325	1086	0
326	1086	0
327	1086	0
328	1086	0
329	1086	0
330	1086	0
331	1086	0
333	1086	0
335	1086	0
336	1086	0
337	1086	0
338	1086	0
339	1086	0
340	1086	0
342	1086	0
343	1086	0
344	1086	0
346	1086	1
347	1086	0
348	1086	0
349	1086	0
350	1086	0
351	1086	0
352	1086	0
354	1086	0
355	1086	0
357	1086	0
358	1086	0
359	1086	0
360	1086	0
361	1086	0
363	1086	1
364	1086	0
365	1086	0
366	1086	0
367	1086	0
368	1086	0
371	1086	0
372	1086	0
373	1086	1
374	1086	0
377	1086	1
378	1086	1
379	1086	1
380	1086	1
381	1086	0
382	1086	0
383	1086	0
384	1086	0
385	1086	0
386	1086	0
387	1086	0
388	1086	0
389	1086	1
390	1086	0
391	1086	0
393	1086	0
394	1086	0
395	1086	1
396	1086	0
398	1086	0
399	1086	0
400	1086	0
401	1086	0
402	1086	0
403	1086	0
404	1086	0
405	1086	0
406	1086	0
407	1086	0
408	1086	0
409	1086	1
410	1086	0
411	1086	0
412	1086	0
413	1086	1
414	1086	0
415	1086	0
416	1086	0
417	1086	0
418	1086	0
419	1086	0
420	1086	0
421	1086	0
422	1086	0
423	1086	0
424	1086	1
425	1086	0
426	1086	0
427	1086	0
428	1086	0
429	1086	0
431	1086	0
432	1086	0
433	1086	0
434	1086	0
435	1086	0
436	1086	0
437	1086	0
438	1086	0
439	1086	0
440	1086	0
441	1086	0
442	1086	0
443	1086	0
444	1086	0
445	1086	0
446	1086	0
447	1086	0
448	1086	0
449	1086	1
450	1086	0
451	1086	0
452	1086	0
453	1086	0
454	1086	0
455	1086	0
456	1086	0
457	1086	0
458	1086	0
459	1086	0
460	1086	0
461	1086	0
462	1086	0
463	1086	1
464	1086	1
465	1086	0
466	1086	0
467	1086	0
468	1086	0
469	1086	0
470	1086	0
471	1086	0
472	1086	0
473	1086	0
474	1086	0
475	1086	0
476	1086	0
477	1086	0
478	1086	1
480	1086	0
481	1086	0
482	1086	0
483	1086	0
484	1086	0
485	1086	0
486	1086	0
487	1086	0
489	1086	1
490	1086	0
491	1086	0
492	1086	0
493	1086	0
495	1086	0
496	1086	1
497	1086	1
499	1086	0
500	1086	0
501	1086	0
502	1086	0
503	1086	1
505	1086	1
506	1086	1
508	1086	0
509	1086	1
510	1086	0
511	1086	0
512	1086	0
513	1086	0
514	1086	1
515	1086	1
516	1086	0
517	1086	1
518	1086	1
519	1086	0
520	1086	1
521	1086	1
522	1086	0
523	1086	0
524	1086	0
525	1086	0
526	1086	0
527	1086	1
528	1086	0
529	1086	0
531	1086	0
533	1086	1
534	1086	0
536	1086	0
537	1086	0
538	1086	0
540	1086	0
541	1086	0
542	1086	0
543	1086	0
544	1086	0
546	1086	0
547	1086	0
548	1086	0
549	1086	0
550	1086	0
551	1086	0
553	1086	0
554	1086	0
555	1086	1
556	1086	0
557	1086	0
558	1086	0
559	1086	0
560	1086	0
561	1086	1
562	1086	0
563	1086	0
564	1086	0
565	1086	0
566	1086	0
567	1086	0
568	1086	0
569	1086	0
570	1086	0
571	1086	0
572	1086	0
573	1086	0
574	1086	0
575	1086	0
576	1086	0
577	1086	0
578	1086	0
579	1086	0
580	1086	0
582	1086	0
583	1086	0
584	1086	0
585	1086	0
586	1086	1
587	1086	0
588	1086	1
589	1086	0
590	1086	0
591	1086	0
592	1086	0
593	1086	0
594	1086	0
595	1086	0
596	1086	0
597	1086	0
598	1086	0
599	1086	0
600	1086	0
601	1086	0
602	1086	0
604	1086	0
605	1086	1
606	1086	0
607	1086	0
608	1086	0
609	1086	1
611	1086	0
612	1086	0
613	1086	0
614	1086	0
615	1086	0
616	1086	0
617	1086	0
618	1086	0
619	1086	0
620	1086	0
621	1086	0
622	1086	0
624	1086	0
625	1086	0
626	1086	0
627	1086	0
628	1086	0
630	1086	0
631	1086	0
632	1086	0
633	1086	0
635	1086	0
636	1086	0
637	1086	0
640	1086	0
641	1086	0
642	1086	0
643	1086	0
644	1086	0
645	1086	1
646	1086	0
647	1086	0
648	1086	0
649	1086	0
650	1086	0
651	1086	0
652	1086	0
653	1086	0
654	1086	1
655	1086	0
656	1086	0
657	1086	1
658	1086	0
659	1086	0
660	1086	0
661	1086	1
662	1086	0
663	1086	1
664	1086	1
666	1086	1
667	1086	0
668	1086	0
669	1086	0
670	1086	0
671	1086	0
672	1086	0
673	1086	0
674	1086	0
675	1086	0
676	1086	0
677	1086	0
678	1086	0
679	1086	0
680	1086	0
681	1086	0
682	1086	0
683	1086	0
684	1086	0
685	1086	0
686	1086	0
687	1086	0
688	1086	0
689	1086	1
690	1086	0
691	1086	0
692	1086	1
693	1086	0
694	1086	0
695	1086	1
696	1086	0
697	1086	0
698	1086	1
699	1086	0
700	1086	0
701	1086	1
702	1086	0
703	1086	1
704	1086	0
705	1086	1
706	1086	0
707	1086	0
708	1086	0
709	1086	0
710	1086	0
711	1086	0
712	1086	0
713	1086	0
714	1086	0
715	1086	1
716	1086	0
717	1086	0
718	1086	1
719	1086	0
720	1086	0
721	1086	0
722	1086	0
723	1086	0
724	1086	0
725	1086	0
726	1086	0
727	1086	1
728	1086	0
730	1086	0
731	1086	0
732	1086	0
733	1086	1
734	1086	0
735	1086	0
736	1086	0
737	1086	1
738	1086	1
739	1086	0
740	1086	0
741	1086	0
742	1086	0
743	1086	0
744	1086	0
745	1086	0
746	1086	0
747	1086	0
748	1086	0
749	1086	0
750	1086	1
751	1086	0
752	1086	0
753	1086	1
754	1086	0
755	1086	0
756	1086	1
757	1086	0
758	1086	0
759	1086	0
760	1086	0
761	1086	0
762	1086	0
763	1086	0
764	1086	0
765	1086	0
767	1086	0
768	1086	0
769	1086	0
770	1086	0
771	1086	0
772	1086	1
773	1086	0
774	1086	1
775	1086	0
776	1086	0
777	1086	0
778	1086	0
779	1086	0
780	1086	0
782	1086	0
783	1086	0
784	1086	0
785	1086	0
786	1086	0
787	1086	0
788	1086	1
789	1086	0
790	1086	1
791	1086	0
793	1086	0
794	1086	0
795	1086	0
796	1086	1
797	1086	0
798	1086	0
799	1086	0
800	1086	0
801	1086	0
802	1086	0
803	1086	0
804	1086	0
806	1086	0
807	1086	0
808	1086	0
809	1086	0
810	1086	0
811	1086	0
812	1086	1
813	1086	1
814	1086	0
816	1086	0
817	1086	0
818	1086	1
819	1086	0
820	1086	0
821	1086	0
822	1086	0
823	1086	0
824	1086	0
825	1086	0
826	1086	0
827	1086	1
828	1086	0
829	1086	0
830	1086	0
831	1086	0
832	1086	0
833	1086	1
834	1086	0
835	1086	0
836	1086	1
837	1086	1
839	1086	0
840	1086	0
841	1086	0
842	1086	0
843	1086	1
844	1086	0
845	1086	0
846	1086	0
847	1086	0
848	1086	0
849	1086	0
850	1086	0
851	1086	0
852	1086	0
853	1086	0
854	1086	0
855	1086	0
856	1086	0
857	1086	0
858	1086	0
859	1086	0
860	1086	0
861	1086	0
862	1086	0
863	1086	0
864	1086	0
865	1086	0
866	1086	0
867	1086	0
868	1086	0
869	1086	0
870	1086	1
872	1086	0
873	1086	0
874	1086	0
875	1086	0
876	1086	0
877	1086	1
878	1086	0
879	1086	0
880	1086	0
881	1086	0
882	1086	0
883	1086	0
884	1086	0
885	1086	0
886	1086	0
887	1086	0
888	1086	1
889	1086	0
890	1086	1
891	1086	1
892	1086	0
893	1086	0
894	1086	0
895	1086	0
896	1086	0
897	1086	0
898	1086	0
900	1086	0
901	1086	0
902	1086	0
903	1086	0
904	1086	0
905	1086	0
906	1086	0
907	1086	0
908	1086	0
909	1086	0
910	1086	0
911	1086	0
912	1086	1
913	1086	0
914	1086	0
916	1086	0
917	1086	0
918	1086	0
919	1086	0
920	1086	0
921	1086	1
922	1086	0
923	1086	0
924	1086	0
925	1086	0
926	1086	0
927	1086	0
928	1086	0
930	1086	0
931	1086	0
933	1086	1
934	1086	0
935	1086	0
936	1086	0
937	1086	1
938	1086	0
939	1086	0
940	1086	0
941	1086	0
942	1086	0
943	1086	0
944	1086	0
945	1086	0
946	1086	0
947	1086	0
948	1086	0
949	1086	0
950	1086	0
952	1086	0
953	1086	0
954	1086	0
955	1086	0
956	1086	0
958	1086	0
959	1086	0
961	1086	0
962	1086	0
963	1086	0
964	1086	1
965	1086	0
967	1086	0
