0	1072	0
1	1072	1
2	1072	0
3	1072	0
4	1072	0
5	1072	0
6	1072	0
7	1072	0
8	1072	0
9	1072	1
10	1072	0
11	1072	0
12	1072	0
13	1072	0
14	1072	0
15	1072	0
16	1072	0
17	1072	0
18	1072	1
19	1072	0
20	1072	0
21	1072	0
22	1072	0
23	1072	0
24	1072	0
26	1072	0
27	1072	0
28	1072	0
29	1072	0
30	1072	0
31	1072	0
32	1072	0
33	1072	0
34	1072	0
35	1072	0
36	1072	0
37	1072	0
38	1072	0
39	1072	0
40	1072	0
42	1072	0
43	1072	0
44	1072	0
45	1072	1
46	1072	0
47	1072	0
48	1072	0
49	1072	0
50	1072	0
51	1072	0
52	1072	0
53	1072	0
54	1072	1
55	1072	0
56	1072	0
57	1072	0
58	1072	0
59	1072	1
60	1072	0
61	1072	0
62	1072	0
64	1072	0
65	1072	0
66	1072	0
67	1072	0
68	1072	0
69	1072	0
70	1072	0
71	1072	0
72	1072	0
73	1072	0
74	1072	0
75	1072	1
76	1072	0
77	1072	0
78	1072	0
79	1072	0
80	1072	0
81	1072	0
82	1072	0
83	1072	0
84	1072	0
85	1072	0
86	1072	0
87	1072	0
88	1072	0
89	1072	0
90	1072	0
91	1072	0
92	1072	0
93	1072	0
94	1072	0
95	1072	0
96	1072	0
97	1072	0
98	1072	0
99	1072	0
100	1072	0
102	1072	0
103	1072	0
104	1072	0
105	1072	0
106	1072	0
109	1072	0
111	1072	0
112	1072	0
113	1072	0
114	1072	0
115	1072	0
116	1072	0
117	1072	0
118	1072	0
119	1072	0
120	1072	0
121	1072	0
122	1072	0
123	1072	0
124	1072	0
125	1072	0
126	1072	0
127	1072	1
129	1072	0
130	1072	0
131	1072	0
132	1072	0
133	1072	0
134	1072	0
136	1072	1
137	1072	0
138	1072	0
139	1072	0
140	1072	0
141	1072	0
142	1072	0
143	1072	0
144	1072	0
145	1072	0
146	1072	0
147	1072	0
148	1072	0
149	1072	0
150	1072	0
152	1072	0
153	1072	0
154	1072	0
155	1072	0
156	1072	0
157	1072	0
158	1072	0
159	1072	0
161	1072	0
162	1072	0
163	1072	0
165	1072	0
166	1072	0
167	1072	0
168	1072	0
169	1072	0
170	1072	0
171	1072	0
172	1072	1
173	1072	0
174	1072	0
175	1072	0
177	1072	0
178	1072	0
179	1072	0
180	1072	0
182	1072	0
183	1072	0
184	1072	0
185	1072	0
186	1072	0
187	1072	0
188	1072	0
189	1072	0
190	1072	0
191	1072	0
192	1072	0
193	1072	0
194	1072	0
195	1072	0
196	1072	0
197	1072	0
198	1072	0
199	1072	0
200	1072	0
201	1072	0
202	1072	0
203	1072	0
204	1072	0
206	1072	0
207	1072	0
208	1072	0
210	1072	0
211	1072	0
212	1072	0
213	1072	0
214	1072	0
215	1072	0
216	1072	0
217	1072	0
218	1072	0
220	1072	0
222	1072	0
223	1072	0
224	1072	0
225	1072	0
226	1072	0
227	1072	0
228	1072	0
229	1072	0
230	1072	0
231	1072	0
232	1072	0
233	1072	0
234	1072	0
235	1072	0
236	1072	0
237	1072	0
238	1072	0
239	1072	0
240	1072	0
241	1072	0
242	1072	0
244	1072	0
245	1072	0
246	1072	0
247	1072	0
248	1072	0
249	1072	0
250	1072	0
251	1072	0
252	1072	0
253	1072	0
254	1072	0
255	1072	0
256	1072	0
258	1072	0
259	1072	0
260	1072	0
261	1072	0
262	1072	0
263	1072	0
264	1072	0
265	1072	0
266	1072	0
267	1072	0
268	1072	0
269	1072	0
270	1072	0
271	1072	0
272	1072	1
273	1072	1
274	1072	0
275	1072	0
276	1072	0
277	1072	0
278	1072	0
279	1072	0
280	1072	0
281	1072	0
282	1072	0
283	1072	0
284	1072	0
285	1072	0
286	1072	0
287	1072	0
288	1072	0
289	1072	0
290	1072	0
291	1072	0
292	1072	0
293	1072	0
294	1072	0
295	1072	0
296	1072	0
297	1072	0
298	1072	0
299	1072	0
300	1072	0
301	1072	1
302	1072	0
303	1072	0
304	1072	0
305	1072	0
306	1072	0
307	1072	0
308	1072	0
309	1072	0
310	1072	0
311	1072	0
312	1072	0
313	1072	0
314	1072	0
315	1072	0
316	1072	0
317	1072	0
318	1072	0
319	1072	0
320	1072	0
321	1072	0
322	1072	0
323	1072	0
324	1072	0
325	1072	0
326	1072	0
327	1072	0
328	1072	1
329	1072	0
330	1072	0
331	1072	0
333	1072	0
335	1072	0
336	1072	0
337	1072	0
338	1072	0
339	1072	0
340	1072	0
341	1072	0
342	1072	0
343	1072	0
344	1072	0
346	1072	0
347	1072	0
348	1072	0
349	1072	0
350	1072	0
351	1072	0
352	1072	0
354	1072	0
355	1072	0
357	1072	0
358	1072	0
359	1072	0
360	1072	0
361	1072	0
363	1072	0
364	1072	0
365	1072	0
366	1072	0
367	1072	0
368	1072	0
371	1072	0
372	1072	0
373	1072	0
374	1072	0
375	1072	0
377	1072	0
378	1072	0
379	1072	0
380	1072	0
381	1072	0
382	1072	0
383	1072	0
384	1072	0
385	1072	0
386	1072	0
387	1072	0
388	1072	0
389	1072	0
390	1072	0
391	1072	0
393	1072	0
394	1072	0
395	1072	0
397	1072	0
398	1072	0
399	1072	0
400	1072	0
401	1072	0
402	1072	1
403	1072	0
404	1072	0
405	1072	0
406	1072	0
407	1072	0
408	1072	0
409	1072	0
410	1072	0
411	1072	0
412	1072	0
413	1072	0
414	1072	0
415	1072	0
416	1072	0
417	1072	0
418	1072	0
419	1072	0
420	1072	0
421	1072	0
422	1072	0
423	1072	0
424	1072	0
425	1072	1
426	1072	0
427	1072	0
428	1072	0
429	1072	0
430	1072	1
431	1072	0
432	1072	0
433	1072	0
434	1072	0
435	1072	0
436	1072	0
437	1072	0
438	1072	0
439	1072	0
440	1072	0
441	1072	0
442	1072	0
443	1072	1
444	1072	0
445	1072	0
446	1072	0
447	1072	0
448	1072	0
449	1072	1
450	1072	0
451	1072	0
452	1072	0
453	1072	0
454	1072	0
455	1072	0
456	1072	0
457	1072	1
458	1072	0
459	1072	0
460	1072	0
461	1072	0
462	1072	0
463	1072	0
464	1072	0
465	1072	0
466	1072	0
467	1072	0
468	1072	0
469	1072	0
470	1072	0
471	1072	0
472	1072	0
473	1072	0
474	1072	0
475	1072	0
476	1072	0
477	1072	0
478	1072	0
480	1072	0
481	1072	0
482	1072	0
483	1072	0
484	1072	0
485	1072	0
486	1072	0
487	1072	0
489	1072	0
490	1072	0
491	1072	0
492	1072	0
493	1072	0
495	1072	0
496	1072	0
497	1072	0
499	1072	0
500	1072	0
501	1072	0
502	1072	0
503	1072	0
505	1072	1
506	1072	0
508	1072	0
509	1072	0
510	1072	0
511	1072	0
512	1072	0
513	1072	0
514	1072	1
515	1072	0
516	1072	0
517	1072	0
518	1072	1
519	1072	0
520	1072	0
521	1072	0
523	1072	0
524	1072	0
525	1072	0
526	1072	0
527	1072	0
528	1072	0
529	1072	0
531	1072	0
533	1072	0
534	1072	0
536	1072	0
537	1072	0
538	1072	0
540	1072	0
541	1072	0
542	1072	0
543	1072	0
544	1072	0
546	1072	0
547	1072	0
548	1072	0
549	1072	0
550	1072	0
551	1072	0
553	1072	0
554	1072	0
555	1072	0
556	1072	0
557	1072	1
558	1072	0
559	1072	0
560	1072	0
561	1072	0
562	1072	0
563	1072	0
564	1072	0
565	1072	0
566	1072	0
567	1072	0
568	1072	0
569	1072	0
570	1072	0
571	1072	0
572	1072	0
574	1072	0
575	1072	0
576	1072	0
577	1072	0
578	1072	0
579	1072	0
580	1072	0
582	1072	0
583	1072	1
584	1072	0
585	1072	0
586	1072	0
587	1072	0
588	1072	0
589	1072	0
590	1072	0
591	1072	0
592	1072	0
593	1072	0
594	1072	0
595	1072	0
596	1072	0
597	1072	0
598	1072	0
599	1072	0
600	1072	0
601	1072	0
602	1072	0
604	1072	0
605	1072	0
606	1072	0
607	1072	0
608	1072	0
609	1072	0
611	1072	0
612	1072	0
613	1072	0
614	1072	0
615	1072	0
616	1072	0
617	1072	0
618	1072	0
619	1072	0
620	1072	0
621	1072	0
622	1072	0
624	1072	0
625	1072	0
626	1072	0
627	1072	0
628	1072	0
630	1072	1
631	1072	0
632	1072	1
633	1072	0
635	1072	0
636	1072	0
637	1072	1
640	1072	0
641	1072	0
642	1072	0
643	1072	0
644	1072	0
645	1072	0
646	1072	0
647	1072	0
648	1072	0
649	1072	0
650	1072	0
651	1072	0
652	1072	0
653	1072	0
654	1072	0
655	1072	0
656	1072	0
657	1072	0
658	1072	0
659	1072	0
660	1072	0
661	1072	0
662	1072	0
663	1072	0
664	1072	0
666	1072	0
667	1072	1
668	1072	0
669	1072	0
670	1072	0
671	1072	0
672	1072	0
673	1072	0
674	1072	0
675	1072	0
676	1072	0
677	1072	0
678	1072	0
679	1072	0
680	1072	0
681	1072	0
682	1072	0
683	1072	0
684	1072	0
685	1072	0
686	1072	0
687	1072	0
688	1072	0
689	1072	0
690	1072	0
691	1072	0
692	1072	0
693	1072	0
694	1072	0
695	1072	1
696	1072	0
697	1072	0
698	1072	0
699	1072	0
700	1072	0
701	1072	0
702	1072	0
703	1072	0
704	1072	0
705	1072	0
706	1072	0
707	1072	0
708	1072	0
709	1072	0
710	1072	0
711	1072	0
712	1072	0
713	1072	0
714	1072	0
715	1072	0
716	1072	0
717	1072	0
718	1072	0
719	1072	0
720	1072	0
721	1072	0
722	1072	0
723	1072	0
724	1072	0
725	1072	0
726	1072	0
727	1072	0
728	1072	0
730	1072	0
731	1072	0
732	1072	0
733	1072	0
734	1072	0
735	1072	0
736	1072	0
737	1072	0
738	1072	0
739	1072	0
740	1072	0
741	1072	0
742	1072	0
743	1072	0
744	1072	0
745	1072	0
746	1072	0
747	1072	1
748	1072	0
749	1072	0
750	1072	0
751	1072	0
752	1072	0
753	1072	0
754	1072	0
755	1072	0
756	1072	0
757	1072	0
758	1072	0
759	1072	1
760	1072	0
761	1072	0
762	1072	0
763	1072	0
764	1072	0
765	1072	0
766	1072	0
767	1072	0
768	1072	0
769	1072	0
770	1072	0
771	1072	1
772	1072	0
773	1072	0
774	1072	1
775	1072	0
776	1072	0
777	1072	0
778	1072	0
779	1072	0
780	1072	0
782	1072	0
783	1072	0
784	1072	0
785	1072	0
786	1072	0
787	1072	0
788	1072	0
789	1072	0
790	1072	0
791	1072	0
793	1072	0
794	1072	0
795	1072	0
796	1072	0
797	1072	0
798	1072	0
799	1072	1
800	1072	0
801	1072	0
802	1072	0
803	1072	0
804	1072	0
806	1072	0
807	1072	0
808	1072	0
809	1072	0
810	1072	0
811	1072	0
812	1072	0
813	1072	0
814	1072	0
816	1072	0
817	1072	1
818	1072	0
819	1072	1
820	1072	0
821	1072	0
822	1072	0
823	1072	0
824	1072	0
825	1072	0
826	1072	0
827	1072	0
828	1072	0
829	1072	0
831	1072	0
832	1072	0
833	1072	0
834	1072	1
835	1072	0
836	1072	0
837	1072	1
839	1072	0
840	1072	0
841	1072	0
842	1072	0
843	1072	0
844	1072	0
845	1072	0
846	1072	0
847	1072	0
848	1072	0
849	1072	0
850	1072	0
851	1072	0
852	1072	0
853	1072	0
854	1072	1
855	1072	0
856	1072	0
857	1072	0
858	1072	0
859	1072	0
860	1072	0
861	1072	0
862	1072	0
863	1072	0
864	1072	0
865	1072	0
866	1072	0
867	1072	0
868	1072	0
869	1072	0
870	1072	0
872	1072	0
873	1072	0
874	1072	0
875	1072	0
876	1072	0
877	1072	0
878	1072	0
879	1072	0
880	1072	0
881	1072	0
882	1072	0
883	1072	0
884	1072	0
885	1072	0
886	1072	0
887	1072	0
888	1072	0
889	1072	0
890	1072	0
891	1072	0
892	1072	1
893	1072	0
894	1072	0
895	1072	0
896	1072	0
897	1072	0
898	1072	0
900	1072	0
901	1072	0
902	1072	0
903	1072	1
904	1072	0
905	1072	0
906	1072	0
907	1072	0
908	1072	0
909	1072	0
910	1072	0
911	1072	0
912	1072	0
913	1072	1
914	1072	0
916	1072	1
917	1072	1
918	1072	0
919	1072	0
920	1072	0
921	1072	0
922	1072	0
923	1072	0
924	1072	0
925	1072	0
926	1072	0
927	1072	1
928	1072	0
930	1072	1
931	1072	0
933	1072	1
934	1072	0
935	1072	0
936	1072	0
937	1072	0
938	1072	0
939	1072	0
940	1072	0
941	1072	0
942	1072	0
943	1072	0
944	1072	0
945	1072	0
946	1072	0
947	1072	1
948	1072	0
949	1072	0
950	1072	0
952	1072	0
953	1072	0
954	1072	0
955	1072	0
956	1072	0
958	1072	1
959	1072	0
960	1072	0
961	1072	0
962	1072	0
963	1072	0
964	1072	0
965	1072	1
966	1072	0
967	1072	1
