1	1218	0
2	1218	0
3	1218	0
4	1218	0
5	1218	0
6	1218	0
7	1218	0
8	1218	1
9	1218	0
10	1218	0
11	1218	0
12	1218	0
13	1218	0
14	1218	0
16	1218	0
17	1218	0
18	1218	0
19	1218	0
20	1218	0
21	1218	0
22	1218	0
23	1218	0
24	1218	0
25	1218	0
26	1218	0
27	1218	0
28	1218	0
29	1218	0
31	1218	0
32	1218	0
33	1218	0
34	1218	1
35	1218	0
36	1218	0
37	1218	0
38	1218	0
39	1218	0
41	1218	1
42	1218	0
43	1218	0
44	1218	0
45	1218	1
46	1218	0
47	1218	0
48	1218	0
49	1218	0
50	1218	0
51	1218	1
52	1218	0
53	1218	0
54	1218	0
55	1218	0
56	1218	0
58	1218	0
59	1218	1
60	1218	0
61	1218	0
62	1218	0
63	1218	0
64	1218	1
65	1218	0
66	1218	0
67	1218	0
68	1218	0
69	1218	0
70	1218	0
71	1218	0
72	1218	0
73	1218	0
74	1218	0
75	1218	0
77	1218	0
78	1218	0
79	1218	0
80	1218	0
81	1218	0
82	1218	0
83	1218	0
84	1218	0
85	1218	0
86	1218	0
87	1218	0
88	1218	0
89	1218	0
91	1218	0
92	1218	0
93	1218	0
94	1218	0
95	1218	0
96	1218	0
97	1218	0
98	1218	0
99	1218	0
100	1218	0
101	1218	0
102	1218	0
103	1218	0
104	1218	0
105	1218	0
106	1218	0
107	1218	0
108	1218	0
109	1218	0
110	1218	1
111	1218	0
112	1218	0
113	1218	0
114	1218	0
115	1218	0
116	1218	0
117	1218	0
118	1218	1
119	1218	0
120	1218	0
121	1218	0
122	1218	0
123	1218	0
124	1218	0
125	1218	0
128	1218	0
129	1218	0
130	1218	0
131	1218	0
132	1218	0
133	1218	0
134	1218	0
135	1218	1
136	1218	0
137	1218	0
138	1218	0
139	1218	0
140	1218	0
141	1218	0
142	1218	0
143	1218	0
144	1218	0
145	1218	0
146	1218	0
147	1218	0
148	1218	0
150	1218	0
151	1218	1
152	1218	0
153	1218	0
154	1218	0
155	1218	0
156	1218	0
157	1218	0
158	1218	0
159	1218	0
161	1218	0
162	1218	0
163	1218	0
165	1218	0
166	1218	0
167	1218	0
168	1218	0
169	1218	0
170	1218	0
171	1218	0
172	1218	0
173	1218	0
174	1218	0
175	1218	0
177	1218	0
178	1218	0
179	1218	0
180	1218	0
181	1218	0
182	1218	0
183	1218	0
184	1218	0
185	1218	0
186	1218	0
187	1218	0
188	1218	1
189	1218	0
190	1218	0
191	1218	0
192	1218	0
193	1218	0
194	1218	0
195	1218	0
196	1218	0
197	1218	0
198	1218	0
199	1218	0
200	1218	0
201	1218	0
202	1218	0
203	1218	0
204	1218	1
206	1218	0
207	1218	0
208	1218	0
209	1218	0
210	1218	1
211	1218	0
212	1218	0
214	1218	1
215	1218	0
216	1218	0
217	1218	0
218	1218	0
219	1218	0
220	1218	1
221	1218	0
222	1218	0
223	1218	0
224	1218	0
226	1218	0
227	1218	0
228	1218	0
230	1218	0
231	1218	0
232	1218	0
233	1218	0
234	1218	0
235	1218	0
236	1218	0
237	1218	0
238	1218	0
239	1218	0
240	1218	0
241	1218	0
242	1218	0
243	1218	0
244	1218	0
245	1218	0
246	1218	0
247	1218	0
248	1218	0
249	1218	0
250	1218	0
251	1218	1
252	1218	0
253	1218	0
254	1218	0
255	1218	0
256	1218	0
257	1218	0
258	1218	0
259	1218	0
260	1218	0
261	1218	0
262	1218	0
263	1218	0
264	1218	0
265	1218	0
266	1218	0
267	1218	0
268	1218	0
270	1218	0
271	1218	0
272	1218	0
273	1218	1
274	1218	1
275	1218	0
277	1218	0
278	1218	0
281	1218	0
282	1218	0
283	1218	0
284	1218	0
285	1218	0
286	1218	0
287	1218	0
288	1218	0
289	1218	0
290	1218	0
291	1218	0
292	1218	0
293	1218	1
294	1218	0
295	1218	0
296	1218	0
297	1218	0
298	1218	1
300	1218	0
301	1218	1
302	1218	0
303	1218	0
304	1218	0
305	1218	0
306	1218	0
307	1218	0
308	1218	0
309	1218	0
310	1218	0
311	1218	0
312	1218	0
313	1218	0
314	1218	0
315	1218	0
316	1218	0
317	1218	0
318	1218	0
320	1218	0
321	1218	0
322	1218	0
323	1218	0
324	1218	0
325	1218	0
326	1218	0
328	1218	0
329	1218	0
331	1218	0
332	1218	0
333	1218	1
334	1218	0
336	1218	0
337	1218	1
338	1218	0
339	1218	0
340	1218	0
341	1218	0
342	1218	0
343	1218	0
344	1218	0
345	1218	0
346	1218	0
347	1218	0
348	1218	0
349	1218	0
350	1218	0
351	1218	0
352	1218	0
353	1218	0
355	1218	0
356	1218	0
357	1218	0
358	1218	0
359	1218	0
360	1218	0
361	1218	0
362	1218	0
363	1218	0
364	1218	0
365	1218	0
366	1218	0
367	1218	0
368	1218	0
369	1218	0
370	1218	1
371	1218	1
372	1218	0
373	1218	0
374	1218	0
375	1218	1
376	1218	0
377	1218	0
378	1218	1
379	1218	0
380	1218	0
381	1218	0
382	1218	0
383	1218	0
384	1218	0
385	1218	1
386	1218	0
388	1218	0
389	1218	1
391	1218	0
392	1218	0
393	1218	0
394	1218	0
395	1218	0
396	1218	0
397	1218	0
398	1218	0
399	1218	1
400	1218	0
401	1218	0
402	1218	0
403	1218	0
404	1218	0
405	1218	0
406	1218	0
407	1218	0
408	1218	0
410	1218	0
411	1218	0
412	1218	0
413	1218	0
415	1218	0
416	1218	0
417	1218	0
418	1218	0
419	1218	0
420	1218	0
421	1218	0
422	1218	0
423	1218	0
424	1218	0
425	1218	0
426	1218	0
427	1218	0
428	1218	0
429	1218	0
430	1218	0
431	1218	0
432	1218	0
433	1218	0
434	1218	0
435	1218	0
436	1218	0
437	1218	0
438	1218	1
439	1218	0
440	1218	1
441	1218	0
442	1218	0
443	1218	1
444	1218	0
445	1218	1
446	1218	0
447	1218	0
448	1218	0
449	1218	0
450	1218	0
451	1218	0
452	1218	0
453	1218	0
454	1218	0
455	1218	0
456	1218	0
457	1218	0
458	1218	0
459	1218	0
460	1218	1
461	1218	0
462	1218	0
463	1218	0
464	1218	0
465	1218	1
466	1218	0
467	1218	0
468	1218	1
469	1218	0
470	1218	0
471	1218	1
472	1218	0
473	1218	0
474	1218	0
475	1218	1
476	1218	0
477	1218	0
478	1218	0
479	1218	0
480	1218	0
481	1218	0
482	1218	0
483	1218	0
484	1218	0
485	1218	0
486	1218	0
487	1218	0
488	1218	1
489	1218	0
490	1218	1
491	1218	0
493	1218	0
494	1218	0
495	1218	0
496	1218	0
497	1218	0
499	1218	1
500	1218	0
501	1218	0
502	1218	0
503	1218	1
504	1218	0
505	1218	0
506	1218	0
507	1218	1
508	1218	1
509	1218	0
510	1218	0
511	1218	0
512	1218	0
513	1218	0
514	1218	1
515	1218	0
516	1218	0
517	1218	0
518	1218	1
519	1218	0
520	1218	0
521	1218	0
522	1218	0
523	1218	0
524	1218	0
525	1218	0
526	1218	0
527	1218	0
529	1218	1
530	1218	0
531	1218	0
533	1218	0
534	1218	0
535	1218	1
536	1218	0
537	1218	0
538	1218	1
539	1218	0
540	1218	0
541	1218	0
542	1218	0
543	1218	0
544	1218	1
545	1218	0
546	1218	0
547	1218	0
548	1218	0
549	1218	0
550	1218	0
551	1218	0
553	1218	0
554	1218	0
555	1218	0
556	1218	0
557	1218	0
558	1218	0
560	1218	0
561	1218	0
562	1218	0
563	1218	0
564	1218	0
565	1218	0
566	1218	0
567	1218	0
568	1218	0
569	1218	0
570	1218	0
571	1218	0
572	1218	1
574	1218	0
575	1218	0
576	1218	0
577	1218	0
578	1218	0
579	1218	0
581	1218	0
582	1218	0
583	1218	0
584	1218	0
585	1218	0
586	1218	0
587	1218	0
588	1218	0
589	1218	0
590	1218	0
591	1218	0
593	1218	0
595	1218	0
596	1218	1
597	1218	0
598	1218	0
599	1218	0
600	1218	1
601	1218	0
602	1218	0
604	1218	0
605	1218	0
606	1218	0
607	1218	0
608	1218	0
609	1218	0
611	1218	0
612	1218	0
614	1218	0
615	1218	0
616	1218	0
617	1218	0
618	1218	0
619	1218	0
621	1218	1
622	1218	0
624	1218	0
625	1218	0
626	1218	0
627	1218	0
628	1218	0
630	1218	0
632	1218	0
633	1218	0
634	1218	0
635	1218	0
636	1218	1
637	1218	1
638	1218	1
639	1218	0
640	1218	0
641	1218	0
642	1218	0
645	1218	1
646	1218	0
647	1218	0
648	1218	0
649	1218	0
650	1218	0
651	1218	0
652	1218	0
653	1218	0
654	1218	0
655	1218	0
656	1218	0
657	1218	0
658	1218	0
659	1218	0
660	1218	1
661	1218	1
662	1218	0
663	1218	0
664	1218	0
666	1218	1
667	1218	0
668	1218	0
669	1218	0
670	1218	0
671	1218	0
672	1218	0
673	1218	0
674	1218	0
675	1218	0
676	1218	0
677	1218	0
678	1218	0
679	1218	0
680	1218	0
681	1218	0
682	1218	0
683	1218	0
684	1218	0
685	1218	0
686	1218	0
687	1218	0
688	1218	0
689	1218	0
690	1218	0
691	1218	1
692	1218	1
693	1218	0
694	1218	1
696	1218	0
697	1218	0
698	1218	0
699	1218	0
701	1218	0
702	1218	0
703	1218	0
704	1218	0
705	1218	0
706	1218	0
707	1218	0
708	1218	0
709	1218	0
710	1218	0
711	1218	0
712	1218	0
713	1218	0
715	1218	0
716	1218	0
717	1218	0
718	1218	0
719	1218	0
720	1218	0
721	1218	1
722	1218	0
723	1218	0
724	1218	0
725	1218	0
726	1218	0
727	1218	0
728	1218	0
729	1218	0
730	1218	0
731	1218	0
732	1218	0
733	1218	0
734	1218	0
735	1218	0
736	1218	0
737	1218	0
738	1218	1
739	1218	0
740	1218	0
741	1218	0
742	1218	1
743	1218	0
744	1218	0
745	1218	0
747	1218	1
748	1218	1
749	1218	0
750	1218	0
751	1218	0
752	1218	0
753	1218	0
754	1218	0
755	1218	0
756	1218	0
757	1218	0
758	1218	0
759	1218	0
760	1218	0
761	1218	0
762	1218	0
764	1218	0
765	1218	0
766	1218	0
767	1218	0
768	1218	0
769	1218	0
770	1218	0
771	1218	0
772	1218	0
773	1218	0
775	1218	0
776	1218	0
777	1218	0
778	1218	0
779	1218	0
780	1218	0
781	1218	0
782	1218	0
783	1218	0
784	1218	0
785	1218	0
786	1218	0
787	1218	0
788	1218	0
789	1218	0
790	1218	0
791	1218	0
792	1218	0
793	1218	0
794	1218	0
795	1218	0
796	1218	0
797	1218	0
798	1218	0
799	1218	0
800	1218	0
801	1218	0
802	1218	0
803	1218	0
804	1218	0
805	1218	0
806	1218	0
807	1218	0
808	1218	0
809	1218	0
810	1218	0
811	1218	0
812	1218	0
814	1218	0
816	1218	0
817	1218	0
818	1218	0
819	1218	0
820	1218	0
822	1218	0
823	1218	0
824	1218	0
825	1218	0
826	1218	0
827	1218	0
829	1218	1
830	1218	1
831	1218	1
832	1218	1
833	1218	1
834	1218	0
835	1218	1
836	1218	0
838	1218	0
839	1218	0
840	1218	0
841	1218	0
842	1218	0
843	1218	0
844	1218	0
845	1218	0
846	1218	0
847	1218	0
848	1218	0
849	1218	0
850	1218	0
851	1218	0
852	1218	0
853	1218	0
854	1218	0
855	1218	0
856	1218	0
857	1218	0
858	1218	0
859	1218	0
860	1218	0
861	1218	0
862	1218	0
863	1218	0
864	1218	0
865	1218	1
866	1218	0
867	1218	0
868	1218	0
869	1218	0
870	1218	0
871	1218	0
872	1218	0
873	1218	0
874	1218	0
875	1218	0
876	1218	0
877	1218	0
878	1218	0
880	1218	0
881	1218	0
882	1218	0
883	1218	0
884	1218	0
885	1218	0
886	1218	0
887	1218	1
888	1218	0
889	1218	0
890	1218	0
891	1218	0
892	1218	1
893	1218	0
894	1218	0
895	1218	1
896	1218	0
897	1218	0
898	1218	0
899	1218	0
900	1218	0
901	1218	0
902	1218	1
903	1218	0
904	1218	0
905	1218	0
907	1218	0
908	1218	0
909	1218	0
910	1218	0
911	1218	0
912	1218	0
913	1218	0
915	1218	1
916	1218	0
917	1218	0
918	1218	0
919	1218	0
920	1218	1
921	1218	0
922	1218	0
923	1218	0
924	1218	0
925	1218	0
926	1218	0
927	1218	0
928	1218	0
929	1218	0
930	1218	0
931	1218	0
933	1218	0
935	1218	1
936	1218	0
937	1218	0
939	1218	0
940	1218	0
941	1218	0
942	1218	0
943	1218	0
944	1218	0
945	1218	0
946	1218	0
947	1218	0
948	1218	0
949	1218	0
953	1218	0
955	1218	1
957	1218	0
958	1218	0
959	1218	0
960	1218	0
961	1218	0
962	1218	0
963	1218	0
964	1218	0
965	1218	1
966	1218	0
967	1218	1
