0	1052	1
1	1052	0
2	1052	0
3	1052	0
4	1052	0
5	1052	0
6	1052	1
7	1052	0
8	1052	0
9	1052	1
10	1052	0
11	1052	0
12	1052	1
13	1052	0
14	1052	0
15	1052	0
16	1052	0
17	1052	0
18	1052	0
19	1052	1
20	1052	0
21	1052	0
22	1052	0
23	1052	1
24	1052	0
26	1052	0
27	1052	0
28	1052	0
29	1052	0
30	1052	0
31	1052	0
32	1052	0
33	1052	0
34	1052	0
35	1052	1
36	1052	0
37	1052	0
38	1052	0
39	1052	0
40	1052	0
42	1052	1
43	1052	0
44	1052	0
45	1052	0
46	1052	0
47	1052	0
48	1052	0
49	1052	0
50	1052	0
51	1052	1
52	1052	0
53	1052	0
54	1052	1
55	1052	0
56	1052	0
57	1052	0
58	1052	0
59	1052	0
60	1052	0
61	1052	0
62	1052	0
64	1052	0
65	1052	0
66	1052	0
67	1052	0
68	1052	0
69	1052	0
70	1052	0
71	1052	0
72	1052	0
73	1052	0
74	1052	0
75	1052	1
76	1052	0
77	1052	0
78	1052	0
79	1052	0
80	1052	1
81	1052	0
82	1052	0
83	1052	1
84	1052	0
85	1052	0
86	1052	0
87	1052	0
88	1052	0
89	1052	0
90	1052	0
91	1052	0
92	1052	0
93	1052	0
94	1052	0
95	1052	0
96	1052	0
97	1052	0
98	1052	0
99	1052	0
100	1052	0
101	1052	0
102	1052	0
103	1052	0
104	1052	0
105	1052	0
106	1052	0
109	1052	0
111	1052	0
112	1052	0
113	1052	0
114	1052	0
115	1052	1
116	1052	0
117	1052	0
118	1052	0
119	1052	0
120	1052	0
121	1052	0
122	1052	0
123	1052	0
124	1052	0
125	1052	0
130	1052	0
131	1052	0
132	1052	0
133	1052	0
134	1052	0
136	1052	0
137	1052	0
138	1052	0
139	1052	0
141	1052	0
142	1052	0
144	1052	0
146	1052	0
147	1052	0
149	1052	0
150	1052	1
151	1052	0
152	1052	0
153	1052	0
154	1052	0
155	1052	0
156	1052	0
157	1052	0
158	1052	0
159	1052	0
160	1052	0
161	1052	0
162	1052	0
163	1052	0
164	1052	0
165	1052	0
166	1052	0
168	1052	0
169	1052	0
170	1052	0
171	1052	0
172	1052	0
173	1052	0
174	1052	0
175	1052	0
177	1052	0
178	1052	0
179	1052	0
180	1052	0
181	1052	0
182	1052	0
183	1052	0
184	1052	0
187	1052	0
188	1052	0
189	1052	0
190	1052	0
191	1052	1
192	1052	0
193	1052	0
194	1052	0
195	1052	0
196	1052	0
197	1052	0
200	1052	0
201	1052	0
202	1052	0
203	1052	0
204	1052	0
206	1052	0
207	1052	0
208	1052	0
210	1052	0
211	1052	0
212	1052	0
213	1052	0
214	1052	0
216	1052	0
217	1052	0
218	1052	0
219	1052	0
220	1052	0
222	1052	0
223	1052	0
224	1052	1
225	1052	0
226	1052	0
227	1052	0
228	1052	0
229	1052	0
230	1052	0
231	1052	0
232	1052	0
233	1052	0
234	1052	0
235	1052	0
236	1052	0
237	1052	0
238	1052	0
239	1052	0
240	1052	0
241	1052	0
242	1052	0
244	1052	0
245	1052	0
246	1052	0
247	1052	0
248	1052	0
249	1052	0
250	1052	0
251	1052	0
252	1052	0
253	1052	0
254	1052	0
255	1052	0
256	1052	0
258	1052	1
259	1052	0
260	1052	0
261	1052	0
262	1052	0
263	1052	0
264	1052	0
265	1052	0
266	1052	0
267	1052	0
268	1052	0
269	1052	0
270	1052	0
271	1052	0
272	1052	0
273	1052	0
274	1052	0
275	1052	0
276	1052	0
277	1052	0
278	1052	0
279	1052	0
280	1052	0
281	1052	0
282	1052	0
283	1052	0
284	1052	0
285	1052	0
286	1052	0
288	1052	1
289	1052	0
290	1052	0
291	1052	1
292	1052	0
293	1052	0
294	1052	0
295	1052	0
296	1052	0
297	1052	0
298	1052	0
299	1052	0
300	1052	0
301	1052	0
302	1052	0
303	1052	0
304	1052	0
306	1052	0
307	1052	0
308	1052	1
309	1052	0
310	1052	0
311	1052	0
312	1052	0
313	1052	0
314	1052	0
315	1052	0
316	1052	0
317	1052	1
318	1052	0
319	1052	0
320	1052	0
321	1052	0
322	1052	0
323	1052	0
324	1052	0
325	1052	0
326	1052	0
327	1052	0
328	1052	1
329	1052	1
330	1052	0
331	1052	0
333	1052	1
334	1052	0
335	1052	0
336	1052	0
337	1052	0
338	1052	0
339	1052	0
340	1052	0
341	1052	0
342	1052	0
343	1052	0
344	1052	0
346	1052	0
347	1052	0
348	1052	0
349	1052	0
350	1052	0
354	1052	1
355	1052	0
356	1052	0
357	1052	0
358	1052	0
359	1052	0
360	1052	0
361	1052	0
363	1052	0
364	1052	0
365	1052	0
366	1052	0
367	1052	0
368	1052	0
370	1052	0
371	1052	0
372	1052	0
373	1052	0
374	1052	0
377	1052	0
378	1052	0
379	1052	0
380	1052	0
381	1052	1
382	1052	0
383	1052	0
384	1052	0
385	1052	0
386	1052	0
387	1052	0
388	1052	0
390	1052	0
391	1052	0
393	1052	0
394	1052	1
395	1052	0
396	1052	0
397	1052	0
398	1052	0
399	1052	0
400	1052	0
401	1052	0
402	1052	0
403	1052	0
404	1052	0
405	1052	0
406	1052	0
408	1052	0
409	1052	0
410	1052	0
411	1052	0
412	1052	0
413	1052	1
414	1052	0
415	1052	1
416	1052	1
417	1052	1
418	1052	0
419	1052	0
420	1052	0
421	1052	0
422	1052	0
423	1052	0
424	1052	0
425	1052	0
426	1052	0
427	1052	0
428	1052	0
429	1052	0
430	1052	0
431	1052	0
432	1052	0
433	1052	0
434	1052	0
435	1052	1
436	1052	0
437	1052	1
438	1052	1
439	1052	0
440	1052	0
441	1052	0
442	1052	0
443	1052	0
444	1052	0
445	1052	0
446	1052	0
447	1052	0
448	1052	0
449	1052	0
450	1052	0
451	1052	0
452	1052	0
453	1052	0
454	1052	0
455	1052	0
456	1052	1
457	1052	0
458	1052	0
459	1052	0
460	1052	0
461	1052	0
462	1052	0
463	1052	0
464	1052	0
465	1052	0
466	1052	1
467	1052	0
468	1052	0
469	1052	0
470	1052	0
471	1052	0
472	1052	0
473	1052	0
474	1052	0
475	1052	0
476	1052	0
477	1052	0
478	1052	0
480	1052	0
481	1052	0
482	1052	0
483	1052	0
484	1052	0
485	1052	0
486	1052	1
487	1052	0
489	1052	0
490	1052	0
491	1052	0
492	1052	0
493	1052	0
495	1052	0
496	1052	0
497	1052	0
499	1052	0
500	1052	0
501	1052	0
502	1052	0
503	1052	0
505	1052	0
508	1052	0
509	1052	0
510	1052	0
511	1052	0
512	1052	0
513	1052	0
514	1052	0
515	1052	0
516	1052	0
517	1052	0
518	1052	0
519	1052	0
520	1052	0
521	1052	0
522	1052	0
523	1052	0
524	1052	0
525	1052	0
527	1052	0
528	1052	0
529	1052	0
533	1052	0
534	1052	0
536	1052	0
537	1052	0
538	1052	0
540	1052	0
541	1052	0
542	1052	0
543	1052	0
544	1052	0
546	1052	0
547	1052	0
548	1052	0
549	1052	0
550	1052	0
551	1052	0
553	1052	0
554	1052	0
555	1052	0
556	1052	0
557	1052	0
558	1052	0
559	1052	0
560	1052	0
561	1052	0
562	1052	0
563	1052	0
564	1052	0
565	1052	0
566	1052	0
567	1052	0
568	1052	0
569	1052	0
570	1052	0
571	1052	0
572	1052	0
573	1052	0
574	1052	0
575	1052	0
576	1052	0
578	1052	0
579	1052	0
580	1052	0
582	1052	0
583	1052	0
584	1052	0
585	1052	0
586	1052	0
587	1052	1
588	1052	0
589	1052	0
590	1052	0
591	1052	0
592	1052	0
593	1052	0
594	1052	1
595	1052	0
596	1052	0
597	1052	0
598	1052	0
599	1052	0
600	1052	0
601	1052	0
602	1052	0
604	1052	0
605	1052	0
606	1052	0
607	1052	0
608	1052	0
609	1052	0
611	1052	0
612	1052	0
613	1052	0
614	1052	0
615	1052	0
616	1052	0
617	1052	0
618	1052	0
620	1052	0
621	1052	0
622	1052	0
624	1052	0
625	1052	0
626	1052	0
627	1052	0
628	1052	0
630	1052	0
631	1052	0
632	1052	0
633	1052	0
635	1052	0
636	1052	0
637	1052	0
640	1052	0
641	1052	0
642	1052	0
643	1052	0
644	1052	0
645	1052	0
646	1052	0
647	1052	0
648	1052	0
649	1052	0
650	1052	0
651	1052	0
652	1052	0
653	1052	0
654	1052	0
655	1052	0
658	1052	0
659	1052	0
661	1052	0
662	1052	0
663	1052	0
664	1052	0
666	1052	0
667	1052	0
668	1052	0
669	1052	0
670	1052	0
671	1052	0
672	1052	0
673	1052	0
674	1052	0
675	1052	0
676	1052	0
680	1052	0
682	1052	0
683	1052	0
684	1052	0
685	1052	0
686	1052	0
688	1052	0
689	1052	0
690	1052	0
691	1052	0
692	1052	0
693	1052	0
694	1052	0
695	1052	0
696	1052	0
697	1052	0
698	1052	0
699	1052	1
700	1052	0
701	1052	0
702	1052	0
703	1052	0
704	1052	0
705	1052	0
706	1052	0
707	1052	0
708	1052	0
709	1052	1
710	1052	1
711	1052	0
713	1052	0
714	1052	0
715	1052	0
716	1052	0
717	1052	0
718	1052	1
720	1052	0
721	1052	0
722	1052	0
728	1052	0
730	1052	0
731	1052	0
732	1052	0
733	1052	0
734	1052	0
735	1052	0
736	1052	0
737	1052	0
738	1052	0
739	1052	0
740	1052	0
741	1052	1
742	1052	0
744	1052	0
745	1052	0
746	1052	0
747	1052	0
748	1052	0
749	1052	0
750	1052	0
751	1052	0
752	1052	0
753	1052	0
754	1052	0
755	1052	0
756	1052	0
757	1052	0
758	1052	0
759	1052	0
760	1052	0
761	1052	0
762	1052	0
763	1052	0
764	1052	0
765	1052	0
766	1052	0
767	1052	0
768	1052	0
769	1052	0
770	1052	0
771	1052	0
772	1052	0
773	1052	0
774	1052	1
775	1052	0
776	1052	0
777	1052	0
778	1052	0
779	1052	0
780	1052	0
783	1052	0
784	1052	0
785	1052	0
786	1052	0
787	1052	0
788	1052	0
789	1052	0
790	1052	0
791	1052	0
794	1052	0
796	1052	0
797	1052	0
798	1052	0
799	1052	0
800	1052	0
801	1052	0
802	1052	0
803	1052	0
804	1052	0
806	1052	0
807	1052	0
808	1052	0
809	1052	0
810	1052	0
811	1052	1
814	1052	0
816	1052	0
817	1052	1
819	1052	0
820	1052	0
821	1052	0
824	1052	0
825	1052	0
827	1052	0
828	1052	0
830	1052	0
831	1052	0
832	1052	0
833	1052	0
834	1052	0
835	1052	0
836	1052	0
837	1052	0
839	1052	0
840	1052	0
841	1052	0
843	1052	0
844	1052	0
845	1052	0
846	1052	0
847	1052	0
848	1052	0
849	1052	1
850	1052	0
851	1052	0
852	1052	0
853	1052	0
854	1052	0
855	1052	0
856	1052	0
857	1052	0
858	1052	0
859	1052	0
860	1052	0
861	1052	0
862	1052	1
863	1052	0
864	1052	0
865	1052	0
866	1052	1
867	1052	0
868	1052	1
869	1052	0
870	1052	0
872	1052	0
873	1052	0
874	1052	0
875	1052	0
876	1052	0
877	1052	1
879	1052	0
880	1052	0
881	1052	0
882	1052	1
883	1052	0
884	1052	0
885	1052	0
886	1052	0
887	1052	0
888	1052	0
889	1052	0
890	1052	0
891	1052	0
892	1052	0
893	1052	0
894	1052	1
895	1052	0
896	1052	0
897	1052	0
898	1052	0
900	1052	0
901	1052	0
902	1052	0
903	1052	0
904	1052	0
905	1052	0
906	1052	0
907	1052	0
908	1052	0
909	1052	0
911	1052	0
912	1052	0
913	1052	0
914	1052	0
916	1052	1
917	1052	0
918	1052	0
919	1052	0
920	1052	0
921	1052	0
922	1052	0
923	1052	0
924	1052	0
925	1052	0
927	1052	0
928	1052	0
930	1052	0
931	1052	0
933	1052	1
934	1052	0
936	1052	0
937	1052	0
939	1052	0
940	1052	0
941	1052	0
942	1052	0
943	1052	0
944	1052	0
945	1052	0
946	1052	0
947	1052	0
948	1052	0
949	1052	0
950	1052	1
952	1052	0
953	1052	0
954	1052	0
955	1052	0
956	1052	0
958	1052	0
961	1052	0
962	1052	0
963	1052	0
964	1052	0
965	1052	0
966	1052	0
967	1052	0
