0	1022	0
1	1022	0
2	1022	0
3	1022	0
4	1022	0
5	1022	0
6	1022	1
7	1022	0
8	1022	0
9	1022	0
10	1022	1
11	1022	0
12	1022	0
13	1022	1
14	1022	1
15	1022	0
16	1022	0
17	1022	0
18	1022	0
19	1022	0
20	1022	0
21	1022	0
22	1022	0
23	1022	0
24	1022	1
26	1022	0
27	1022	0
28	1022	0
29	1022	0
30	1022	0
31	1022	0
32	1022	0
33	1022	0
34	1022	0
35	1022	0
36	1022	0
37	1022	0
38	1022	0
39	1022	0
40	1022	0
42	1022	1
43	1022	0
44	1022	0
45	1022	0
46	1022	0
47	1022	0
48	1022	0
49	1022	0
50	1022	0
51	1022	1
52	1022	0
53	1022	0
54	1022	0
55	1022	0
56	1022	0
57	1022	0
58	1022	0
59	1022	0
60	1022	0
61	1022	0
62	1022	0
64	1022	0
65	1022	0
66	1022	0
67	1022	0
68	1022	0
69	1022	0
70	1022	0
71	1022	0
72	1022	0
73	1022	0
74	1022	0
75	1022	0
76	1022	0
77	1022	0
78	1022	0
79	1022	0
80	1022	0
81	1022	1
82	1022	0
83	1022	0
84	1022	0
85	1022	0
86	1022	0
87	1022	0
88	1022	0
89	1022	0
90	1022	0
91	1022	0
92	1022	0
93	1022	0
94	1022	0
95	1022	0
96	1022	0
97	1022	0
98	1022	1
99	1022	0
100	1022	0
101	1022	0
102	1022	0
103	1022	0
104	1022	0
105	1022	0
106	1022	0
109	1022	0
111	1022	1
112	1022	0
113	1022	0
114	1022	0
115	1022	0
116	1022	0
117	1022	0
118	1022	0
119	1022	0
121	1022	0
122	1022	0
123	1022	0
124	1022	0
125	1022	0
130	1022	0
131	1022	0
132	1022	0
133	1022	0
134	1022	0
136	1022	0
137	1022	0
138	1022	0
139	1022	0
140	1022	0
141	1022	0
142	1022	0
143	1022	0
144	1022	0
146	1022	0
147	1022	0
149	1022	0
150	1022	0
151	1022	0
152	1022	0
153	1022	0
154	1022	0
155	1022	0
156	1022	0
157	1022	0
158	1022	0
159	1022	0
160	1022	1
161	1022	0
162	1022	0
163	1022	0
164	1022	0
165	1022	0
166	1022	1
168	1022	0
169	1022	0
170	1022	0
171	1022	0
172	1022	0
173	1022	0
174	1022	0
175	1022	0
176	1022	0
177	1022	0
178	1022	1
179	1022	0
180	1022	0
181	1022	0
182	1022	0
183	1022	0
184	1022	0
187	1022	0
188	1022	0
189	1022	0
190	1022	0
191	1022	0
192	1022	0
193	1022	0
194	1022	0
195	1022	0
196	1022	0
197	1022	1
200	1022	0
201	1022	0
202	1022	0
203	1022	0
204	1022	0
206	1022	0
207	1022	0
208	1022	0
210	1022	0
211	1022	0
212	1022	0
213	1022	0
214	1022	0
216	1022	0
217	1022	0
218	1022	0
219	1022	0
220	1022	1
221	1022	1
222	1022	0
223	1022	0
224	1022	0
225	1022	1
226	1022	0
227	1022	0
228	1022	0
229	1022	0
230	1022	0
231	1022	0
232	1022	0
233	1022	1
234	1022	0
235	1022	0
236	1022	0
237	1022	0
238	1022	0
239	1022	0
240	1022	0
241	1022	0
242	1022	0
244	1022	0
245	1022	0
246	1022	0
247	1022	0
248	1022	0
249	1022	0
250	1022	0
251	1022	0
252	1022	0
253	1022	0
254	1022	0
255	1022	1
256	1022	0
258	1022	0
259	1022	0
260	1022	0
261	1022	0
262	1022	0
263	1022	0
264	1022	0
265	1022	0
266	1022	0
267	1022	0
268	1022	0
269	1022	0
270	1022	0
271	1022	0
272	1022	0
274	1022	0
275	1022	0
276	1022	0
277	1022	0
278	1022	0
279	1022	0
280	1022	1
281	1022	0
282	1022	0
283	1022	0
284	1022	0
285	1022	0
286	1022	0
288	1022	0
289	1022	0
290	1022	0
291	1022	0
292	1022	1
293	1022	0
294	1022	0
295	1022	0
296	1022	0
297	1022	0
298	1022	0
299	1022	0
300	1022	0
301	1022	0
302	1022	0
303	1022	0
304	1022	0
305	1022	0
306	1022	0
307	1022	1
308	1022	1
309	1022	0
310	1022	0
311	1022	0
312	1022	0
313	1022	0
314	1022	0
315	1022	0
316	1022	1
317	1022	0
318	1022	0
319	1022	0
320	1022	0
321	1022	0
322	1022	0
323	1022	0
324	1022	0
325	1022	0
326	1022	0
327	1022	0
328	1022	0
329	1022	0
330	1022	0
331	1022	0
333	1022	1
334	1022	0
335	1022	0
336	1022	0
337	1022	0
338	1022	0
339	1022	0
340	1022	0
341	1022	0
342	1022	0
343	1022	0
344	1022	0
346	1022	0
347	1022	0
348	1022	0
349	1022	0
350	1022	0
354	1022	0
355	1022	0
356	1022	0
357	1022	0
358	1022	0
359	1022	0
360	1022	0
361	1022	0
363	1022	0
364	1022	0
365	1022	0
366	1022	0
367	1022	0
368	1022	0
370	1022	0
371	1022	0
372	1022	0
373	1022	0
374	1022	0
375	1022	0
377	1022	0
378	1022	0
379	1022	0
380	1022	0
381	1022	0
382	1022	0
383	1022	0
384	1022	0
385	1022	1
386	1022	0
387	1022	0
388	1022	0
390	1022	0
391	1022	0
393	1022	0
394	1022	0
395	1022	0
396	1022	0
397	1022	0
398	1022	0
399	1022	0
400	1022	0
401	1022	0
402	1022	1
403	1022	0
404	1022	0
405	1022	0
406	1022	0
408	1022	0
409	1022	0
410	1022	0
411	1022	0
412	1022	0
413	1022	0
414	1022	0
415	1022	0
416	1022	1
417	1022	0
418	1022	0
419	1022	0
420	1022	0
421	1022	0
422	1022	0
423	1022	0
424	1022	0
425	1022	0
426	1022	0
427	1022	0
428	1022	0
429	1022	0
430	1022	0
431	1022	1
432	1022	0
433	1022	0
434	1022	0
435	1022	1
436	1022	0
437	1022	1
438	1022	1
439	1022	0
440	1022	0
441	1022	0
442	1022	0
443	1022	0
444	1022	0
445	1022	0
446	1022	0
447	1022	0
448	1022	0
449	1022	0
450	1022	0
451	1022	0
452	1022	0
453	1022	1
454	1022	0
455	1022	0
456	1022	0
457	1022	0
458	1022	0
459	1022	0
460	1022	0
461	1022	0
462	1022	0
463	1022	0
464	1022	0
465	1022	0
466	1022	0
467	1022	0
468	1022	0
469	1022	0
470	1022	0
471	1022	0
472	1022	0
473	1022	0
474	1022	0
475	1022	0
476	1022	0
477	1022	0
478	1022	0
480	1022	0
481	1022	0
482	1022	0
483	1022	0
484	1022	1
485	1022	0
486	1022	0
487	1022	0
489	1022	0
490	1022	0
491	1022	0
492	1022	0
493	1022	0
495	1022	0
496	1022	0
497	1022	0
499	1022	0
500	1022	0
501	1022	0
502	1022	0
503	1022	0
505	1022	1
508	1022	0
509	1022	0
510	1022	0
511	1022	0
512	1022	0
513	1022	0
514	1022	0
515	1022	1
516	1022	0
517	1022	0
518	1022	0
519	1022	0
520	1022	0
521	1022	0
522	1022	0
523	1022	0
524	1022	0
525	1022	0
526	1022	0
527	1022	0
528	1022	0
529	1022	1
533	1022	0
534	1022	0
536	1022	0
537	1022	0
538	1022	0
540	1022	0
541	1022	0
542	1022	0
543	1022	0
544	1022	0
546	1022	0
547	1022	0
548	1022	0
549	1022	0
550	1022	0
551	1022	0
553	1022	0
554	1022	0
555	1022	0
556	1022	0
557	1022	0
558	1022	0
559	1022	0
560	1022	0
561	1022	0
562	1022	0
563	1022	0
564	1022	0
565	1022	0
566	1022	0
567	1022	0
568	1022	0
569	1022	0
570	1022	0
571	1022	0
572	1022	0
573	1022	0
574	1022	1
575	1022	0
576	1022	0
577	1022	0
578	1022	0
579	1022	1
580	1022	0
582	1022	0
583	1022	0
584	1022	0
585	1022	0
586	1022	0
587	1022	0
588	1022	0
589	1022	0
590	1022	0
591	1022	0
592	1022	0
593	1022	0
594	1022	0
595	1022	0
596	1022	0
597	1022	0
598	1022	0
599	1022	0
600	1022	0
601	1022	0
602	1022	0
604	1022	0
605	1022	0
606	1022	1
607	1022	0
608	1022	0
609	1022	0
611	1022	0
612	1022	0
613	1022	0
614	1022	0
615	1022	0
616	1022	0
617	1022	0
618	1022	0
619	1022	0
620	1022	0
621	1022	0
622	1022	0
624	1022	0
625	1022	0
626	1022	0
627	1022	0
628	1022	0
630	1022	0
631	1022	0
632	1022	1
633	1022	0
635	1022	0
636	1022	0
637	1022	0
640	1022	0
641	1022	0
642	1022	0
643	1022	0
644	1022	0
645	1022	0
646	1022	0
647	1022	0
648	1022	0
649	1022	0
650	1022	0
651	1022	0
652	1022	0
653	1022	0
654	1022	0
655	1022	0
658	1022	0
659	1022	0
661	1022	0
662	1022	0
663	1022	0
664	1022	0
666	1022	0
667	1022	0
668	1022	0
669	1022	0
670	1022	0
671	1022	0
672	1022	0
673	1022	0
674	1022	0
675	1022	0
676	1022	0
680	1022	0
682	1022	0
683	1022	0
684	1022	1
685	1022	0
686	1022	0
688	1022	0
689	1022	0
690	1022	1
691	1022	0
692	1022	0
693	1022	0
694	1022	0
695	1022	1
696	1022	0
697	1022	0
698	1022	0
699	1022	0
700	1022	0
701	1022	1
702	1022	0
703	1022	0
704	1022	0
705	1022	0
706	1022	0
707	1022	0
708	1022	0
709	1022	0
710	1022	0
711	1022	0
713	1022	0
714	1022	0
715	1022	1
716	1022	0
717	1022	0
718	1022	0
720	1022	0
721	1022	0
722	1022	0
728	1022	0
730	1022	0
731	1022	0
732	1022	0
733	1022	0
734	1022	0
735	1022	0
736	1022	0
737	1022	0
738	1022	0
739	1022	0
740	1022	0
741	1022	1
742	1022	0
743	1022	0
744	1022	0
745	1022	0
746	1022	0
747	1022	0
748	1022	0
749	1022	0
750	1022	0
751	1022	0
752	1022	0
753	1022	0
754	1022	1
755	1022	0
756	1022	0
757	1022	0
758	1022	0
759	1022	1
760	1022	0
761	1022	0
762	1022	0
763	1022	0
764	1022	0
765	1022	0
766	1022	0
767	1022	0
768	1022	0
769	1022	0
770	1022	0
771	1022	0
772	1022	0
773	1022	0
774	1022	1
775	1022	0
776	1022	0
777	1022	0
778	1022	0
779	1022	0
780	1022	0
783	1022	0
784	1022	0
785	1022	0
786	1022	0
787	1022	0
788	1022	0
789	1022	0
790	1022	0
791	1022	0
794	1022	1
796	1022	0
797	1022	0
798	1022	0
799	1022	0
800	1022	1
801	1022	0
802	1022	0
803	1022	1
804	1022	0
806	1022	0
807	1022	0
808	1022	0
809	1022	0
810	1022	0
811	1022	0
814	1022	0
816	1022	0
817	1022	1
819	1022	0
820	1022	0
821	1022	0
824	1022	0
825	1022	0
827	1022	1
828	1022	0
829	1022	1
830	1022	0
831	1022	0
832	1022	1
833	1022	0
834	1022	0
835	1022	0
836	1022	0
837	1022	0
839	1022	0
840	1022	0
841	1022	0
843	1022	0
844	1022	0
845	1022	0
846	1022	0
847	1022	0
848	1022	0
849	1022	1
850	1022	0
851	1022	0
852	1022	0
853	1022	0
854	1022	0
855	1022	0
856	1022	0
857	1022	0
858	1022	0
859	1022	0
860	1022	0
861	1022	0
862	1022	0
863	1022	0
864	1022	1
865	1022	0
866	1022	1
867	1022	0
868	1022	0
869	1022	0
870	1022	0
872	1022	0
873	1022	0
874	1022	0
875	1022	0
876	1022	0
877	1022	0
879	1022	0
880	1022	0
881	1022	0
882	1022	0
883	1022	1
884	1022	0
885	1022	0
886	1022	0
887	1022	0
888	1022	0
889	1022	0
890	1022	0
891	1022	0
892	1022	0
893	1022	0
894	1022	1
895	1022	0
896	1022	0
897	1022	0
898	1022	0
900	1022	0
901	1022	0
902	1022	0
903	1022	0
904	1022	0
905	1022	0
906	1022	0
907	1022	0
908	1022	0
909	1022	0
911	1022	1
912	1022	0
913	1022	0
914	1022	0
916	1022	0
917	1022	0
918	1022	0
919	1022	0
920	1022	0
921	1022	0
922	1022	1
923	1022	0
924	1022	0
925	1022	0
927	1022	0
928	1022	0
930	1022	0
931	1022	0
933	1022	0
934	1022	0
936	1022	0
937	1022	0
939	1022	0
940	1022	0
941	1022	0
942	1022	0
943	1022	0
944	1022	0
945	1022	1
946	1022	0
947	1022	0
948	1022	0
949	1022	0
950	1022	0
952	1022	0
953	1022	0
954	1022	0
955	1022	0
956	1022	1
958	1022	0
961	1022	0
962	1022	1
963	1022	1
964	1022	0
965	1022	1
966	1022	0
967	1022	0
