1	1190	0
2	1190	0
3	1190	0
4	1190	1
5	1190	0
6	1190	0
7	1190	0
8	1190	0
9	1190	1
10	1190	0
11	1190	0
13	1190	0
14	1190	0
16	1190	0
17	1190	0
18	1190	0
19	1190	0
20	1190	0
21	1190	0
22	1190	0
23	1190	0
24	1190	0
25	1190	0
26	1190	0
27	1190	0
29	1190	0
31	1190	0
32	1190	0
33	1190	0
34	1190	0
35	1190	0
36	1190	0
37	1190	0
38	1190	0
39	1190	1
41	1190	0
42	1190	1
43	1190	0
44	1190	0
45	1190	0
46	1190	0
47	1190	0
48	1190	0
49	1190	0
50	1190	0
51	1190	0
52	1190	0
53	1190	0
54	1190	1
55	1190	0
56	1190	0
58	1190	0
59	1190	0
60	1190	1
61	1190	0
62	1190	0
63	1190	0
64	1190	0
65	1190	0
66	1190	0
67	1190	1
68	1190	0
69	1190	0
70	1190	0
71	1190	0
72	1190	1
73	1190	1
74	1190	0
75	1190	1
77	1190	1
78	1190	1
80	1190	1
81	1190	0
82	1190	0
83	1190	0
84	1190	0
85	1190	1
86	1190	0
87	1190	0
88	1190	0
89	1190	1
91	1190	0
92	1190	0
93	1190	0
94	1190	0
95	1190	0
96	1190	0
97	1190	0
99	1190	0
100	1190	0
101	1190	0
103	1190	0
104	1190	0
105	1190	0
106	1190	0
107	1190	0
108	1190	0
109	1190	0
110	1190	0
111	1190	0
112	1190	0
113	1190	0
114	1190	1
115	1190	0
116	1190	0
117	1190	0
118	1190	1
119	1190	0
120	1190	0
121	1190	0
123	1190	1
124	1190	0
125	1190	0
128	1190	0
129	1190	0
130	1190	0
131	1190	0
132	1190	0
133	1190	0
134	1190	0
135	1190	0
136	1190	0
137	1190	0
138	1190	0
139	1190	0
140	1190	0
141	1190	0
142	1190	0
143	1190	0
144	1190	0
145	1190	0
146	1190	0
147	1190	0
150	1190	0
151	1190	0
152	1190	0
153	1190	0
154	1190	0
155	1190	0
156	1190	0
157	1190	0
158	1190	0
159	1190	0
161	1190	1
162	1190	0
163	1190	0
167	1190	0
168	1190	0
169	1190	1
170	1190	0
171	1190	0
172	1190	0
173	1190	0
174	1190	1
175	1190	0
177	1190	0
178	1190	0
179	1190	0
180	1190	0
181	1190	0
182	1190	0
183	1190	1
184	1190	0
185	1190	1
186	1190	0
187	1190	0
188	1190	0
189	1190	0
190	1190	0
191	1190	0
192	1190	1
193	1190	0
194	1190	0
195	1190	0
196	1190	0
197	1190	0
198	1190	0
199	1190	0
200	1190	0
201	1190	0
202	1190	0
203	1190	0
204	1190	0
206	1190	0
207	1190	0
208	1190	0
209	1190	1
210	1190	0
211	1190	0
212	1190	0
214	1190	0
215	1190	0
216	1190	0
217	1190	1
218	1190	0
219	1190	0
220	1190	0
221	1190	0
222	1190	0
223	1190	0
224	1190	0
226	1190	0
227	1190	0
228	1190	0
230	1190	0
231	1190	0
232	1190	0
233	1190	0
234	1190	0
235	1190	0
236	1190	0
237	1190	0
238	1190	0
239	1190	1
244	1190	0
245	1190	0
246	1190	0
247	1190	1
248	1190	1
249	1190	0
250	1190	0
251	1190	0
252	1190	0
253	1190	0
254	1190	0
255	1190	0
256	1190	0
257	1190	1
258	1190	0
260	1190	0
261	1190	0
262	1190	0
263	1190	0
264	1190	0
265	1190	0
266	1190	0
267	1190	0
268	1190	0
270	1190	0
271	1190	0
272	1190	0
273	1190	0
274	1190	0
275	1190	0
277	1190	1
278	1190	0
280	1190	0
282	1190	0
283	1190	0
284	1190	0
285	1190	0
286	1190	0
287	1190	0
288	1190	0
289	1190	0
290	1190	0
291	1190	0
292	1190	0
293	1190	1
294	1190	0
295	1190	0
296	1190	0
297	1190	0
298	1190	0
300	1190	0
301	1190	0
302	1190	0
303	1190	0
304	1190	0
305	1190	0
306	1190	0
307	1190	0
308	1190	1
309	1190	1
310	1190	0
311	1190	1
312	1190	0
313	1190	1
314	1190	0
315	1190	0
316	1190	0
317	1190	0
318	1190	0
320	1190	0
321	1190	0
322	1190	0
323	1190	0
324	1190	0
325	1190	0
328	1190	0
329	1190	0
331	1190	0
332	1190	0
333	1190	0
334	1190	0
336	1190	0
337	1190	0
338	1190	0
340	1190	0
341	1190	0
342	1190	0
343	1190	0
344	1190	0
345	1190	0
346	1190	1
347	1190	0
348	1190	0
349	1190	0
350	1190	0
351	1190	0
352	1190	0
353	1190	0
355	1190	0
356	1190	1
357	1190	0
358	1190	0
359	1190	0
360	1190	0
361	1190	0
362	1190	0
363	1190	0
364	1190	0
365	1190	0
366	1190	1
367	1190	1
368	1190	0
369	1190	0
370	1190	0
371	1190	0
372	1190	0
373	1190	0
374	1190	0
375	1190	0
377	1190	0
378	1190	0
379	1190	0
380	1190	0
381	1190	0
382	1190	0
383	1190	0
384	1190	0
385	1190	0
386	1190	0
388	1190	0
389	1190	0
391	1190	0
392	1190	0
393	1190	0
394	1190	0
395	1190	0
396	1190	0
397	1190	0
398	1190	0
399	1190	0
400	1190	0
401	1190	0
402	1190	0
403	1190	0
404	1190	0
405	1190	0
406	1190	0
407	1190	0
408	1190	0
410	1190	0
411	1190	1
412	1190	1
413	1190	0
415	1190	1
416	1190	0
417	1190	1
418	1190	1
419	1190	0
420	1190	0
421	1190	0
422	1190	0
423	1190	0
424	1190	0
425	1190	0
426	1190	1
427	1190	1
428	1190	0
429	1190	0
431	1190	0
432	1190	0
433	1190	1
434	1190	0
435	1190	0
436	1190	0
437	1190	0
438	1190	0
439	1190	0
440	1190	0
441	1190	0
442	1190	0
443	1190	0
444	1190	0
445	1190	0
446	1190	0
447	1190	1
448	1190	0
449	1190	0
450	1190	0
451	1190	0
452	1190	1
453	1190	0
454	1190	0
455	1190	0
456	1190	0
457	1190	0
458	1190	0
459	1190	0
460	1190	1
461	1190	0
462	1190	0
463	1190	0
464	1190	0
465	1190	1
466	1190	0
467	1190	0
468	1190	0
469	1190	0
470	1190	0
471	1190	0
472	1190	0
473	1190	0
474	1190	1
475	1190	0
476	1190	0
477	1190	0
478	1190	0
479	1190	0
480	1190	0
481	1190	0
482	1190	0
484	1190	0
485	1190	1
486	1190	0
487	1190	0
488	1190	0
489	1190	0
490	1190	0
491	1190	0
493	1190	0
494	1190	0
495	1190	0
496	1190	0
497	1190	0
499	1190	0
500	1190	0
501	1190	1
502	1190	0
503	1190	0
504	1190	0
505	1190	0
506	1190	0
507	1190	0
508	1190	0
509	1190	0
510	1190	0
511	1190	0
512	1190	0
513	1190	0
514	1190	0
515	1190	0
516	1190	0
517	1190	0
518	1190	0
519	1190	0
520	1190	0
521	1190	0
522	1190	0
523	1190	1
524	1190	0
527	1190	1
529	1190	0
530	1190	0
531	1190	0
533	1190	0
534	1190	0
535	1190	0
536	1190	0
537	1190	0
538	1190	0
539	1190	0
540	1190	1
541	1190	0
542	1190	0
543	1190	0
544	1190	0
545	1190	0
546	1190	1
547	1190	1
548	1190	0
549	1190	0
550	1190	0
551	1190	0
553	1190	0
554	1190	1
555	1190	0
556	1190	0
557	1190	0
558	1190	0
560	1190	0
561	1190	0
562	1190	0
563	1190	0
564	1190	0
565	1190	0
566	1190	0
567	1190	1
568	1190	0
569	1190	0
570	1190	0
571	1190	1
572	1190	1
574	1190	1
575	1190	0
576	1190	0
577	1190	0
578	1190	0
579	1190	0
581	1190	1
582	1190	0
583	1190	0
584	1190	0
585	1190	0
586	1190	1
587	1190	0
588	1190	0
589	1190	0
590	1190	0
591	1190	0
593	1190	0
595	1190	0
596	1190	0
597	1190	0
598	1190	0
599	1190	0
600	1190	0
601	1190	0
602	1190	0
605	1190	1
606	1190	0
607	1190	0
608	1190	0
609	1190	0
611	1190	0
612	1190	0
614	1190	0
615	1190	0
616	1190	0
617	1190	0
618	1190	0
619	1190	1
621	1190	1
622	1190	1
624	1190	0
625	1190	0
626	1190	0
627	1190	0
628	1190	0
630	1190	0
632	1190	0
633	1190	0
634	1190	0
635	1190	0
636	1190	0
637	1190	0
638	1190	0
639	1190	0
640	1190	0
641	1190	0
642	1190	0
645	1190	0
646	1190	0
647	1190	0
648	1190	0
649	1190	0
650	1190	0
651	1190	0
652	1190	0
653	1190	1
654	1190	1
655	1190	0
656	1190	0
657	1190	0
658	1190	0
659	1190	0
660	1190	0
661	1190	0
662	1190	0
663	1190	0
664	1190	0
666	1190	0
667	1190	0
668	1190	0
669	1190	0
670	1190	1
671	1190	0
672	1190	0
673	1190	0
674	1190	0
675	1190	0
676	1190	1
677	1190	0
678	1190	1
679	1190	0
680	1190	0
681	1190	1
682	1190	0
683	1190	0
684	1190	0
685	1190	0
686	1190	0
687	1190	0
689	1190	1
690	1190	1
691	1190	0
692	1190	0
693	1190	0
694	1190	0
696	1190	1
697	1190	0
698	1190	1
699	1190	0
701	1190	0
702	1190	0
703	1190	0
704	1190	0
705	1190	1
706	1190	1
707	1190	0
708	1190	1
709	1190	1
710	1190	0
711	1190	0
712	1190	0
713	1190	0
715	1190	0
716	1190	0
717	1190	0
718	1190	0
719	1190	0
720	1190	0
721	1190	0
722	1190	0
723	1190	0
724	1190	1
725	1190	0
726	1190	1
727	1190	1
728	1190	0
729	1190	0
731	1190	0
732	1190	0
733	1190	0
734	1190	1
735	1190	0
736	1190	1
737	1190	0
738	1190	0
739	1190	0
740	1190	0
741	1190	0
742	1190	0
743	1190	0
744	1190	1
745	1190	0
747	1190	0
748	1190	0
749	1190	0
750	1190	0
751	1190	0
752	1190	0
753	1190	0
754	1190	0
755	1190	0
756	1190	1
757	1190	1
758	1190	0
759	1190	0
760	1190	1
761	1190	1
762	1190	1
764	1190	0
765	1190	1
766	1190	1
767	1190	0
768	1190	0
769	1190	0
770	1190	0
771	1190	0
772	1190	0
773	1190	0
775	1190	0
776	1190	0
777	1190	0
778	1190	0
779	1190	0
780	1190	0
781	1190	0
782	1190	1
783	1190	0
784	1190	0
785	1190	0
786	1190	0
787	1190	0
788	1190	0
789	1190	0
790	1190	0
791	1190	1
792	1190	0
793	1190	0
794	1190	1
795	1190	0
798	1190	1
799	1190	0
800	1190	0
801	1190	0
802	1190	0
803	1190	0
804	1190	0
805	1190	0
806	1190	0
807	1190	0
808	1190	0
809	1190	0
810	1190	0
811	1190	0
812	1190	0
814	1190	0
817	1190	0
818	1190	0
819	1190	0
820	1190	0
822	1190	0
823	1190	0
824	1190	0
825	1190	0
826	1190	0
827	1190	0
829	1190	0
830	1190	0
831	1190	0
832	1190	0
833	1190	0
834	1190	0
835	1190	1
836	1190	0
838	1190	0
839	1190	0
840	1190	0
841	1190	0
842	1190	1
843	1190	0
844	1190	0
845	1190	0
846	1190	0
847	1190	1
848	1190	0
849	1190	0
851	1190	0
852	1190	1
853	1190	0
854	1190	0
855	1190	0
856	1190	0
857	1190	0
858	1190	0
859	1190	1
860	1190	0
861	1190	0
862	1190	0
863	1190	0
864	1190	0
865	1190	0
866	1190	1
867	1190	0
869	1190	0
870	1190	0
871	1190	0
872	1190	1
873	1190	1
874	1190	0
875	1190	0
876	1190	0
877	1190	0
878	1190	0
880	1190	1
881	1190	0
882	1190	0
883	1190	0
884	1190	0
885	1190	0
886	1190	1
887	1190	0
888	1190	0
889	1190	0
890	1190	1
891	1190	0
892	1190	0
893	1190	0
894	1190	0
895	1190	0
896	1190	0
897	1190	0
898	1190	0
899	1190	0
900	1190	0
901	1190	1
902	1190	0
903	1190	0
904	1190	0
905	1190	0
907	1190	0
908	1190	0
909	1190	0
910	1190	1
911	1190	0
913	1190	1
915	1190	0
916	1190	0
918	1190	1
919	1190	0
920	1190	0
921	1190	1
922	1190	0
923	1190	0
924	1190	0
925	1190	0
927	1190	0
928	1190	0
930	1190	1
931	1190	1
933	1190	1
935	1190	0
936	1190	0
937	1190	0
939	1190	0
940	1190	0
941	1190	0
942	1190	0
943	1190	0
945	1190	0
946	1190	0
947	1190	0
948	1190	0
949	1190	0
953	1190	0
955	1190	0
957	1190	0
958	1190	0
959	1190	1
960	1190	0
961	1190	0
962	1190	0
963	1190	0
964	1190	0
965	1190	0
966	1190	0
967	1190	0
