0	1091	0
1	1091	0
2	1091	0
3	1091	0
4	1091	0
5	1091	0
6	1091	0
7	1091	0
8	1091	1
9	1091	0
10	1091	1
11	1091	0
12	1091	1
13	1091	0
14	1091	0
15	1091	0
16	1091	0
17	1091	0
18	1091	1
19	1091	0
20	1091	0
21	1091	1
22	1091	0
23	1091	0
24	1091	0
26	1091	0
28	1091	0
29	1091	0
30	1091	0
31	1091	1
32	1091	0
33	1091	0
34	1091	0
35	1091	0
36	1091	1
37	1091	0
38	1091	0
39	1091	1
40	1091	1
42	1091	0
43	1091	0
44	1091	0
45	1091	0
46	1091	0
47	1091	0
48	1091	0
49	1091	0
50	1091	0
51	1091	0
52	1091	0
53	1091	0
54	1091	0
55	1091	0
56	1091	0
57	1091	0
58	1091	0
59	1091	1
60	1091	0
61	1091	0
62	1091	0
64	1091	0
65	1091	0
66	1091	0
67	1091	1
68	1091	0
69	1091	0
70	1091	0
71	1091	1
72	1091	0
73	1091	0
74	1091	0
75	1091	0
76	1091	0
77	1091	0
78	1091	0
79	1091	0
80	1091	0
81	1091	0
82	1091	0
83	1091	0
84	1091	0
85	1091	0
86	1091	0
87	1091	0
88	1091	0
90	1091	0
91	1091	0
92	1091	0
93	1091	0
94	1091	0
95	1091	0
96	1091	1
97	1091	0
98	1091	0
99	1091	0
100	1091	0
101	1091	0
102	1091	1
103	1091	0
104	1091	0
105	1091	0
106	1091	0
109	1091	1
111	1091	0
112	1091	0
113	1091	0
114	1091	0
115	1091	0
116	1091	0
117	1091	0
118	1091	0
119	1091	0
120	1091	0
121	1091	0
122	1091	0
123	1091	0
124	1091	0
125	1091	0
126	1091	0
129	1091	0
130	1091	0
131	1091	0
132	1091	0
133	1091	0
134	1091	0
136	1091	0
137	1091	1
138	1091	0
139	1091	0
140	1091	0
141	1091	0
142	1091	0
143	1091	1
144	1091	0
145	1091	0
146	1091	0
147	1091	0
148	1091	0
149	1091	0
150	1091	0
151	1091	0
152	1091	0
153	1091	0
154	1091	0
155	1091	0
156	1091	0
157	1091	0
158	1091	0
159	1091	0
160	1091	0
161	1091	0
162	1091	0
163	1091	0
165	1091	0
166	1091	0
167	1091	0
168	1091	0
169	1091	0
170	1091	0
171	1091	1
172	1091	1
173	1091	0
174	1091	0
175	1091	0
177	1091	0
178	1091	0
179	1091	0
180	1091	0
182	1091	1
183	1091	0
184	1091	1
185	1091	0
186	1091	0
187	1091	0
188	1091	1
189	1091	0
190	1091	0
191	1091	1
192	1091	0
193	1091	1
194	1091	1
195	1091	0
196	1091	1
197	1091	0
198	1091	0
199	1091	0
200	1091	0
201	1091	0
202	1091	0
203	1091	0
204	1091	1
206	1091	0
207	1091	1
208	1091	1
210	1091	0
211	1091	0
212	1091	1
213	1091	0
214	1091	0
215	1091	0
216	1091	0
217	1091	0
218	1091	0
219	1091	0
220	1091	0
222	1091	0
223	1091	0
224	1091	0
225	1091	0
226	1091	0
227	1091	1
228	1091	0
229	1091	0
230	1091	0
231	1091	0
232	1091	0
233	1091	0
234	1091	0
235	1091	0
236	1091	0
237	1091	0
238	1091	0
239	1091	0
240	1091	0
241	1091	0
242	1091	0
244	1091	0
245	1091	0
247	1091	0
248	1091	0
249	1091	0
250	1091	0
251	1091	0
252	1091	0
253	1091	1
254	1091	0
255	1091	1
256	1091	0
258	1091	1
259	1091	0
260	1091	0
261	1091	0
262	1091	0
263	1091	0
264	1091	0
265	1091	0
266	1091	0
267	1091	1
268	1091	0
269	1091	0
270	1091	0
271	1091	0
272	1091	0
273	1091	0
274	1091	0
275	1091	0
276	1091	0
277	1091	0
278	1091	0
279	1091	0
280	1091	0
281	1091	0
282	1091	0
283	1091	0
284	1091	0
285	1091	0
286	1091	0
287	1091	0
288	1091	0
289	1091	1
290	1091	1
291	1091	1
292	1091	0
293	1091	0
294	1091	0
295	1091	0
296	1091	0
297	1091	0
298	1091	0
299	1091	0
300	1091	0
301	1091	0
302	1091	0
303	1091	1
304	1091	0
305	1091	0
306	1091	0
307	1091	0
308	1091	0
309	1091	0
310	1091	0
311	1091	0
312	1091	0
313	1091	0
314	1091	0
315	1091	0
316	1091	0
317	1091	0
318	1091	0
319	1091	0
320	1091	0
321	1091	0
322	1091	0
323	1091	0
324	1091	0
325	1091	0
326	1091	0
327	1091	0
328	1091	0
329	1091	0
330	1091	0
331	1091	1
333	1091	1
335	1091	1
336	1091	1
337	1091	0
338	1091	0
339	1091	0
340	1091	0
341	1091	0
342	1091	0
343	1091	0
344	1091	0
346	1091	0
347	1091	0
348	1091	0
349	1091	0
350	1091	0
351	1091	0
352	1091	0
354	1091	0
355	1091	0
357	1091	0
358	1091	1
359	1091	1
360	1091	0
361	1091	1
363	1091	0
364	1091	0
365	1091	0
366	1091	0
367	1091	0
368	1091	0
371	1091	0
372	1091	0
373	1091	1
374	1091	1
377	1091	1
378	1091	1
379	1091	1
380	1091	0
381	1091	0
382	1091	0
383	1091	0
384	1091	0
385	1091	0
386	1091	0
387	1091	0
388	1091	0
389	1091	1
390	1091	1
391	1091	0
393	1091	0
394	1091	0
395	1091	1
396	1091	0
398	1091	0
399	1091	0
400	1091	0
401	1091	0
402	1091	1
403	1091	0
404	1091	0
405	1091	0
406	1091	0
407	1091	0
408	1091	0
409	1091	0
410	1091	0
411	1091	1
412	1091	0
413	1091	0
414	1091	0
415	1091	1
416	1091	0
417	1091	0
418	1091	0
419	1091	0
420	1091	0
421	1091	0
422	1091	0
423	1091	0
424	1091	1
425	1091	0
426	1091	0
427	1091	0
428	1091	0
429	1091	0
430	1091	0
431	1091	0
432	1091	0
433	1091	0
434	1091	0
435	1091	0
436	1091	1
437	1091	0
438	1091	1
439	1091	0
440	1091	0
441	1091	0
442	1091	0
443	1091	0
444	1091	0
445	1091	0
446	1091	1
447	1091	0
448	1091	0
449	1091	1
450	1091	0
451	1091	0
452	1091	0
453	1091	0
454	1091	0
455	1091	0
456	1091	1
457	1091	0
458	1091	0
459	1091	0
460	1091	0
461	1091	0
462	1091	0
463	1091	0
464	1091	1
465	1091	1
466	1091	0
467	1091	0
468	1091	0
469	1091	0
470	1091	0
471	1091	0
472	1091	0
473	1091	0
474	1091	0
475	1091	0
476	1091	0
477	1091	0
478	1091	0
480	1091	0
481	1091	0
482	1091	0
483	1091	0
484	1091	0
485	1091	0
486	1091	0
487	1091	0
489	1091	1
490	1091	0
491	1091	0
492	1091	0
493	1091	0
495	1091	0
496	1091	1
497	1091	0
499	1091	0
500	1091	0
501	1091	0
502	1091	1
503	1091	1
505	1091	0
506	1091	1
508	1091	1
509	1091	1
510	1091	0
511	1091	0
512	1091	0
513	1091	0
514	1091	1
515	1091	0
516	1091	0
517	1091	0
518	1091	1
519	1091	1
520	1091	1
521	1091	1
522	1091	0
523	1091	0
524	1091	0
525	1091	0
526	1091	0
527	1091	0
528	1091	1
529	1091	0
531	1091	0
533	1091	0
534	1091	0
536	1091	0
537	1091	0
538	1091	0
540	1091	0
541	1091	0
542	1091	0
543	1091	0
544	1091	0
546	1091	0
547	1091	0
548	1091	0
549	1091	0
550	1091	0
551	1091	0
553	1091	0
554	1091	0
555	1091	0
556	1091	0
557	1091	0
558	1091	0
559	1091	0
560	1091	0
561	1091	0
562	1091	0
563	1091	0
564	1091	0
565	1091	0
566	1091	0
567	1091	0
568	1091	0
569	1091	0
570	1091	0
571	1091	1
572	1091	0
573	1091	0
574	1091	0
575	1091	0
576	1091	0
577	1091	0
578	1091	0
579	1091	0
580	1091	0
582	1091	0
583	1091	0
584	1091	0
585	1091	0
586	1091	0
587	1091	0
588	1091	0
589	1091	0
590	1091	0
591	1091	0
592	1091	0
593	1091	1
594	1091	0
595	1091	0
596	1091	0
597	1091	0
598	1091	0
599	1091	0
600	1091	0
601	1091	0
602	1091	0
604	1091	0
605	1091	1
606	1091	0
607	1091	0
608	1091	0
609	1091	0
611	1091	0
612	1091	0
613	1091	0
614	1091	0
615	1091	0
616	1091	0
617	1091	0
618	1091	0
619	1091	0
620	1091	0
621	1091	0
622	1091	0
624	1091	0
625	1091	0
626	1091	0
627	1091	0
628	1091	0
630	1091	0
631	1091	0
632	1091	0
633	1091	0
635	1091	0
636	1091	0
637	1091	1
640	1091	0
641	1091	0
642	1091	0
643	1091	0
644	1091	0
645	1091	0
646	1091	0
647	1091	0
648	1091	0
649	1091	1
650	1091	1
651	1091	1
652	1091	1
653	1091	0
654	1091	0
655	1091	0
656	1091	0
657	1091	0
658	1091	0
659	1091	0
660	1091	0
662	1091	1
663	1091	1
664	1091	1
666	1091	1
667	1091	1
668	1091	0
669	1091	0
670	1091	0
671	1091	0
672	1091	0
673	1091	0
674	1091	0
675	1091	0
676	1091	0
677	1091	0
678	1091	0
679	1091	0
680	1091	0
681	1091	0
682	1091	0
683	1091	0
684	1091	0
685	1091	0
686	1091	0
687	1091	0
688	1091	0
689	1091	0
690	1091	0
691	1091	1
692	1091	0
693	1091	0
694	1091	0
695	1091	0
696	1091	0
697	1091	0
698	1091	0
699	1091	0
700	1091	0
701	1091	0
702	1091	0
703	1091	0
704	1091	0
705	1091	0
706	1091	0
707	1091	0
708	1091	0
709	1091	0
710	1091	1
711	1091	0
712	1091	0
713	1091	0
714	1091	0
715	1091	1
716	1091	0
717	1091	0
718	1091	0
719	1091	0
720	1091	0
721	1091	0
722	1091	0
723	1091	0
724	1091	0
725	1091	0
726	1091	0
727	1091	0
728	1091	0
730	1091	0
731	1091	0
732	1091	0
733	1091	0
734	1091	0
735	1091	0
736	1091	0
737	1091	1
738	1091	0
739	1091	0
740	1091	0
741	1091	0
742	1091	1
743	1091	1
744	1091	0
745	1091	1
746	1091	0
747	1091	1
748	1091	1
749	1091	0
750	1091	0
751	1091	0
752	1091	0
753	1091	0
754	1091	0
755	1091	0
756	1091	0
757	1091	0
758	1091	0
759	1091	0
760	1091	0
761	1091	0
762	1091	1
763	1091	1
764	1091	0
765	1091	0
767	1091	0
768	1091	0
769	1091	0
770	1091	0
771	1091	1
772	1091	0
773	1091	0
774	1091	1
775	1091	0
776	1091	1
777	1091	0
778	1091	0
779	1091	0
780	1091	1
782	1091	0
783	1091	0
784	1091	0
785	1091	0
786	1091	0
787	1091	0
788	1091	0
789	1091	0
790	1091	0
791	1091	0
793	1091	0
794	1091	0
795	1091	0
796	1091	1
797	1091	0
798	1091	0
799	1091	0
800	1091	0
801	1091	0
802	1091	0
803	1091	0
804	1091	0
806	1091	0
807	1091	0
808	1091	0
809	1091	0
810	1091	0
811	1091	0
812	1091	0
813	1091	0
814	1091	0
816	1091	0
817	1091	0
818	1091	0
819	1091	0
820	1091	0
821	1091	0
822	1091	0
823	1091	0
824	1091	0
825	1091	0
826	1091	0
827	1091	0
828	1091	1
829	1091	1
830	1091	1
831	1091	1
832	1091	0
833	1091	1
834	1091	1
835	1091	0
836	1091	0
837	1091	0
839	1091	0
840	1091	0
841	1091	0
842	1091	0
843	1091	0
844	1091	0
845	1091	0
846	1091	0
847	1091	0
848	1091	0
849	1091	0
850	1091	0
851	1091	0
852	1091	0
853	1091	0
854	1091	0
855	1091	0
856	1091	0
857	1091	0
858	1091	0
859	1091	0
860	1091	0
861	1091	0
862	1091	0
863	1091	0
864	1091	1
865	1091	0
866	1091	0
867	1091	0
868	1091	0
869	1091	1
870	1091	0
872	1091	0
873	1091	0
874	1091	0
875	1091	0
876	1091	0
877	1091	1
878	1091	0
880	1091	0
881	1091	0
882	1091	0
883	1091	0
884	1091	0
885	1091	0
886	1091	0
887	1091	1
888	1091	1
889	1091	0
890	1091	0
891	1091	0
892	1091	0
893	1091	0
894	1091	0
895	1091	1
896	1091	0
897	1091	0
898	1091	0
900	1091	0
901	1091	0
902	1091	0
903	1091	0
904	1091	0
905	1091	0
906	1091	0
907	1091	0
908	1091	0
909	1091	0
910	1091	0
911	1091	0
912	1091	1
913	1091	0
914	1091	0
916	1091	0
917	1091	1
918	1091	0
919	1091	0
920	1091	0
921	1091	0
922	1091	0
923	1091	0
924	1091	0
925	1091	0
926	1091	0
927	1091	1
928	1091	1
930	1091	0
931	1091	0
933	1091	0
934	1091	0
935	1091	1
936	1091	0
937	1091	1
938	1091	1
939	1091	0
940	1091	0
941	1091	0
942	1091	0
943	1091	1
944	1091	0
945	1091	0
946	1091	0
947	1091	1
948	1091	0
949	1091	0
950	1091	0
952	1091	0
953	1091	0
954	1091	0
955	1091	0
956	1091	0
958	1091	1
959	1091	0
961	1091	0
962	1091	0
963	1091	1
964	1091	0
965	1091	0
967	1091	1
