0	1171	0
1	1171	0
2	1171	0
3	1171	0
4	1171	0
5	1171	0
6	1171	1
7	1171	0
8	1171	1
9	1171	0
10	1171	0
11	1171	0
12	1171	1
13	1171	0
16	1171	0
17	1171	0
18	1171	0
19	1171	1
20	1171	1
21	1171	0
22	1171	0
23	1171	0
24	1171	0
25	1171	0
26	1171	0
27	1171	0
30	1171	0
31	1171	1
32	1171	0
33	1171	0
34	1171	0
36	1171	0
37	1171	0
38	1171	0
39	1171	0
40	1171	1
41	1171	1
42	1171	0
43	1171	0
45	1171	0
46	1171	0
47	1171	0
48	1171	0
49	1171	0
51	1171	1
53	1171	1
54	1171	1
55	1171	0
56	1171	1
58	1171	0
59	1171	0
60	1171	0
61	1171	0
62	1171	0
63	1171	0
64	1171	0
65	1171	0
66	1171	0
68	1171	1
69	1171	0
70	1171	0
71	1171	0
72	1171	0
74	1171	0
75	1171	0
77	1171	0
78	1171	0
79	1171	1
80	1171	0
81	1171	0
82	1171	0
83	1171	0
84	1171	0
85	1171	0
86	1171	0
87	1171	0
89	1171	0
90	1171	0
91	1171	0
92	1171	0
93	1171	0
94	1171	0
95	1171	0
96	1171	0
97	1171	0
98	1171	0
99	1171	0
100	1171	1
101	1171	0
102	1171	0
103	1171	0
104	1171	0
105	1171	0
106	1171	0
107	1171	0
108	1171	0
109	1171	0
110	1171	0
111	1171	0
112	1171	0
113	1171	0
114	1171	0
115	1171	0
116	1171	0
117	1171	0
118	1171	0
120	1171	0
121	1171	0
124	1171	0
125	1171	0
129	1171	0
130	1171	0
131	1171	0
132	1171	0
133	1171	0
134	1171	0
135	1171	0
136	1171	0
137	1171	0
138	1171	0
139	1171	0
140	1171	0
141	1171	0
142	1171	0
143	1171	0
144	1171	0
145	1171	0
146	1171	0
147	1171	0
148	1171	0
149	1171	0
151	1171	0
152	1171	1
153	1171	0
154	1171	0
155	1171	0
156	1171	0
157	1171	0
158	1171	0
159	1171	0
160	1171	0
162	1171	0
163	1171	0
164	1171	0
165	1171	0
166	1171	0
167	1171	0
168	1171	1
169	1171	1
170	1171	0
171	1171	0
172	1171	0
173	1171	0
174	1171	0
175	1171	0
178	1171	0
179	1171	0
180	1171	0
181	1171	0
182	1171	0
183	1171	0
184	1171	0
185	1171	0
186	1171	1
187	1171	0
188	1171	0
190	1171	0
191	1171	0
192	1171	1
193	1171	0
194	1171	0
195	1171	0
196	1171	0
197	1171	1
198	1171	0
199	1171	0
200	1171	0
201	1171	0
202	1171	0
203	1171	1
204	1171	0
206	1171	0
207	1171	0
208	1171	0
209	1171	0
210	1171	0
211	1171	0
212	1171	0
213	1171	0
214	1171	0
215	1171	0
216	1171	0
217	1171	0
218	1171	0
219	1171	0
221	1171	0
222	1171	0
223	1171	0
224	1171	0
225	1171	0
227	1171	0
228	1171	0
229	1171	0
230	1171	1
232	1171	1
233	1171	0
234	1171	1
235	1171	0
236	1171	0
237	1171	0
239	1171	0
240	1171	0
245	1171	0
246	1171	0
247	1171	0
248	1171	0
249	1171	0
250	1171	0
251	1171	0
252	1171	0
253	1171	0
254	1171	0
255	1171	0
256	1171	0
257	1171	0
258	1171	1
259	1171	0
260	1171	0
261	1171	0
262	1171	0
263	1171	0
264	1171	0
265	1171	1
266	1171	0
267	1171	0
268	1171	0
270	1171	0
271	1171	0
272	1171	0
273	1171	0
274	1171	0
275	1171	0
277	1171	0
280	1171	0
281	1171	0
282	1171	0
283	1171	0
284	1171	0
285	1171	0
286	1171	1
287	1171	1
288	1171	0
289	1171	0
290	1171	0
291	1171	1
293	1171	1
295	1171	0
296	1171	0
298	1171	1
302	1171	0
303	1171	1
304	1171	0
305	1171	0
306	1171	0
308	1171	0
310	1171	0
312	1171	0
313	1171	0
314	1171	0
315	1171	0
316	1171	0
317	1171	0
318	1171	0
319	1171	0
321	1171	0
322	1171	0
323	1171	0
324	1171	0
325	1171	0
326	1171	0
327	1171	0
328	1171	0
329	1171	0
330	1171	0
331	1171	0
332	1171	0
333	1171	0
334	1171	0
336	1171	0
337	1171	0
338	1171	0
340	1171	0
341	1171	0
343	1171	0
344	1171	0
345	1171	0
346	1171	0
347	1171	0
348	1171	0
350	1171	0
351	1171	0
352	1171	0
353	1171	0
354	1171	1
355	1171	0
356	1171	0
357	1171	0
358	1171	0
359	1171	0
360	1171	0
361	1171	0
362	1171	0
363	1171	0
364	1171	0
365	1171	0
366	1171	0
367	1171	0
369	1171	0
370	1171	0
371	1171	0
372	1171	0
373	1171	0
374	1171	0
376	1171	0
377	1171	0
378	1171	1
379	1171	0
380	1171	0
381	1171	0
382	1171	0
383	1171	0
384	1171	0
385	1171	0
386	1171	0
387	1171	0
388	1171	0
389	1171	0
391	1171	0
392	1171	0
393	1171	0
394	1171	0
395	1171	0
397	1171	0
398	1171	1
399	1171	1
401	1171	0
402	1171	0
403	1171	0
404	1171	0
405	1171	0
406	1171	0
407	1171	0
408	1171	0
409	1171	1
410	1171	0
412	1171	0
414	1171	0
415	1171	1
416	1171	0
417	1171	0
418	1171	0
420	1171	0
421	1171	0
422	1171	0
423	1171	0
424	1171	0
425	1171	0
426	1171	1
428	1171	0
429	1171	0
430	1171	0
431	1171	0
432	1171	0
433	1171	0
434	1171	0
435	1171	0
436	1171	0
437	1171	0
438	1171	0
439	1171	0
440	1171	1
441	1171	0
442	1171	0
443	1171	0
444	1171	0
445	1171	0
446	1171	0
447	1171	0
448	1171	0
449	1171	1
450	1171	0
452	1171	0
453	1171	0
454	1171	0
455	1171	0
456	1171	0
457	1171	0
458	1171	0
459	1171	0
461	1171	0
462	1171	0
464	1171	0
465	1171	1
466	1171	0
467	1171	0
468	1171	0
469	1171	0
470	1171	0
471	1171	0
472	1171	0
473	1171	0
474	1171	0
475	1171	0
476	1171	0
477	1171	0
478	1171	0
479	1171	0
480	1171	0
481	1171	0
483	1171	0
484	1171	0
485	1171	1
486	1171	0
487	1171	0
488	1171	1
489	1171	0
490	1171	1
491	1171	0
492	1171	0
494	1171	0
496	1171	0
497	1171	0
498	1171	0
499	1171	1
500	1171	0
501	1171	0
502	1171	0
503	1171	0
504	1171	0
505	1171	0
506	1171	0
507	1171	1
508	1171	0
509	1171	0
510	1171	0
511	1171	0
512	1171	0
513	1171	0
514	1171	0
515	1171	0
516	1171	1
517	1171	0
518	1171	0
519	1171	0
520	1171	0
521	1171	0
522	1171	0
523	1171	0
524	1171	1
525	1171	1
526	1171	1
527	1171	0
528	1171	0
529	1171	0
530	1171	1
531	1171	0
533	1171	0
534	1171	0
535	1171	0
536	1171	0
538	1171	0
539	1171	0
540	1171	1
541	1171	0
542	1171	0
543	1171	0
544	1171	0
545	1171	0
546	1171	0
547	1171	0
550	1171	0
551	1171	1
553	1171	0
555	1171	1
556	1171	0
557	1171	0
558	1171	0
560	1171	0
561	1171	0
562	1171	0
563	1171	0
565	1171	0
566	1171	0
567	1171	0
568	1171	0
569	1171	0
571	1171	0
574	1171	0
575	1171	0
576	1171	0
577	1171	1
579	1171	1
580	1171	0
581	1171	0
582	1171	0
583	1171	0
584	1171	0
585	1171	0
586	1171	0
588	1171	1
589	1171	0
591	1171	0
593	1171	0
595	1171	0
596	1171	0
597	1171	0
598	1171	0
599	1171	0
600	1171	0
601	1171	0
602	1171	0
604	1171	0
606	1171	0
607	1171	0
608	1171	0
609	1171	1
612	1171	0
613	1171	0
614	1171	0
615	1171	0
616	1171	0
617	1171	0
618	1171	0
619	1171	0
620	1171	0
621	1171	0
622	1171	0
624	1171	1
625	1171	0
627	1171	0
628	1171	0
630	1171	0
632	1171	0
633	1171	0
634	1171	0
635	1171	0
636	1171	0
637	1171	0
638	1171	1
639	1171	0
640	1171	0
641	1171	0
642	1171	0
643	1171	1
644	1171	0
645	1171	0
646	1171	0
648	1171	0
649	1171	0
650	1171	0
652	1171	0
653	1171	0
654	1171	0
655	1171	0
656	1171	0
657	1171	0
658	1171	0
659	1171	0
660	1171	0
661	1171	0
662	1171	0
663	1171	0
664	1171	0
665	1171	1
666	1171	0
667	1171	0
668	1171	0
669	1171	0
670	1171	1
671	1171	0
672	1171	0
673	1171	0
674	1171	0
675	1171	0
676	1171	0
677	1171	0
678	1171	1
679	1171	0
680	1171	0
681	1171	0
682	1171	0
683	1171	0
684	1171	0
685	1171	0
686	1171	0
687	1171	1
688	1171	0
689	1171	1
690	1171	1
691	1171	0
692	1171	0
693	1171	0
694	1171	0
695	1171	0
696	1171	0
698	1171	0
699	1171	1
700	1171	0
702	1171	0
703	1171	0
704	1171	1
705	1171	0
706	1171	1
707	1171	0
709	1171	0
710	1171	0
711	1171	0
712	1171	0
713	1171	0
714	1171	1
717	1171	0
718	1171	1
719	1171	0
720	1171	0
721	1171	0
722	1171	0
723	1171	0
724	1171	1
725	1171	1
726	1171	0
728	1171	0
729	1171	0
730	1171	0
732	1171	0
733	1171	0
734	1171	0
735	1171	0
736	1171	0
737	1171	0
738	1171	0
739	1171	0
740	1171	0
741	1171	0
742	1171	0
745	1171	0
746	1171	0
747	1171	0
748	1171	0
749	1171	0
750	1171	0
753	1171	0
754	1171	0
755	1171	0
756	1171	0
757	1171	1
758	1171	0
759	1171	0
760	1171	0
761	1171	1
762	1171	0
765	1171	0
766	1171	0
767	1171	0
768	1171	0
769	1171	0
770	1171	1
771	1171	1
772	1171	0
773	1171	0
775	1171	0
776	1171	0
777	1171	0
778	1171	0
779	1171	0
780	1171	0
781	1171	0
782	1171	0
783	1171	0
784	1171	0
785	1171	1
786	1171	0
787	1171	1
789	1171	0
790	1171	0
791	1171	0
792	1171	0
793	1171	0
794	1171	0
795	1171	0
796	1171	0
797	1171	0
799	1171	0
800	1171	0
801	1171	0
802	1171	0
803	1171	0
804	1171	0
805	1171	0
806	1171	0
807	1171	1
808	1171	0
810	1171	0
811	1171	0
814	1171	1
816	1171	0
818	1171	0
819	1171	0
820	1171	0
822	1171	0
823	1171	0
824	1171	0
825	1171	0
826	1171	0
827	1171	0
829	1171	1
830	1171	1
831	1171	1
832	1171	0
833	1171	0
834	1171	0
835	1171	0
836	1171	0
837	1171	0
838	1171	0
839	1171	0
840	1171	0
843	1171	0
844	1171	0
845	1171	0
848	1171	0
849	1171	0
850	1171	0
852	1171	0
853	1171	0
854	1171	0
855	1171	0
856	1171	1
857	1171	0
860	1171	0
861	1171	0
862	1171	1
863	1171	0
864	1171	0
866	1171	0
867	1171	0
868	1171	0
869	1171	0
870	1171	0
871	1171	0
872	1171	0
873	1171	0
874	1171	0
875	1171	0
876	1171	0
877	1171	0
878	1171	0
880	1171	0
881	1171	0
882	1171	0
883	1171	0
884	1171	0
885	1171	0
887	1171	0
888	1171	0
889	1171	0
890	1171	0
891	1171	0
892	1171	0
893	1171	0
894	1171	0
895	1171	0
896	1171	0
897	1171	0
899	1171	0
900	1171	0
901	1171	0
902	1171	0
904	1171	0
905	1171	0
907	1171	0
910	1171	0
911	1171	0
912	1171	0
913	1171	0
914	1171	1
915	1171	0
916	1171	0
917	1171	0
918	1171	0
919	1171	0
921	1171	0
922	1171	0
923	1171	0
924	1171	0
925	1171	0
926	1171	0
927	1171	0
928	1171	1
929	1171	0
931	1171	0
933	1171	0
934	1171	0
935	1171	0
936	1171	0
937	1171	0
938	1171	0
939	1171	0
940	1171	0
941	1171	0
942	1171	0
943	1171	0
944	1171	0
945	1171	1
946	1171	0
948	1171	0
949	1171	0
950	1171	0
952	1171	0
953	1171	0
954	1171	0
955	1171	0
956	1171	0
957	1171	0
958	1171	0
959	1171	1
960	1171	0
961	1171	0
962	1171	0
963	1171	0
964	1171	0
965	1171	0
966	1171	1
967	1171	1
