0	1055	0
1	1055	0
2	1055	0
3	1055	0
4	1055	0
5	1055	0
6	1055	0
7	1055	0
8	1055	0
9	1055	1
10	1055	0
11	1055	0
12	1055	1
13	1055	0
14	1055	0
15	1055	0
16	1055	0
17	1055	0
18	1055	1
19	1055	1
20	1055	0
21	1055	1
22	1055	1
23	1055	1
24	1055	0
26	1055	0
27	1055	0
28	1055	0
29	1055	0
30	1055	0
31	1055	1
32	1055	1
33	1055	0
34	1055	0
35	1055	1
36	1055	0
37	1055	0
38	1055	0
39	1055	0
40	1055	0
42	1055	1
43	1055	0
44	1055	0
45	1055	1
46	1055	0
47	1055	0
48	1055	0
49	1055	0
50	1055	0
51	1055	0
52	1055	0
53	1055	0
54	1055	0
55	1055	0
56	1055	0
57	1055	0
58	1055	0
59	1055	0
60	1055	0
61	1055	0
62	1055	0
64	1055	0
65	1055	0
66	1055	0
67	1055	0
68	1055	0
69	1055	0
70	1055	0
71	1055	0
72	1055	0
73	1055	0
74	1055	0
75	1055	0
76	1055	0
77	1055	0
78	1055	0
79	1055	0
80	1055	0
81	1055	0
82	1055	0
83	1055	0
84	1055	0
85	1055	0
86	1055	0
87	1055	0
88	1055	0
89	1055	0
90	1055	0
91	1055	0
92	1055	0
93	1055	0
94	1055	0
95	1055	0
96	1055	0
97	1055	0
98	1055	0
99	1055	0
100	1055	0
101	1055	0
102	1055	0
103	1055	0
104	1055	0
105	1055	0
106	1055	0
109	1055	1
111	1055	0
112	1055	0
113	1055	0
114	1055	0
115	1055	0
116	1055	0
117	1055	0
118	1055	0
119	1055	0
120	1055	0
121	1055	0
122	1055	0
123	1055	0
124	1055	0
125	1055	0
130	1055	0
131	1055	0
132	1055	0
133	1055	0
134	1055	0
136	1055	0
137	1055	0
138	1055	0
139	1055	0
141	1055	0
142	1055	0
144	1055	0
146	1055	0
147	1055	0
149	1055	0
150	1055	1
151	1055	0
152	1055	0
153	1055	0
154	1055	0
155	1055	0
156	1055	0
157	1055	0
158	1055	0
159	1055	0
160	1055	1
161	1055	0
162	1055	0
163	1055	0
164	1055	0
165	1055	0
166	1055	0
168	1055	0
169	1055	0
170	1055	0
171	1055	0
172	1055	0
173	1055	0
174	1055	0
175	1055	0
177	1055	0
178	1055	1
179	1055	0
180	1055	0
181	1055	0
182	1055	0
183	1055	0
184	1055	0
187	1055	0
188	1055	0
189	1055	0
190	1055	0
191	1055	0
192	1055	0
193	1055	0
194	1055	0
195	1055	1
196	1055	0
197	1055	0
200	1055	0
201	1055	1
202	1055	0
203	1055	0
204	1055	0
206	1055	0
207	1055	0
208	1055	1
210	1055	0
211	1055	0
212	1055	0
213	1055	0
214	1055	0
216	1055	0
217	1055	0
218	1055	0
219	1055	0
222	1055	0
223	1055	0
224	1055	0
225	1055	0
226	1055	0
227	1055	1
228	1055	0
229	1055	0
230	1055	0
231	1055	0
232	1055	0
233	1055	0
234	1055	0
235	1055	0
236	1055	0
237	1055	0
238	1055	0
239	1055	0
240	1055	1
241	1055	0
242	1055	0
244	1055	0
245	1055	0
246	1055	0
247	1055	0
248	1055	0
249	1055	0
250	1055	0
251	1055	0
252	1055	0
253	1055	0
254	1055	0
255	1055	0
256	1055	0
258	1055	0
259	1055	0
260	1055	0
261	1055	0
262	1055	0
263	1055	0
264	1055	0
265	1055	0
266	1055	0
267	1055	0
268	1055	0
269	1055	0
270	1055	0
271	1055	0
272	1055	0
273	1055	0
274	1055	1
275	1055	0
276	1055	1
277	1055	0
278	1055	0
279	1055	0
280	1055	0
281	1055	1
282	1055	0
283	1055	0
284	1055	0
285	1055	0
286	1055	1
288	1055	0
289	1055	1
290	1055	0
291	1055	1
292	1055	1
293	1055	0
294	1055	0
295	1055	0
296	1055	0
297	1055	0
298	1055	1
299	1055	1
300	1055	0
301	1055	0
302	1055	0
303	1055	1
304	1055	0
306	1055	0
307	1055	0
308	1055	0
309	1055	0
310	1055	0
311	1055	0
312	1055	0
313	1055	0
314	1055	0
315	1055	0
316	1055	0
317	1055	0
318	1055	0
319	1055	0
320	1055	0
321	1055	0
322	1055	0
323	1055	0
324	1055	0
325	1055	0
326	1055	0
327	1055	0
328	1055	1
329	1055	1
330	1055	0
331	1055	0
333	1055	1
334	1055	0
335	1055	1
336	1055	0
337	1055	0
338	1055	0
339	1055	0
340	1055	0
341	1055	0
342	1055	0
343	1055	0
344	1055	0
346	1055	0
347	1055	0
348	1055	0
349	1055	0
350	1055	0
354	1055	0
355	1055	0
356	1055	1
357	1055	1
358	1055	0
359	1055	0
360	1055	0
361	1055	1
363	1055	0
364	1055	0
365	1055	0
366	1055	0
367	1055	0
368	1055	0
370	1055	1
371	1055	0
372	1055	0
373	1055	0
374	1055	1
377	1055	0
378	1055	0
379	1055	0
380	1055	0
381	1055	1
382	1055	0
383	1055	0
384	1055	0
385	1055	1
386	1055	0
387	1055	0
388	1055	0
390	1055	0
391	1055	0
393	1055	0
394	1055	1
395	1055	0
396	1055	0
397	1055	0
398	1055	1
399	1055	0
400	1055	0
401	1055	0
402	1055	0
403	1055	0
404	1055	1
405	1055	0
406	1055	0
408	1055	0
409	1055	0
410	1055	0
411	1055	0
412	1055	0
413	1055	1
414	1055	0
415	1055	1
416	1055	0
417	1055	0
418	1055	0
419	1055	0
420	1055	0
421	1055	0
422	1055	0
423	1055	0
424	1055	0
425	1055	0
426	1055	0
427	1055	0
428	1055	0
429	1055	0
430	1055	0
431	1055	0
432	1055	0
433	1055	0
434	1055	0
435	1055	0
436	1055	0
437	1055	1
438	1055	0
439	1055	0
440	1055	0
441	1055	0
442	1055	0
443	1055	0
444	1055	0
445	1055	0
446	1055	0
447	1055	1
448	1055	0
449	1055	0
450	1055	0
451	1055	0
452	1055	1
453	1055	0
454	1055	0
455	1055	0
456	1055	0
457	1055	0
458	1055	0
459	1055	0
460	1055	0
461	1055	0
462	1055	0
463	1055	0
464	1055	0
465	1055	0
466	1055	1
467	1055	0
468	1055	0
469	1055	0
470	1055	0
471	1055	0
472	1055	0
473	1055	0
474	1055	0
475	1055	0
476	1055	0
477	1055	0
478	1055	0
480	1055	1
481	1055	0
482	1055	0
483	1055	0
484	1055	0
485	1055	0
486	1055	1
487	1055	0
489	1055	0
490	1055	1
491	1055	0
492	1055	0
493	1055	0
495	1055	0
496	1055	1
497	1055	0
499	1055	0
500	1055	0
501	1055	0
502	1055	0
503	1055	0
505	1055	1
508	1055	0
509	1055	0
510	1055	0
511	1055	0
512	1055	0
513	1055	0
514	1055	1
515	1055	0
516	1055	0
517	1055	0
518	1055	1
519	1055	0
520	1055	1
521	1055	0
522	1055	0
523	1055	0
524	1055	0
525	1055	0
527	1055	0
528	1055	0
529	1055	1
533	1055	0
534	1055	0
536	1055	0
537	1055	1
538	1055	0
540	1055	1
541	1055	0
542	1055	0
543	1055	0
544	1055	0
546	1055	0
547	1055	0
548	1055	0
549	1055	0
550	1055	0
551	1055	0
553	1055	0
554	1055	0
555	1055	0
556	1055	0
557	1055	0
558	1055	0
559	1055	0
560	1055	0
561	1055	0
562	1055	0
563	1055	0
564	1055	0
565	1055	0
566	1055	0
567	1055	0
568	1055	0
569	1055	0
570	1055	0
571	1055	0
572	1055	0
573	1055	0
574	1055	0
575	1055	0
576	1055	1
577	1055	0
578	1055	0
579	1055	0
580	1055	0
582	1055	0
583	1055	0
584	1055	0
585	1055	0
586	1055	0
587	1055	1
588	1055	0
589	1055	0
590	1055	0
591	1055	0
592	1055	0
593	1055	0
594	1055	0
595	1055	0
596	1055	0
597	1055	0
598	1055	1
599	1055	0
600	1055	0
601	1055	0
602	1055	0
604	1055	0
605	1055	0
606	1055	1
607	1055	0
608	1055	0
609	1055	0
611	1055	0
612	1055	0
613	1055	0
614	1055	0
615	1055	0
616	1055	0
617	1055	0
618	1055	0
620	1055	0
621	1055	0
622	1055	0
624	1055	0
625	1055	0
626	1055	0
627	1055	0
628	1055	0
630	1055	0
631	1055	0
632	1055	0
633	1055	0
635	1055	0
636	1055	0
637	1055	1
640	1055	0
641	1055	0
642	1055	0
643	1055	0
644	1055	0
645	1055	0
646	1055	1
647	1055	0
648	1055	0
649	1055	0
650	1055	0
651	1055	1
652	1055	0
653	1055	0
654	1055	0
655	1055	0
658	1055	0
659	1055	0
661	1055	0
662	1055	0
663	1055	0
664	1055	1
666	1055	0
667	1055	1
668	1055	0
669	1055	0
670	1055	0
671	1055	0
672	1055	0
673	1055	0
674	1055	0
675	1055	0
676	1055	0
680	1055	0
682	1055	0
683	1055	0
684	1055	0
685	1055	0
686	1055	0
688	1055	0
689	1055	0
690	1055	0
691	1055	0
692	1055	1
693	1055	0
694	1055	0
695	1055	0
696	1055	0
697	1055	0
698	1055	0
699	1055	0
700	1055	0
701	1055	0
702	1055	0
703	1055	0
704	1055	0
705	1055	0
706	1055	0
707	1055	0
708	1055	0
709	1055	0
710	1055	0
711	1055	0
713	1055	0
714	1055	0
715	1055	0
716	1055	0
717	1055	0
718	1055	0
720	1055	0
721	1055	0
722	1055	0
728	1055	0
730	1055	0
731	1055	0
732	1055	1
733	1055	0
734	1055	0
735	1055	0
736	1055	0
737	1055	0
738	1055	0
739	1055	0
740	1055	0
741	1055	0
742	1055	0
744	1055	0
745	1055	0
746	1055	0
747	1055	0
748	1055	0
749	1055	0
750	1055	0
751	1055	1
752	1055	0
753	1055	0
754	1055	0
755	1055	0
756	1055	0
757	1055	0
758	1055	0
759	1055	1
760	1055	0
761	1055	0
762	1055	0
763	1055	0
764	1055	0
765	1055	0
766	1055	0
767	1055	0
768	1055	0
769	1055	0
770	1055	0
771	1055	0
772	1055	0
773	1055	0
774	1055	1
775	1055	0
776	1055	0
777	1055	0
778	1055	0
779	1055	0
780	1055	1
783	1055	1
784	1055	1
785	1055	0
786	1055	0
787	1055	1
788	1055	0
789	1055	0
790	1055	0
791	1055	0
794	1055	0
796	1055	0
797	1055	0
799	1055	0
800	1055	1
801	1055	0
802	1055	0
803	1055	0
804	1055	0
806	1055	0
807	1055	0
808	1055	0
809	1055	0
810	1055	0
811	1055	1
814	1055	0
816	1055	0
817	1055	1
819	1055	0
820	1055	1
821	1055	0
824	1055	0
825	1055	0
827	1055	0
828	1055	0
830	1055	0
831	1055	0
832	1055	0
833	1055	1
834	1055	0
835	1055	0
836	1055	0
837	1055	0
839	1055	0
840	1055	0
841	1055	0
843	1055	0
844	1055	0
845	1055	0
846	1055	0
847	1055	0
848	1055	0
849	1055	1
850	1055	1
851	1055	0
852	1055	0
853	1055	1
854	1055	0
855	1055	0
856	1055	0
857	1055	0
858	1055	0
859	1055	0
860	1055	0
861	1055	0
862	1055	0
863	1055	0
864	1055	0
865	1055	0
866	1055	1
867	1055	0
868	1055	1
869	1055	0
870	1055	0
872	1055	0
873	1055	0
874	1055	0
875	1055	0
876	1055	0
877	1055	1
879	1055	0
880	1055	0
881	1055	0
882	1055	0
883	1055	0
884	1055	0
885	1055	0
886	1055	0
887	1055	0
888	1055	0
889	1055	0
890	1055	0
891	1055	1
892	1055	0
893	1055	0
894	1055	0
895	1055	0
896	1055	0
897	1055	0
898	1055	0
900	1055	0
901	1055	0
902	1055	0
903	1055	0
904	1055	0
905	1055	0
906	1055	0
907	1055	0
908	1055	0
909	1055	0
911	1055	0
912	1055	0
913	1055	0
914	1055	0
916	1055	0
917	1055	0
918	1055	0
919	1055	0
920	1055	1
921	1055	0
922	1055	0
923	1055	0
924	1055	0
925	1055	0
927	1055	1
928	1055	0
930	1055	0
931	1055	0
933	1055	0
934	1055	0
936	1055	0
939	1055	0
940	1055	0
941	1055	1
942	1055	0
943	1055	0
944	1055	0
945	1055	1
946	1055	0
947	1055	1
948	1055	0
949	1055	0
950	1055	0
952	1055	0
953	1055	0
954	1055	0
955	1055	0
956	1055	0
958	1055	1
961	1055	0
962	1055	0
963	1055	1
964	1055	0
965	1055	0
966	1055	0
967	1055	0
