8	1003	0
10	1003	1
13	1003	1
16	1003	0
18	1003	0
20	1003	1
21	1003	0
31	1003	0
32	1003	0
33	1003	0
34	1003	1
36	1003	0
39	1003	0
42	1003	0
43	1003	0
44	1003	1
45	1003	0
47	1003	0
48	1003	0
49	1003	0
59	1003	0
61	1003	0
64	1003	0
67	1003	0
71	1003	0
76	1003	0
87	1003	0
93	1003	0
96	1003	0
98	1003	0
101	1003	0
106	1003	0
109	1003	0
112	1003	0
113	1003	0
117	1003	0
120	1003	0
121	1003	0
122	1003	0
125	1003	0
130	1003	0
131	1003	0
133	1003	0
134	1003	0
137	1003	0
138	1003	0
139	1003	0
140	1003	1
141	1003	0
142	1003	0
143	1003	0
144	1003	0
146	1003	0
147	1003	1
151	1003	0
152	1003	0
154	1003	0
156	1003	0
157	1003	0
159	1003	0
162	1003	0
163	1003	0
164	1003	0
168	1003	1
170	1003	0
171	1003	0
172	1003	0
174	1003	0
176	1003	0
181	1003	0
182	1003	0
183	1003	0
184	1003	0
188	1003	0
190	1003	0
191	1003	0
192	1003	0
193	1003	0
194	1003	0
195	1003	1
196	1003	0
197	1003	1
201	1003	0
202	1003	0
203	1003	0
204	1003	0
205	1003	0
206	1003	0
207	1003	0
208	1003	0
209	1003	0
210	1003	0
211	1003	0
214	1003	0
221	1003	0
224	1003	0
225	1003	0
227	1003	0
228	1003	0
230	1003	0
232	1003	0
233	1003	0
234	1003	0
251	1003	0
252	1003	0
253	1003	0
255	1003	0
263	1003	0
267	1003	0
269	1003	0
274	1003	0
275	1003	0
276	1003	1
282	1003	0
283	1003	0
289	1003	0
290	1003	0
296	1003	0
301	1003	0
310	1003	0
316	1003	1
328	1003	0
334	1003	0
336	1003	0
338	1003	0
339	1003	0
340	1003	0
341	1003	0
343	1003	0
358	1003	0
359	1003	0
360	1003	0
361	1003	0
363	1003	0
364	1003	0
365	1003	0
367	1003	0
368	1003	0
370	1003	0
371	1003	0
372	1003	0
373	1003	0
375	1003	0
377	1003	0
378	1003	0
379	1003	0
380	1003	0
381	1003	0
382	1003	0
384	1003	0
385	1003	0
386	1003	0
391	1003	1
393	1003	0
395	1003	0
401	1003	0
402	1003	1
404	1003	0
405	1003	0
406	1003	0
420	1003	0
421	1003	0
422	1003	0
423	1003	0
424	1003	0
425	1003	0
426	1003	0
427	1003	0
428	1003	0
429	1003	0
430	1003	0
431	1003	1
432	1003	0
433	1003	0
435	1003	0
436	1003	0
443	1003	0
446	1003	1
448	1003	0
449	1003	0
450	1003	0
451	1003	0
453	1003	0
454	1003	0
455	1003	0
457	1003	0
458	1003	0
459	1003	0
461	1003	1
464	1003	0
465	1003	0
475	1003	0
476	1003	0
478	1003	0
486	1003	1
487	1003	0
489	1003	0
496	1003	0
497	1003	0
499	1003	1
500	1003	0
503	1003	0
505	1003	0
508	1003	0
509	1003	0
510	1003	0
511	1003	0
512	1003	0
514	1003	0
515	1003	0
516	1003	1
517	1003	0
518	1003	0
519	1003	0
520	1003	0
521	1003	0
522	1003	0
523	1003	0
524	1003	0
525	1003	0
526	1003	0
527	1003	0
528	1003	0
529	1003	0
534	1003	0
536	1003	0
537	1003	0
538	1003	0
540	1003	0
541	1003	0
542	1003	0
544	1003	0
549	1003	0
551	1003	0
554	1003	0
557	1003	0
561	1003	0
565	1003	0
566	1003	0
567	1003	0
568	1003	0
569	1003	0
573	1003	0
574	1003	1
584	1003	0
585	1003	0
588	1003	0
589	1003	0
592	1003	0
593	1003	0
595	1003	0
597	1003	0
607	1003	0
608	1003	0
612	1003	0
613	1003	0
616	1003	0
617	1003	0
620	1003	0
625	1003	0
626	1003	0
627	1003	0
630	1003	1
631	1003	0
633	1003	0
637	1003	0
640	1003	0
641	1003	0
642	1003	0
643	1003	0
644	1003	0
645	1003	0
646	1003	0
647	1003	1
648	1003	0
649	1003	0
650	1003	0
651	1003	1
652	1003	0
661	1003	0
662	1003	0
663	1003	0
664	1003	0
666	1003	0
667	1003	1
672	1003	1
673	1003	0
674	1003	1
683	1003	0
692	1003	0
693	1003	0
694	1003	0
713	1003	0
715	1003	0
718	1003	0
720	1003	0
721	1003	0
722	1003	0
728	1003	0
732	1003	0
737	1003	0
738	1003	0
741	1003	0
742	1003	0
743	1003	0
745	1003	0
747	1003	0
748	1003	0
749	1003	0
750	1003	0
754	1003	0
758	1003	0
761	1003	0
763	1003	0
767	1003	0
768	1003	1
769	1003	0
771	1003	0
772	1003	1
773	1003	0
774	1003	0
778	1003	0
780	1003	0
784	1003	0
786	1003	0
787	1003	0
796	1003	0
798	1003	0
799	1003	0
802	1003	0
803	1003	1
805	1003	0
808	1003	0
810	1003	0
824	1003	0
827	1003	0
828	1003	0
830	1003	0
831	1003	0
833	1003	0
834	1003	0
837	1003	0
839	1003	0
840	1003	0
855	1003	0
859	1003	0
862	1003	0
863	1003	0
870	1003	0
871	1003	0
873	1003	0
874	1003	0
876	1003	0
877	1003	0
879	1003	0
880	1003	0
881	1003	0
882	1003	0
883	1003	1
885	1003	0
887	1003	0
888	1003	0
889	1003	0
890	1003	0
895	1003	0
900	1003	0
901	1003	0
904	1003	0
906	1003	0
911	1003	0
912	1003	0
913	1003	0
917	1003	0
923	1003	0
924	1003	0
928	1003	0
937	1003	0
943	1003	0
944	1003	0
947	1003	0
949	1003	0
952	1003	0
953	1003	0
954	1003	0
955	1003	0
956	1003	0
958	1003	0
963	1003	0
964	1003	0
965	1003	0
967	1003	0
