8	987	1
10	987	0
13	987	0
16	987	0
18	987	1
20	987	0
21	987	0
24	987	0
27	987	0
31	987	1
32	987	0
33	987	0
34	987	0
36	987	0
39	987	1
42	987	0
43	987	0
44	987	0
45	987	0
47	987	0
48	987	0
49	987	0
59	987	1
61	987	0
64	987	0
67	987	0
71	987	0
76	987	0
87	987	0
93	987	0
96	987	0
98	987	0
101	987	0
106	987	0
109	987	0
112	987	0
113	987	0
117	987	0
120	987	0
121	987	0
122	987	0
125	987	0
130	987	0
131	987	0
133	987	0
134	987	0
137	987	0
138	987	0
139	987	0
140	987	0
141	987	0
142	987	0
143	987	0
146	987	0
151	987	1
152	987	0
154	987	0
156	987	0
157	987	0
159	987	0
162	987	0
163	987	0
164	987	1
168	987	0
170	987	0
171	987	0
172	987	0
174	987	0
181	987	0
182	987	0
183	987	0
184	987	0
188	987	0
190	987	0
191	987	0
192	987	0
193	987	0
194	987	0
195	987	0
196	987	0
197	987	0
201	987	1
202	987	0
203	987	0
204	987	0
205	987	0
206	987	0
207	987	0
208	987	0
210	987	0
211	987	0
214	987	0
221	987	1
222	987	0
224	987	0
225	987	0
227	987	0
228	987	1
230	987	0
232	987	0
233	987	0
234	987	0
251	987	0
252	987	0
253	987	0
255	987	0
263	987	0
269	987	0
274	987	0
275	987	0
279	987	0
282	987	0
283	987	0
289	987	0
290	987	0
296	987	0
301	987	0
310	987	0
316	987	1
328	987	1
329	987	0
334	987	0
336	987	0
338	987	0
339	987	0
340	987	0
341	987	0
343	987	0
358	987	0
359	987	0
360	987	0
361	987	0
364	987	0
365	987	0
367	987	0
368	987	0
370	987	0
371	987	0
372	987	1
373	987	1
374	987	0
375	987	0
377	987	0
378	987	0
379	987	0
380	987	0
381	987	0
382	987	0
383	987	0
384	987	0
385	987	0
386	987	0
390	987	0
391	987	0
393	987	0
395	987	0
401	987	0
402	987	0
404	987	0
405	987	0
406	987	0
420	987	0
421	987	0
422	987	0
423	987	0
424	987	0
425	987	0
426	987	0
427	987	0
428	987	0
429	987	0
430	987	0
431	987	0
432	987	0
433	987	0
435	987	1
436	987	0
443	987	0
446	987	0
448	987	0
449	987	0
450	987	0
451	987	0
453	987	0
454	987	0
455	987	0
457	987	0
458	987	0
459	987	0
461	987	0
464	987	0
465	987	1
475	987	0
476	987	0
478	987	0
486	987	0
487	987	0
489	987	1
496	987	0
497	987	0
499	987	0
500	987	0
503	987	0
505	987	0
508	987	0
509	987	0
510	987	0
511	987	1
512	987	0
514	987	1
515	987	0
516	987	0
517	987	0
518	987	1
519	987	0
520	987	0
521	987	0
522	987	0
524	987	0
525	987	0
526	987	0
527	987	0
528	987	0
529	987	0
534	987	0
536	987	0
538	987	0
540	987	0
541	987	0
542	987	0
544	987	0
549	987	0
551	987	0
554	987	0
557	987	0
561	987	0
565	987	0
566	987	0
567	987	0
568	987	0
569	987	0
573	987	0
574	987	0
584	987	0
585	987	0
588	987	0
589	987	0
592	987	0
595	987	0
597	987	0
607	987	0
608	987	0
612	987	0
613	987	0
616	987	0
617	987	0
620	987	0
625	987	0
626	987	0
627	987	0
630	987	1
631	987	0
633	987	0
637	987	0
640	987	0
641	987	0
642	987	0
643	987	0
644	987	0
645	987	0
646	987	0
647	987	0
648	987	0
649	987	0
650	987	1
651	987	0
652	987	0
661	987	0
662	987	0
663	987	0
664	987	0
666	987	0
667	987	0
672	987	0
673	987	0
674	987	0
683	987	0
692	987	0
693	987	0
694	987	0
713	987	1
715	987	0
718	987	0
720	987	0
721	987	0
728	987	0
732	987	0
737	987	0
738	987	0
741	987	0
742	987	0
743	987	1
745	987	0
747	987	1
748	987	1
749	987	0
750	987	0
754	987	0
758	987	0
761	987	0
763	987	0
767	987	0
768	987	0
769	987	0
771	987	0
772	987	0
773	987	0
774	987	0
778	987	0
780	987	0
784	987	0
786	987	0
787	987	0
796	987	0
798	987	0
799	987	0
802	987	0
803	987	0
805	987	0
808	987	0
810	987	0
824	987	0
825	987	0
827	987	0
828	987	0
830	987	0
831	987	1
833	987	1
834	987	0
837	987	0
839	987	0
840	987	0
855	987	0
859	987	0
862	987	0
863	987	0
864	987	0
870	987	0
873	987	0
874	987	0
875	987	0
876	987	1
877	987	0
879	987	0
880	987	0
881	987	0
882	987	0
883	987	0
885	987	0
886	987	0
887	987	0
888	987	0
890	987	0
895	987	0
900	987	0
901	987	0
904	987	0
911	987	0
913	987	0
917	987	0
923	987	0
924	987	0
928	987	0
937	987	0
943	987	0
944	987	0
947	987	0
949	987	0
952	987	0
953	987	0
954	987	0
955	987	0
956	987	0
958	987	0
963	987	0
964	987	0
965	987	0
967	987	0
