0	1010	0
1	1010	0
2	1010	0
3	1010	0
4	1010	0
5	1010	0
6	1010	0
7	1010	0
8	1010	1
9	1010	0
10	1010	1
11	1010	0
12	1010	0
13	1010	0
14	1010	1
15	1010	0
16	1010	1
17	1010	0
18	1010	0
19	1010	0
20	1010	0
21	1010	0
22	1010	1
23	1010	0
24	1010	0
26	1010	0
27	1010	0
28	1010	0
29	1010	0
30	1010	0
31	1010	0
32	1010	0
33	1010	0
34	1010	0
35	1010	0
36	1010	0
37	1010	0
38	1010	0
39	1010	0
40	1010	0
42	1010	1
43	1010	0
44	1010	0
45	1010	0
46	1010	0
47	1010	0
48	1010	0
49	1010	0
50	1010	0
51	1010	0
52	1010	0
53	1010	0
54	1010	0
55	1010	0
56	1010	0
57	1010	0
58	1010	0
59	1010	0
60	1010	0
61	1010	0
62	1010	0
64	1010	0
65	1010	0
66	1010	0
67	1010	0
68	1010	0
69	1010	0
70	1010	0
71	1010	0
72	1010	0
73	1010	0
74	1010	0
75	1010	0
76	1010	0
77	1010	0
78	1010	0
79	1010	0
80	1010	0
81	1010	0
82	1010	0
83	1010	0
84	1010	0
85	1010	0
86	1010	0
87	1010	0
88	1010	0
89	1010	0
90	1010	0
91	1010	0
92	1010	0
93	1010	0
94	1010	0
95	1010	0
96	1010	1
97	1010	0
98	1010	1
99	1010	0
100	1010	0
101	1010	0
102	1010	0
103	1010	0
104	1010	0
105	1010	0
106	1010	0
109	1010	0
111	1010	0
112	1010	0
113	1010	0
114	1010	0
115	1010	1
116	1010	0
117	1010	0
118	1010	0
119	1010	0
120	1010	0
121	1010	0
122	1010	0
123	1010	0
124	1010	0
125	1010	0
130	1010	0
131	1010	0
132	1010	0
133	1010	0
134	1010	0
136	1010	0
137	1010	0
138	1010	0
139	1010	0
140	1010	0
141	1010	0
142	1010	0
143	1010	0
144	1010	0
146	1010	0
147	1010	0
149	1010	0
150	1010	0
151	1010	0
152	1010	0
153	1010	0
154	1010	0
155	1010	0
156	1010	0
157	1010	0
158	1010	0
159	1010	0
160	1010	0
161	1010	0
162	1010	0
163	1010	0
164	1010	0
165	1010	0
166	1010	0
168	1010	0
169	1010	0
170	1010	1
171	1010	0
172	1010	0
173	1010	0
174	1010	0
175	1010	0
176	1010	0
177	1010	0
178	1010	0
179	1010	0
180	1010	0
181	1010	0
182	1010	0
183	1010	0
184	1010	0
187	1010	0
188	1010	0
189	1010	0
190	1010	0
191	1010	1
192	1010	0
193	1010	0
194	1010	0
195	1010	0
196	1010	0
197	1010	1
200	1010	0
201	1010	0
202	1010	0
203	1010	0
204	1010	0
206	1010	1
207	1010	1
208	1010	0
210	1010	0
211	1010	0
212	1010	1
213	1010	0
214	1010	1
216	1010	0
217	1010	0
218	1010	0
219	1010	0
220	1010	0
221	1010	1
222	1010	0
223	1010	0
224	1010	0
225	1010	0
226	1010	0
227	1010	0
228	1010	0
229	1010	0
230	1010	0
231	1010	0
232	1010	0
233	1010	0
234	1010	0
235	1010	0
236	1010	0
237	1010	0
238	1010	0
239	1010	0
240	1010	0
241	1010	0
242	1010	0
244	1010	0
245	1010	0
246	1010	0
247	1010	0
248	1010	0
249	1010	0
250	1010	0
251	1010	0
252	1010	0
253	1010	0
254	1010	0
255	1010	0
256	1010	0
258	1010	0
259	1010	0
260	1010	0
261	1010	0
262	1010	0
263	1010	0
264	1010	0
265	1010	0
266	1010	0
267	1010	0
268	1010	0
269	1010	0
270	1010	0
271	1010	0
272	1010	0
274	1010	0
275	1010	0
276	1010	0
277	1010	0
278	1010	0
279	1010	0
280	1010	0
281	1010	0
282	1010	0
283	1010	0
284	1010	0
285	1010	0
286	1010	0
288	1010	1
289	1010	0
290	1010	0
291	1010	0
292	1010	0
293	1010	0
294	1010	0
295	1010	0
296	1010	0
297	1010	0
298	1010	1
299	1010	0
300	1010	0
301	1010	0
302	1010	0
303	1010	1
304	1010	0
305	1010	0
306	1010	0
307	1010	0
308	1010	0
309	1010	0
310	1010	0
311	1010	0
312	1010	1
313	1010	0
314	1010	0
315	1010	0
316	1010	1
317	1010	0
318	1010	0
319	1010	0
320	1010	0
321	1010	0
322	1010	0
323	1010	0
324	1010	0
325	1010	0
326	1010	0
327	1010	0
328	1010	1
329	1010	0
330	1010	0
331	1010	0
333	1010	1
334	1010	0
335	1010	0
336	1010	0
337	1010	0
338	1010	0
339	1010	0
340	1010	0
341	1010	0
342	1010	0
343	1010	0
344	1010	0
346	1010	0
347	1010	0
348	1010	0
349	1010	0
350	1010	1
354	1010	0
355	1010	0
356	1010	0
357	1010	0
358	1010	0
359	1010	0
360	1010	1
361	1010	0
363	1010	0
364	1010	0
365	1010	0
366	1010	0
367	1010	0
368	1010	0
370	1010	0
371	1010	0
372	1010	0
373	1010	0
374	1010	0
375	1010	0
377	1010	0
378	1010	1
379	1010	0
380	1010	0
381	1010	0
382	1010	0
383	1010	0
384	1010	0
385	1010	0
386	1010	0
387	1010	0
388	1010	0
390	1010	0
391	1010	0
393	1010	0
394	1010	0
395	1010	0
396	1010	0
397	1010	0
398	1010	0
399	1010	0
400	1010	0
401	1010	0
402	1010	0
403	1010	0
404	1010	0
405	1010	0
406	1010	0
408	1010	0
409	1010	0
410	1010	0
411	1010	0
412	1010	0
413	1010	1
414	1010	0
415	1010	0
416	1010	0
417	1010	0
418	1010	0
419	1010	0
420	1010	0
421	1010	0
422	1010	0
423	1010	0
424	1010	0
425	1010	0
426	1010	0
427	1010	0
428	1010	0
429	1010	0
430	1010	0
431	1010	0
432	1010	0
433	1010	0
434	1010	0
435	1010	0
436	1010	0
437	1010	0
438	1010	0
439	1010	0
440	1010	0
441	1010	0
442	1010	0
443	1010	0
444	1010	0
445	1010	0
446	1010	1
447	1010	0
448	1010	0
449	1010	0
450	1010	0
451	1010	0
452	1010	0
453	1010	0
454	1010	0
455	1010	0
456	1010	1
457	1010	0
458	1010	0
459	1010	0
460	1010	0
461	1010	0
462	1010	0
463	1010	0
464	1010	0
465	1010	0
466	1010	0
467	1010	0
468	1010	0
469	1010	0
470	1010	0
471	1010	0
472	1010	0
473	1010	0
474	1010	0
475	1010	0
476	1010	0
477	1010	0
478	1010	0
480	1010	0
481	1010	0
482	1010	0
483	1010	0
484	1010	0
485	1010	0
486	1010	0
487	1010	0
489	1010	0
490	1010	0
491	1010	0
492	1010	0
493	1010	0
495	1010	0
496	1010	0
497	1010	0
499	1010	0
500	1010	0
501	1010	0
502	1010	0
503	1010	0
505	1010	0
508	1010	1
509	1010	0
510	1010	0
511	1010	0
512	1010	0
513	1010	0
514	1010	1
515	1010	0
516	1010	0
517	1010	0
518	1010	1
519	1010	0
520	1010	1
521	1010	0
522	1010	0
523	1010	0
524	1010	0
525	1010	0
526	1010	0
527	1010	0
528	1010	0
529	1010	0
533	1010	0
534	1010	0
536	1010	0
537	1010	0
538	1010	0
540	1010	0
541	1010	0
542	1010	0
543	1010	0
544	1010	0
546	1010	0
547	1010	0
548	1010	0
549	1010	0
550	1010	0
551	1010	0
553	1010	0
554	1010	0
555	1010	0
556	1010	0
557	1010	0
558	1010	0
559	1010	0
560	1010	0
561	1010	0
562	1010	0
563	1010	0
564	1010	0
565	1010	0
566	1010	0
567	1010	0
568	1010	0
569	1010	0
570	1010	0
571	1010	0
572	1010	0
573	1010	0
574	1010	0
575	1010	0
576	1010	0
577	1010	0
578	1010	0
579	1010	1
580	1010	0
582	1010	0
583	1010	0
584	1010	0
585	1010	0
586	1010	0
587	1010	0
588	1010	0
589	1010	0
590	1010	0
591	1010	0
592	1010	0
593	1010	0
594	1010	0
595	1010	0
596	1010	0
597	1010	0
598	1010	0
599	1010	0
600	1010	0
601	1010	0
602	1010	0
604	1010	0
605	1010	0
606	1010	0
607	1010	0
608	1010	0
609	1010	0
611	1010	0
612	1010	0
613	1010	0
614	1010	0
615	1010	0
616	1010	0
617	1010	0
618	1010	0
619	1010	0
620	1010	0
621	1010	0
622	1010	0
624	1010	0
625	1010	0
626	1010	0
627	1010	0
628	1010	0
630	1010	0
631	1010	0
632	1010	0
633	1010	0
635	1010	0
636	1010	0
637	1010	0
640	1010	0
641	1010	0
642	1010	0
643	1010	0
644	1010	0
645	1010	0
646	1010	0
647	1010	0
648	1010	0
649	1010	0
650	1010	0
651	1010	1
652	1010	0
653	1010	0
654	1010	0
655	1010	0
658	1010	0
659	1010	0
661	1010	0
662	1010	0
663	1010	0
664	1010	1
666	1010	0
667	1010	1
668	1010	0
669	1010	0
670	1010	0
671	1010	0
672	1010	0
673	1010	0
674	1010	0
675	1010	0
676	1010	0
680	1010	0
682	1010	0
683	1010	0
684	1010	0
685	1010	0
686	1010	0
688	1010	0
689	1010	0
690	1010	0
691	1010	0
692	1010	0
693	1010	0
694	1010	0
695	1010	1
696	1010	0
697	1010	0
698	1010	0
699	1010	0
700	1010	0
701	1010	0
702	1010	0
703	1010	0
704	1010	0
705	1010	0
706	1010	0
707	1010	0
708	1010	0
709	1010	0
710	1010	0
711	1010	0
713	1010	0
714	1010	0
715	1010	0
716	1010	0
717	1010	0
718	1010	0
720	1010	0
721	1010	0
722	1010	0
728	1010	0
730	1010	0
731	1010	0
732	1010	1
733	1010	0
734	1010	0
735	1010	0
736	1010	0
737	1010	0
738	1010	1
739	1010	0
740	1010	0
741	1010	0
742	1010	0
743	1010	0
744	1010	0
745	1010	0
746	1010	0
747	1010	0
748	1010	1
749	1010	0
750	1010	1
751	1010	0
752	1010	0
753	1010	0
754	1010	0
755	1010	0
756	1010	0
757	1010	0
758	1010	0
759	1010	1
760	1010	0
761	1010	0
762	1010	0
763	1010	0
764	1010	0
765	1010	0
766	1010	0
767	1010	0
768	1010	0
769	1010	0
770	1010	0
771	1010	0
772	1010	0
773	1010	0
774	1010	1
775	1010	0
776	1010	0
777	1010	0
778	1010	0
779	1010	0
780	1010	0
783	1010	0
784	1010	0
785	1010	0
786	1010	0
787	1010	0
788	1010	0
789	1010	0
790	1010	0
791	1010	0
794	1010	0
796	1010	0
797	1010	0
798	1010	0
799	1010	0
800	1010	0
801	1010	0
802	1010	0
803	1010	1
804	1010	0
806	1010	0
807	1010	0
808	1010	0
809	1010	0
810	1010	0
811	1010	0
814	1010	0
816	1010	0
817	1010	0
819	1010	0
820	1010	0
821	1010	0
824	1010	0
825	1010	0
827	1010	0
828	1010	0
829	1010	1
830	1010	0
831	1010	0
832	1010	1
833	1010	0
834	1010	0
835	1010	0
836	1010	0
837	1010	1
839	1010	0
840	1010	0
841	1010	0
843	1010	0
844	1010	0
845	1010	0
846	1010	0
847	1010	0
848	1010	0
849	1010	0
850	1010	0
851	1010	0
852	1010	0
853	1010	0
854	1010	0
855	1010	0
856	1010	0
857	1010	0
858	1010	0
859	1010	0
860	1010	0
861	1010	0
862	1010	0
863	1010	0
864	1010	1
865	1010	0
866	1010	0
867	1010	0
868	1010	0
869	1010	0
870	1010	0
872	1010	0
873	1010	0
874	1010	0
875	1010	0
876	1010	0
877	1010	0
879	1010	0
880	1010	0
881	1010	0
882	1010	0
883	1010	1
884	1010	0
885	1010	0
886	1010	0
887	1010	0
888	1010	0
889	1010	0
890	1010	0
891	1010	0
892	1010	0
893	1010	0
894	1010	0
895	1010	0
896	1010	0
897	1010	0
898	1010	0
900	1010	0
901	1010	0
902	1010	0
903	1010	0
904	1010	0
905	1010	0
906	1010	0
907	1010	0
908	1010	0
909	1010	0
911	1010	0
912	1010	0
913	1010	0
914	1010	0
916	1010	0
917	1010	0
918	1010	0
919	1010	0
920	1010	0
921	1010	0
922	1010	0
923	1010	0
924	1010	0
925	1010	0
927	1010	0
928	1010	0
930	1010	0
931	1010	0
933	1010	0
934	1010	0
936	1010	0
937	1010	0
939	1010	0
940	1010	0
941	1010	0
942	1010	0
943	1010	0
944	1010	0
945	1010	0
946	1010	0
947	1010	0
948	1010	0
949	1010	0
950	1010	0
952	1010	0
953	1010	0
954	1010	0
955	1010	0
956	1010	1
958	1010	1
961	1010	0
962	1010	0
963	1010	0
964	1010	0
965	1010	0
966	1010	0
967	1010	0
