0	1186	0
1	1186	0
2	1186	0
3	1186	0
4	1186	1
5	1186	0
6	1186	0
7	1186	0
8	1186	0
9	1186	1
10	1186	1
11	1186	0
12	1186	0
13	1186	0
14	1186	0
15	1186	0
16	1186	0
17	1186	1
18	1186	0
19	1186	0
20	1186	1
21	1186	0
22	1186	0
23	1186	0
24	1186	1
25	1186	0
26	1186	0
27	1186	0
28	1186	0
29	1186	0
30	1186	0
31	1186	0
32	1186	0
33	1186	0
34	1186	0
35	1186	0
36	1186	0
37	1186	0
38	1186	0
39	1186	0
40	1186	1
41	1186	0
42	1186	0
43	1186	0
44	1186	0
45	1186	0
46	1186	1
47	1186	1
48	1186	0
49	1186	1
50	1186	0
51	1186	0
52	1186	0
53	1186	0
54	1186	0
55	1186	0
56	1186	0
58	1186	0
59	1186	0
60	1186	0
61	1186	0
62	1186	0
63	1186	0
64	1186	0
65	1186	0
66	1186	0
67	1186	0
68	1186	0
69	1186	0
70	1186	0
71	1186	0
72	1186	0
73	1186	0
74	1186	0
75	1186	0
77	1186	0
78	1186	0
79	1186	1
80	1186	0
81	1186	0
82	1186	0
83	1186	1
84	1186	0
85	1186	0
86	1186	0
88	1186	0
89	1186	0
90	1186	0
91	1186	0
92	1186	0
94	1186	0
95	1186	0
96	1186	0
97	1186	0
98	1186	0
99	1186	1
100	1186	0
101	1186	0
102	1186	0
103	1186	0
104	1186	0
105	1186	0
106	1186	0
107	1186	0
108	1186	0
109	1186	1
110	1186	0
111	1186	0
112	1186	0
113	1186	0
114	1186	0
115	1186	1
116	1186	0
117	1186	0
118	1186	0
120	1186	0
121	1186	0
122	1186	0
123	1186	1
124	1186	0
125	1186	0
129	1186	0
130	1186	0
131	1186	0
132	1186	0
133	1186	0
134	1186	0
135	1186	0
136	1186	0
137	1186	0
138	1186	0
139	1186	0
140	1186	1
141	1186	0
142	1186	0
143	1186	0
144	1186	0
145	1186	0
146	1186	0
147	1186	0
148	1186	0
149	1186	0
150	1186	0
151	1186	0
153	1186	0
154	1186	0
155	1186	0
156	1186	1
157	1186	0
158	1186	0
159	1186	0
160	1186	0
161	1186	0
162	1186	0
163	1186	0
165	1186	1
166	1186	1
167	1186	0
168	1186	1
169	1186	0
170	1186	0
171	1186	0
172	1186	0
173	1186	0
174	1186	0
175	1186	0
177	1186	0
178	1186	0
179	1186	0
180	1186	0
181	1186	0
182	1186	0
183	1186	0
184	1186	0
186	1186	0
187	1186	0
188	1186	1
189	1186	0
190	1186	0
191	1186	0
192	1186	0
194	1186	0
195	1186	0
196	1186	0
197	1186	1
198	1186	0
199	1186	1
200	1186	0
201	1186	0
202	1186	0
203	1186	0
204	1186	0
206	1186	0
207	1186	0
208	1186	0
209	1186	1
210	1186	0
211	1186	0
212	1186	1
213	1186	1
214	1186	0
215	1186	0
216	1186	0
217	1186	1
218	1186	0
219	1186	0
220	1186	0
221	1186	0
223	1186	1
224	1186	0
225	1186	1
226	1186	0
227	1186	0
228	1186	0
229	1186	0
230	1186	0
231	1186	0
233	1186	0
234	1186	0
235	1186	0
236	1186	0
237	1186	0
238	1186	0
239	1186	0
240	1186	0
241	1186	0
242	1186	0
243	1186	0
244	1186	0
245	1186	0
246	1186	0
247	1186	0
248	1186	0
249	1186	0
250	1186	0
251	1186	0
252	1186	0
253	1186	0
254	1186	0
255	1186	0
256	1186	0
257	1186	0
258	1186	0
259	1186	0
261	1186	0
262	1186	0
263	1186	1
264	1186	0
265	1186	0
266	1186	0
267	1186	0
268	1186	0
270	1186	0
271	1186	0
272	1186	0
273	1186	0
274	1186	0
275	1186	0
276	1186	0
277	1186	0
278	1186	0
279	1186	0
280	1186	0
281	1186	0
282	1186	0
283	1186	0
284	1186	0
285	1186	0
286	1186	0
287	1186	0
288	1186	1
289	1186	0
290	1186	0
291	1186	0
292	1186	0
293	1186	0
294	1186	0
295	1186	0
296	1186	0
297	1186	0
298	1186	1
299	1186	1
300	1186	0
302	1186	0
303	1186	0
304	1186	0
305	1186	0
306	1186	0
307	1186	0
308	1186	0
309	1186	0
310	1186	0
311	1186	1
312	1186	0
313	1186	0
314	1186	0
316	1186	0
317	1186	0
318	1186	0
319	1186	0
320	1186	0
321	1186	0
322	1186	0
323	1186	0
324	1186	0
325	1186	0
326	1186	0
327	1186	0
328	1186	0
329	1186	0
330	1186	0
331	1186	0
332	1186	0
333	1186	0
334	1186	0
335	1186	0
336	1186	0
337	1186	0
338	1186	0
339	1186	0
340	1186	0
341	1186	0
342	1186	0
343	1186	0
344	1186	0
345	1186	0
346	1186	0
347	1186	0
348	1186	0
349	1186	0
350	1186	0
351	1186	0
352	1186	0
353	1186	0
354	1186	0
355	1186	0
356	1186	0
357	1186	0
358	1186	0
359	1186	0
360	1186	0
361	1186	0
362	1186	0
363	1186	1
364	1186	0
365	1186	0
366	1186	0
367	1186	0
368	1186	0
369	1186	0
370	1186	0
371	1186	0
372	1186	0
373	1186	1
374	1186	0
375	1186	1
376	1186	0
377	1186	0
378	1186	1
379	1186	0
380	1186	0
381	1186	0
382	1186	0
383	1186	0
384	1186	1
385	1186	0
386	1186	0
387	1186	0
388	1186	0
389	1186	0
390	1186	0
391	1186	0
392	1186	0
393	1186	0
394	1186	0
395	1186	0
396	1186	1
397	1186	0
398	1186	0
399	1186	0
400	1186	0
402	1186	0
403	1186	0
404	1186	0
405	1186	0
406	1186	0
407	1186	0
408	1186	0
409	1186	0
410	1186	0
411	1186	0
412	1186	1
413	1186	0
414	1186	0
415	1186	0
416	1186	1
417	1186	0
418	1186	0
419	1186	0
420	1186	0
421	1186	0
422	1186	0
423	1186	0
424	1186	0
425	1186	0
426	1186	0
427	1186	0
428	1186	0
429	1186	0
430	1186	0
431	1186	0
432	1186	0
433	1186	1
434	1186	0
435	1186	0
436	1186	0
437	1186	0
439	1186	0
440	1186	0
441	1186	0
442	1186	1
443	1186	0
444	1186	0
445	1186	0
446	1186	1
448	1186	0
449	1186	0
450	1186	0
451	1186	0
452	1186	0
453	1186	0
454	1186	0
455	1186	0
456	1186	0
457	1186	1
458	1186	0
459	1186	0
460	1186	0
461	1186	0
462	1186	0
463	1186	0
464	1186	1
465	1186	1
466	1186	1
467	1186	0
468	1186	0
470	1186	1
471	1186	0
472	1186	0
473	1186	0
474	1186	0
475	1186	1
476	1186	0
477	1186	0
478	1186	0
479	1186	0
480	1186	1
481	1186	0
482	1186	0
483	1186	0
484	1186	0
485	1186	0
486	1186	0
487	1186	0
488	1186	1
489	1186	0
490	1186	0
491	1186	0
492	1186	0
493	1186	0
494	1186	0
495	1186	0
496	1186	0
497	1186	0
498	1186	0
500	1186	0
501	1186	0
502	1186	0
503	1186	0
504	1186	1
505	1186	0
506	1186	0
508	1186	1
509	1186	0
510	1186	0
511	1186	0
512	1186	0
513	1186	0
514	1186	1
515	1186	0
516	1186	0
517	1186	0
518	1186	1
519	1186	0
520	1186	0
521	1186	1
522	1186	0
523	1186	1
525	1186	0
527	1186	0
528	1186	0
529	1186	0
530	1186	1
531	1186	0
533	1186	1
534	1186	0
535	1186	0
536	1186	0
537	1186	0
538	1186	0
539	1186	0
540	1186	0
541	1186	1
542	1186	0
543	1186	0
544	1186	0
545	1186	0
546	1186	0
547	1186	0
548	1186	0
549	1186	0
550	1186	0
551	1186	1
552	1186	0
553	1186	1
554	1186	0
555	1186	0
556	1186	0
557	1186	0
558	1186	0
559	1186	0
560	1186	1
561	1186	0
562	1186	0
563	1186	0
564	1186	0
565	1186	0
567	1186	0
568	1186	0
569	1186	0
570	1186	0
571	1186	0
572	1186	0
573	1186	0
574	1186	0
575	1186	0
576	1186	0
577	1186	0
578	1186	0
579	1186	0
580	1186	0
581	1186	0
582	1186	0
583	1186	0
584	1186	0
585	1186	0
586	1186	0
587	1186	0
588	1186	0
589	1186	0
590	1186	0
591	1186	0
593	1186	0
595	1186	0
596	1186	0
597	1186	0
599	1186	0
600	1186	0
601	1186	0
602	1186	0
604	1186	1
605	1186	1
606	1186	0
607	1186	0
608	1186	0
609	1186	0
611	1186	0
612	1186	0
613	1186	0
614	1186	0
615	1186	1
616	1186	0
617	1186	0
618	1186	0
619	1186	0
620	1186	1
621	1186	0
622	1186	0
624	1186	1
625	1186	0
627	1186	0
628	1186	0
630	1186	0
633	1186	0
634	1186	0
635	1186	0
636	1186	0
637	1186	0
638	1186	1
639	1186	0
640	1186	0
641	1186	0
642	1186	0
643	1186	1
644	1186	0
645	1186	0
646	1186	0
647	1186	0
648	1186	0
649	1186	1
650	1186	0
651	1186	0
653	1186	0
654	1186	0
655	1186	0
656	1186	0
657	1186	0
658	1186	0
659	1186	0
660	1186	0
661	1186	0
662	1186	0
663	1186	0
664	1186	0
665	1186	1
666	1186	0
667	1186	1
668	1186	0
669	1186	0
670	1186	0
671	1186	0
672	1186	0
673	1186	0
674	1186	0
675	1186	0
676	1186	0
677	1186	0
678	1186	0
679	1186	0
680	1186	0
681	1186	0
682	1186	0
683	1186	0
684	1186	0
685	1186	0
686	1186	0
687	1186	0
688	1186	0
689	1186	0
690	1186	0
691	1186	0
692	1186	0
693	1186	0
694	1186	0
695	1186	1
696	1186	0
697	1186	0
698	1186	0
699	1186	0
700	1186	1
701	1186	0
702	1186	0
703	1186	0
704	1186	0
705	1186	0
706	1186	1
707	1186	0
708	1186	1
709	1186	1
710	1186	1
711	1186	0
712	1186	0
713	1186	0
714	1186	0
716	1186	0
717	1186	0
718	1186	0
719	1186	0
720	1186	0
721	1186	0
722	1186	0
723	1186	0
724	1186	0
725	1186	1
726	1186	0
727	1186	0
728	1186	0
729	1186	0
730	1186	1
731	1186	0
732	1186	0
733	1186	1
734	1186	0
735	1186	0
736	1186	0
737	1186	0
738	1186	0
739	1186	0
740	1186	0
741	1186	0
742	1186	0
745	1186	0
746	1186	0
747	1186	0
748	1186	0
749	1186	1
750	1186	0
751	1186	0
752	1186	0
753	1186	0
754	1186	0
755	1186	0
756	1186	0
757	1186	1
758	1186	0
759	1186	0
760	1186	1
761	1186	0
762	1186	0
764	1186	0
765	1186	0
766	1186	0
767	1186	0
768	1186	0
769	1186	0
770	1186	0
771	1186	0
772	1186	0
773	1186	0
775	1186	0
777	1186	0
778	1186	0
779	1186	0
780	1186	0
781	1186	0
782	1186	0
783	1186	0
784	1186	1
785	1186	0
786	1186	0
787	1186	0
788	1186	0
789	1186	0
790	1186	1
791	1186	0
792	1186	0
793	1186	0
794	1186	0
795	1186	0
796	1186	0
797	1186	0
798	1186	0
799	1186	0
800	1186	0
801	1186	0
802	1186	0
803	1186	0
804	1186	0
805	1186	1
806	1186	0
807	1186	1
808	1186	0
809	1186	0
810	1186	0
811	1186	0
814	1186	0
816	1186	0
817	1186	0
818	1186	0
819	1186	0
820	1186	0
822	1186	0
823	1186	0
824	1186	0
826	1186	0
827	1186	0
829	1186	1
830	1186	1
831	1186	1
832	1186	1
833	1186	0
835	1186	0
836	1186	0
837	1186	0
838	1186	0
839	1186	0
840	1186	0
841	1186	0
842	1186	0
843	1186	0
844	1186	0
845	1186	0
846	1186	0
847	1186	0
848	1186	0
849	1186	0
850	1186	0
851	1186	0
852	1186	0
853	1186	0
854	1186	0
855	1186	0
857	1186	0
858	1186	0
859	1186	0
860	1186	0
861	1186	0
862	1186	0
863	1186	0
864	1186	0
865	1186	1
866	1186	0
867	1186	1
868	1186	0
869	1186	0
870	1186	0
871	1186	0
872	1186	0
873	1186	0
874	1186	0
875	1186	0
876	1186	0
877	1186	0
878	1186	1
880	1186	0
881	1186	0
882	1186	0
883	1186	0
884	1186	0
885	1186	0
886	1186	0
887	1186	0
888	1186	0
889	1186	0
890	1186	0
891	1186	0
892	1186	0
893	1186	0
894	1186	0
895	1186	0
896	1186	0
897	1186	0
898	1186	0
900	1186	0
901	1186	0
902	1186	0
903	1186	0
904	1186	1
905	1186	0
907	1186	0
908	1186	0
909	1186	0
910	1186	0
911	1186	0
912	1186	0
913	1186	0
914	1186	0
915	1186	0
916	1186	1
917	1186	0
918	1186	0
919	1186	0
920	1186	0
921	1186	0
922	1186	0
923	1186	1
924	1186	0
925	1186	0
926	1186	0
927	1186	0
928	1186	0
929	1186	0
930	1186	0
931	1186	1
933	1186	1
934	1186	0
935	1186	0
936	1186	0
937	1186	0
939	1186	0
940	1186	1
941	1186	0
942	1186	0
943	1186	0
944	1186	0
945	1186	0
946	1186	0
947	1186	0
948	1186	0
949	1186	0
950	1186	0
953	1186	0
954	1186	0
955	1186	0
956	1186	1
957	1186	0
958	1186	0
959	1186	0
960	1186	0
961	1186	0
962	1186	0
963	1186	0
964	1186	0
965	1186	1
966	1186	0
967	1186	0
