1	1194	0
4	1194	0
6	1194	0
10	1194	0
11	1194	0
12	1194	0
13	1194	0
15	1194	0
16	1194	0
17	1194	0
19	1194	1
20	1194	0
22	1194	0
24	1194	0
25	1194	0
26	1194	0
27	1194	0
28	1194	0
30	1194	0
31	1194	0
32	1194	1
34	1194	1
37	1194	0
38	1194	0
39	1194	0
40	1194	0
44	1194	0
47	1194	0
49	1194	0
53	1194	0
55	1194	0
59	1194	0
60	1194	0
61	1194	0
62	1194	0
67	1194	0
68	1194	0
75	1194	0
77	1194	0
79	1194	0
83	1194	0
86	1194	0
90	1194	0
91	1194	0
92	1194	0
93	1194	0
95	1194	0
98	1194	0
102	1194	1
103	1194	0
104	1194	1
105	1194	0
106	1194	0
107	1194	0
113	1194	0
117	1194	0
118	1194	0
120	1194	1
122	1194	0
124	1194	0
131	1194	0
132	1194	0
136	1194	0
139	1194	0
140	1194	0
141	1194	0
143	1194	0
144	1194	0
145	1194	0
147	1194	0
148	1194	0
151	1194	0
153	1194	0
156	1194	0
159	1194	0
160	1194	0
161	1194	0
163	1194	0
165	1194	1
166	1194	0
167	1194	0
174	1194	0
178	1194	0
183	1194	0
185	1194	1
186	1194	0
187	1194	0
188	1194	0
189	1194	0
190	1194	0
191	1194	1
192	1194	1
193	1194	0
194	1194	1
195	1194	0
196	1194	0
197	1194	1
198	1194	0
199	1194	0
200	1194	0
201	1194	0
202	1194	0
203	1194	0
204	1194	1
207	1194	1
209	1194	0
210	1194	0
212	1194	1
213	1194	0
214	1194	0
215	1194	0
216	1194	0
220	1194	0
222	1194	0
224	1194	0
228	1194	0
231	1194	0
232	1194	1
233	1194	0
235	1194	0
236	1194	0
237	1194	0
238	1194	0
239	1194	0
240	1194	0
241	1194	0
242	1194	0
243	1194	0
245	1194	0
246	1194	0
247	1194	1
250	1194	0
251	1194	0
254	1194	0
256	1194	0
257	1194	0
259	1194	0
260	1194	1
264	1194	0
265	1194	0
266	1194	0
268	1194	0
271	1194	0
272	1194	0
273	1194	0
274	1194	0
275	1194	0
276	1194	0
277	1194	0
280	1194	0
281	1194	0
285	1194	0
287	1194	0
288	1194	0
301	1194	0
302	1194	0
304	1194	0
306	1194	0
307	1194	0
308	1194	0
310	1194	0
311	1194	1
313	1194	0
314	1194	0
317	1194	1
319	1194	0
322	1194	0
323	1194	1
325	1194	0
326	1194	0
327	1194	1
328	1194	0
329	1194	0
330	1194	0
333	1194	0
335	1194	0
338	1194	0
339	1194	0
341	1194	0
344	1194	0
346	1194	0
351	1194	0
352	1194	0
355	1194	0
356	1194	0
357	1194	0
359	1194	0
362	1194	0
363	1194	0
365	1194	0
366	1194	0
367	1194	0
376	1194	0
377	1194	0
379	1194	0
381	1194	0
382	1194	0
385	1194	0
388	1194	0
391	1194	0
401	1194	0
403	1194	0
405	1194	0
407	1194	0
409	1194	0
410	1194	0
412	1194	0
414	1194	0
415	1194	0
416	1194	0
422	1194	0
425	1194	0
426	1194	0
427	1194	0
428	1194	0
429	1194	0
430	1194	0
431	1194	1
432	1194	0
433	1194	0
434	1194	0
438	1194	0
439	1194	0
443	1194	0
445	1194	0
447	1194	0
448	1194	0
449	1194	0
450	1194	0
451	1194	0
452	1194	0
454	1194	1
459	1194	0
461	1194	0
462	1194	0
464	1194	0
469	1194	0
471	1194	0
474	1194	0
475	1194	0
481	1194	0
483	1194	0
484	1194	0
485	1194	0
487	1194	0
492	1194	0
494	1194	0
497	1194	0
499	1194	1
500	1194	0
501	1194	0
502	1194	0
515	1194	1
518	1194	0
519	1194	0
520	1194	1
521	1194	0
522	1194	1
524	1194	0
525	1194	1
527	1194	0
528	1194	0
529	1194	0
530	1194	0
531	1194	0
536	1194	0
538	1194	0
540	1194	1
541	1194	0
544	1194	0
546	1194	0
547	1194	0
550	1194	0
551	1194	1
553	1194	0
555	1194	0
557	1194	0
560	1194	0
561	1194	0
562	1194	0
563	1194	1
569	1194	0
570	1194	0
571	1194	0
572	1194	0
574	1194	0
575	1194	0
581	1194	0
583	1194	0
586	1194	0
587	1194	0
589	1194	0
595	1194	0
596	1194	0
599	1194	0
604	1194	0
605	1194	1
608	1194	0
611	1194	0
612	1194	0
616	1194	0
619	1194	0
622	1194	0
626	1194	0
627	1194	0
630	1194	0
632	1194	0
633	1194	0
636	1194	0
637	1194	0
638	1194	1
639	1194	0
641	1194	0
642	1194	0
643	1194	0
644	1194	0
646	1194	0
647	1194	0
648	1194	0
649	1194	0
650	1194	0
651	1194	1
654	1194	0
655	1194	0
657	1194	1
660	1194	0
662	1194	0
663	1194	1
664	1194	0
665	1194	0
667	1194	0
670	1194	0
672	1194	0
674	1194	0
677	1194	0
678	1194	0
680	1194	0
681	1194	0
682	1194	0
683	1194	0
685	1194	0
686	1194	0
687	1194	0
688	1194	0
690	1194	0
698	1194	0
703	1194	1
707	1194	0
709	1194	0
710	1194	0
712	1194	0
714	1194	1
715	1194	1
717	1194	0
719	1194	0
722	1194	0
723	1194	0
724	1194	0
725	1194	0
726	1194	0
730	1194	0
734	1194	0
735	1194	0
736	1194	0
738	1194	1
740	1194	0
741	1194	0
742	1194	0
743	1194	0
746	1194	0
748	1194	0
749	1194	0
750	1194	1
752	1194	0
753	1194	0
754	1194	0
758	1194	0
759	1194	0
761	1194	0
764	1194	0
766	1194	0
768	1194	0
769	1194	0
770	1194	0
772	1194	0
773	1194	0
777	1194	1
778	1194	0
779	1194	1
781	1194	0
782	1194	0
784	1194	1
785	1194	0
786	1194	0
787	1194	0
789	1194	0
790	1194	0
791	1194	0
793	1194	0
794	1194	0
795	1194	0
796	1194	1
797	1194	0
798	1194	0
800	1194	1
802	1194	0
805	1194	1
806	1194	0
808	1194	0
810	1194	0
811	1194	0
816	1194	1
818	1194	0
823	1194	0
824	1194	1
825	1194	0
826	1194	0
829	1194	0
834	1194	0
835	1194	0
843	1194	0
848	1194	0
849	1194	0
850	1194	0
852	1194	1
853	1194	0
854	1194	0
855	1194	0
859	1194	0
861	1194	0
864	1194	0
865	1194	0
868	1194	0
870	1194	1
873	1194	1
874	1194	0
876	1194	0
878	1194	0
880	1194	0
882	1194	0
883	1194	0
885	1194	0
887	1194	0
889	1194	0
890	1194	0
891	1194	0
892	1194	0
893	1194	0
894	1194	0
895	1194	0
896	1194	0
898	1194	0
905	1194	0
907	1194	0
910	1194	0
911	1194	0
912	1194	0
913	1194	0
915	1194	0
916	1194	0
917	1194	0
918	1194	0
919	1194	0
920	1194	0
921	1194	0
923	1194	1
926	1194	0
929	1194	0
934	1194	0
935	1194	0
936	1194	0
941	1194	0
943	1194	1
944	1194	0
945	1194	0
953	1194	0
954	1194	0
955	1194	0
956	1194	1
957	1194	0
959	1194	0
961	1194	0
964	1194	0
965	1194	1
966	1194	0
