0	1172	0
1	1172	0
2	1172	0
3	1172	0
5	1172	0
6	1172	0
7	1172	0
8	1172	1
9	1172	0
10	1172	1
11	1172	0
12	1172	0
13	1172	0
16	1172	0
17	1172	0
18	1172	0
19	1172	0
20	1172	0
21	1172	0
22	1172	1
23	1172	0
24	1172	0
25	1172	0
26	1172	0
30	1172	0
31	1172	1
32	1172	0
33	1172	0
34	1172	0
36	1172	0
38	1172	0
39	1172	1
40	1172	0
41	1172	0
42	1172	0
43	1172	0
45	1172	0
46	1172	0
47	1172	0
48	1172	0
49	1172	0
51	1172	1
53	1172	0
54	1172	1
55	1172	1
58	1172	1
59	1172	0
60	1172	0
61	1172	0
62	1172	0
63	1172	0
64	1172	1
65	1172	0
66	1172	0
68	1172	0
69	1172	0
70	1172	0
71	1172	0
72	1172	0
74	1172	0
75	1172	0
77	1172	0
78	1172	1
79	1172	1
80	1172	0
81	1172	0
82	1172	0
83	1172	0
84	1172	1
85	1172	0
86	1172	0
87	1172	0
89	1172	0
90	1172	0
91	1172	0
92	1172	0
93	1172	0
94	1172	0
95	1172	0
96	1172	0
97	1172	0
98	1172	0
99	1172	0
100	1172	1
101	1172	0
102	1172	0
104	1172	0
105	1172	0
107	1172	0
108	1172	0
109	1172	0
110	1172	0
111	1172	0
112	1172	0
113	1172	0
114	1172	0
115	1172	0
116	1172	0
117	1172	0
120	1172	0
121	1172	0
124	1172	1
125	1172	0
129	1172	0
130	1172	0
131	1172	0
132	1172	0
133	1172	0
134	1172	0
135	1172	0
136	1172	1
137	1172	0
138	1172	0
139	1172	0
140	1172	0
141	1172	0
142	1172	1
143	1172	0
144	1172	0
145	1172	0
146	1172	0
147	1172	0
148	1172	1
149	1172	0
151	1172	0
152	1172	1
153	1172	0
154	1172	0
155	1172	0
156	1172	1
157	1172	0
158	1172	0
159	1172	0
160	1172	0
162	1172	0
163	1172	0
164	1172	1
165	1172	1
166	1172	0
168	1172	0
169	1172	1
170	1172	0
171	1172	0
172	1172	0
173	1172	0
174	1172	0
175	1172	0
179	1172	0
180	1172	0
181	1172	0
182	1172	0
184	1172	0
187	1172	0
188	1172	0
190	1172	0
191	1172	0
192	1172	0
193	1172	1
194	1172	0
195	1172	0
196	1172	0
197	1172	0
198	1172	0
199	1172	0
200	1172	0
201	1172	0
202	1172	0
203	1172	0
204	1172	0
206	1172	0
207	1172	0
208	1172	0
209	1172	0
210	1172	0
211	1172	0
212	1172	0
213	1172	0
214	1172	0
216	1172	0
217	1172	0
218	1172	0
219	1172	0
221	1172	0
222	1172	0
223	1172	1
224	1172	0
225	1172	0
227	1172	0
228	1172	0
229	1172	0
232	1172	1
233	1172	0
234	1172	0
235	1172	0
236	1172	0
237	1172	0
239	1172	0
240	1172	0
245	1172	0
246	1172	0
248	1172	0
249	1172	1
250	1172	0
251	1172	0
253	1172	1
255	1172	0
257	1172	0
258	1172	0
259	1172	0
260	1172	0
261	1172	0
262	1172	0
263	1172	0
264	1172	0
265	1172	0
266	1172	0
267	1172	0
268	1172	0
270	1172	1
271	1172	0
272	1172	0
273	1172	0
274	1172	0
275	1172	0
277	1172	0
280	1172	0
281	1172	0
283	1172	0
284	1172	0
285	1172	0
286	1172	0
288	1172	0
289	1172	0
290	1172	0
291	1172	0
293	1172	1
295	1172	0
296	1172	0
298	1172	1
303	1172	1
304	1172	0
305	1172	0
308	1172	0
310	1172	1
312	1172	1
313	1172	0
314	1172	0
315	1172	0
316	1172	0
317	1172	0
318	1172	0
319	1172	0
321	1172	0
322	1172	0
323	1172	0
324	1172	0
325	1172	1
326	1172	0
327	1172	0
328	1172	0
329	1172	0
330	1172	0
331	1172	1
332	1172	0
333	1172	1
334	1172	0
336	1172	0
337	1172	0
338	1172	0
340	1172	1
341	1172	0
343	1172	0
344	1172	1
345	1172	0
346	1172	0
347	1172	0
348	1172	0
350	1172	0
356	1172	0
358	1172	0
359	1172	0
360	1172	0
361	1172	0
362	1172	0
363	1172	0
364	1172	0
365	1172	0
366	1172	0
367	1172	0
369	1172	0
370	1172	0
371	1172	0
372	1172	0
373	1172	0
374	1172	0
376	1172	0
377	1172	0
378	1172	1
379	1172	1
380	1172	0
381	1172	0
382	1172	0
383	1172	0
384	1172	0
385	1172	0
386	1172	0
387	1172	0
388	1172	0
389	1172	0
391	1172	0
393	1172	0
394	1172	1
395	1172	0
397	1172	0
398	1172	0
399	1172	0
401	1172	0
402	1172	0
403	1172	0
404	1172	0
405	1172	0
406	1172	0
407	1172	0
408	1172	0
409	1172	0
410	1172	0
412	1172	0
414	1172	0
415	1172	0
416	1172	0
417	1172	0
418	1172	0
420	1172	0
421	1172	0
422	1172	0
423	1172	0
424	1172	1
425	1172	0
428	1172	0
429	1172	0
430	1172	0
431	1172	0
432	1172	0
433	1172	0
435	1172	0
436	1172	0
437	1172	0
438	1172	0
439	1172	0
440	1172	0
441	1172	0
442	1172	0
443	1172	0
444	1172	0
445	1172	0
446	1172	0
447	1172	1
448	1172	0
449	1172	0
450	1172	0
452	1172	0
453	1172	0
454	1172	0
455	1172	0
456	1172	0
457	1172	0
458	1172	0
459	1172	0
461	1172	0
462	1172	0
464	1172	0
465	1172	0
466	1172	0
467	1172	0
468	1172	0
470	1172	0
473	1172	0
475	1172	0
476	1172	0
477	1172	0
478	1172	0
479	1172	0
480	1172	0
481	1172	0
483	1172	0
484	1172	0
485	1172	0
486	1172	0
487	1172	0
488	1172	0
489	1172	0
490	1172	0
491	1172	0
492	1172	0
494	1172	0
496	1172	0
497	1172	1
498	1172	0
499	1172	0
500	1172	0
501	1172	0
503	1172	0
504	1172	1
505	1172	0
506	1172	0
507	1172	1
508	1172	0
509	1172	0
510	1172	0
511	1172	0
512	1172	0
513	1172	0
514	1172	1
515	1172	0
516	1172	0
517	1172	0
518	1172	0
519	1172	0
520	1172	0
521	1172	0
522	1172	0
523	1172	0
524	1172	1
525	1172	0
526	1172	0
527	1172	0
528	1172	0
529	1172	0
530	1172	0
533	1172	0
534	1172	0
535	1172	0
536	1172	0
538	1172	0
539	1172	0
540	1172	0
541	1172	0
542	1172	0
543	1172	0
544	1172	0
545	1172	0
546	1172	0
547	1172	0
550	1172	0
551	1172	0
553	1172	0
556	1172	0
557	1172	0
558	1172	0
560	1172	0
561	1172	0
562	1172	0
563	1172	0
565	1172	0
566	1172	0
567	1172	1
568	1172	0
569	1172	0
574	1172	0
575	1172	0
576	1172	0
577	1172	0
579	1172	1
580	1172	0
581	1172	0
582	1172	0
583	1172	0
584	1172	1
585	1172	0
588	1172	0
589	1172	0
591	1172	0
593	1172	0
595	1172	0
596	1172	0
597	1172	1
598	1172	0
599	1172	0
600	1172	0
601	1172	0
602	1172	0
604	1172	0
606	1172	0
607	1172	0
608	1172	0
609	1172	0
612	1172	0
613	1172	0
614	1172	0
615	1172	0
616	1172	0
617	1172	0
618	1172	0
619	1172	0
620	1172	0
621	1172	0
622	1172	0
624	1172	0
625	1172	0
627	1172	0
628	1172	0
630	1172	0
632	1172	0
633	1172	0
634	1172	0
637	1172	0
638	1172	0
639	1172	0
640	1172	0
641	1172	0
642	1172	0
644	1172	0
645	1172	0
646	1172	0
648	1172	0
649	1172	0
650	1172	0
652	1172	0
653	1172	0
654	1172	0
655	1172	1
656	1172	0
658	1172	0
660	1172	0
661	1172	0
662	1172	0
663	1172	0
664	1172	0
665	1172	1
666	1172	0
667	1172	0
669	1172	0
671	1172	0
672	1172	1
673	1172	0
674	1172	0
676	1172	0
682	1172	1
685	1172	1
688	1172	0
689	1172	0
691	1172	0
692	1172	0
693	1172	0
694	1172	0
695	1172	0
696	1172	0
699	1172	1
700	1172	0
702	1172	0
703	1172	0
704	1172	0
705	1172	0
706	1172	1
711	1172	0
713	1172	0
714	1172	0
718	1172	0
719	1172	0
720	1172	0
721	1172	0
722	1172	0
724	1172	0
728	1172	0
729	1172	0
730	1172	0
732	1172	0
733	1172	0
735	1172	0
736	1172	0
737	1172	0
738	1172	0
739	1172	0
741	1172	0
742	1172	0
745	1172	0
746	1172	0
747	1172	0
748	1172	0
749	1172	1
750	1172	0
752	1172	0
753	1172	0
754	1172	0
755	1172	0
756	1172	0
758	1172	0
760	1172	0
761	1172	0
762	1172	0
765	1172	0
766	1172	0
767	1172	0
768	1172	0
769	1172	0
771	1172	1
772	1172	0
773	1172	0
775	1172	0
776	1172	0
777	1172	0
778	1172	0
780	1172	0
783	1172	0
784	1172	0
785	1172	1
786	1172	0
787	1172	0
789	1172	0
790	1172	0
791	1172	0
792	1172	0
793	1172	0
794	1172	0
795	1172	0
796	1172	0
797	1172	0
799	1172	0
800	1172	0
801	1172	0
802	1172	0
803	1172	0
804	1172	0
805	1172	0
808	1172	0
810	1172	0
811	1172	1
814	1172	0
816	1172	0
818	1172	0
819	1172	0
820	1172	0
822	1172	0
823	1172	0
824	1172	0
825	1172	0
826	1172	0
827	1172	0
829	1172	0
830	1172	0
831	1172	0
832	1172	0
833	1172	0
834	1172	0
835	1172	0
836	1172	0
837	1172	0
838	1172	1
839	1172	0
840	1172	0
844	1172	0
845	1172	0
848	1172	0
849	1172	0
850	1172	0
852	1172	0
853	1172	0
855	1172	0
857	1172	0
860	1172	0
861	1172	0
862	1172	1
863	1172	0
864	1172	0
866	1172	0
867	1172	0
868	1172	0
869	1172	0
870	1172	0
871	1172	0
872	1172	0
873	1172	0
874	1172	0
875	1172	0
876	1172	0
877	1172	0
880	1172	0
881	1172	0
882	1172	0
883	1172	0
884	1172	0
885	1172	0
887	1172	0
888	1172	0
889	1172	0
890	1172	0
893	1172	0
895	1172	0
897	1172	0
899	1172	0
900	1172	0
901	1172	0
902	1172	0
904	1172	0
905	1172	0
907	1172	0
911	1172	0
912	1172	0
913	1172	0
914	1172	0
915	1172	0
916	1172	0
917	1172	0
918	1172	0
919	1172	0
921	1172	1
922	1172	0
923	1172	0
924	1172	0
925	1172	0
926	1172	0
927	1172	0
928	1172	0
929	1172	0
931	1172	0
933	1172	1
934	1172	0
935	1172	0
936	1172	0
937	1172	0
938	1172	0
939	1172	0
940	1172	0
941	1172	0
942	1172	0
943	1172	0
944	1172	0
945	1172	0
946	1172	0
948	1172	0
949	1172	0
950	1172	0
952	1172	0
953	1172	0
954	1172	0
955	1172	0
956	1172	0
958	1172	0
960	1172	0
961	1172	0
962	1172	0
963	1172	0
964	1172	0
965	1172	1
966	1172	0
967	1172	0
