1	1198	0
4	1198	0
6	1198	0
10	1198	0
11	1198	0
12	1198	0
13	1198	1
15	1198	0
16	1198	0
17	1198	0
19	1198	0
20	1198	0
22	1198	0
24	1198	0
25	1198	0
26	1198	0
27	1198	0
28	1198	0
30	1198	0
31	1198	0
32	1198	0
34	1198	1
37	1198	0
38	1198	0
39	1198	0
40	1198	0
44	1198	0
47	1198	0
49	1198	0
53	1198	1
55	1198	0
59	1198	0
60	1198	0
61	1198	1
62	1198	0
67	1198	0
68	1198	0
75	1198	0
77	1198	0
79	1198	0
83	1198	1
86	1198	0
90	1198	0
91	1198	0
92	1198	0
93	1198	0
95	1198	0
98	1198	0
102	1198	0
103	1198	0
104	1198	0
105	1198	0
106	1198	0
107	1198	0
113	1198	0
117	1198	0
118	1198	0
120	1198	0
122	1198	0
124	1198	0
131	1198	0
132	1198	0
136	1198	0
139	1198	0
140	1198	0
141	1198	0
143	1198	0
144	1198	0
145	1198	0
147	1198	0
148	1198	0
151	1198	0
153	1198	0
156	1198	1
159	1198	0
160	1198	0
161	1198	0
163	1198	0
165	1198	0
166	1198	0
167	1198	0
174	1198	0
178	1198	0
183	1198	0
185	1198	0
186	1198	0
187	1198	0
188	1198	0
189	1198	0
190	1198	0
191	1198	0
192	1198	0
193	1198	0
194	1198	0
195	1198	0
196	1198	0
197	1198	0
198	1198	0
199	1198	0
200	1198	0
201	1198	0
202	1198	0
203	1198	0
204	1198	0
207	1198	0
209	1198	0
210	1198	0
212	1198	0
213	1198	0
214	1198	0
215	1198	0
216	1198	0
220	1198	1
222	1198	0
224	1198	0
228	1198	0
231	1198	0
232	1198	1
233	1198	1
235	1198	0
236	1198	0
237	1198	0
238	1198	0
239	1198	0
240	1198	0
241	1198	0
242	1198	0
243	1198	0
245	1198	0
246	1198	0
247	1198	0
250	1198	0
251	1198	1
254	1198	0
256	1198	0
257	1198	0
259	1198	0
260	1198	0
264	1198	0
265	1198	0
266	1198	0
268	1198	0
271	1198	0
272	1198	0
273	1198	0
274	1198	1
275	1198	0
276	1198	0
277	1198	0
280	1198	0
281	1198	0
285	1198	0
287	1198	0
288	1198	0
301	1198	0
302	1198	0
304	1198	0
306	1198	0
307	1198	0
308	1198	0
310	1198	0
311	1198	0
313	1198	0
314	1198	0
317	1198	0
319	1198	0
322	1198	0
323	1198	0
325	1198	0
326	1198	0
327	1198	1
328	1198	0
329	1198	0
330	1198	0
333	1198	0
335	1198	0
338	1198	0
339	1198	1
341	1198	0
344	1198	0
346	1198	0
351	1198	0
352	1198	0
355	1198	0
356	1198	0
357	1198	0
359	1198	0
362	1198	0
363	1198	0
365	1198	0
366	1198	0
367	1198	0
376	1198	0
377	1198	0
379	1198	0
381	1198	0
382	1198	0
385	1198	0
388	1198	0
391	1198	0
401	1198	1
403	1198	1
405	1198	0
407	1198	0
409	1198	0
410	1198	0
412	1198	0
414	1198	1
415	1198	0
416	1198	0
422	1198	0
425	1198	0
426	1198	0
427	1198	0
428	1198	0
429	1198	0
430	1198	0
431	1198	0
432	1198	0
433	1198	0
434	1198	0
438	1198	0
439	1198	0
443	1198	0
445	1198	0
447	1198	0
448	1198	0
449	1198	0
450	1198	0
451	1198	0
452	1198	0
454	1198	0
459	1198	0
461	1198	0
462	1198	0
464	1198	1
469	1198	0
471	1198	0
474	1198	0
475	1198	0
481	1198	0
483	1198	0
484	1198	0
485	1198	0
487	1198	0
492	1198	0
494	1198	0
497	1198	0
499	1198	0
500	1198	0
501	1198	0
502	1198	0
515	1198	0
516	1198	0
518	1198	0
519	1198	0
520	1198	1
521	1198	0
522	1198	0
524	1198	0
525	1198	0
527	1198	0
528	1198	0
529	1198	0
530	1198	0
531	1198	0
536	1198	0
538	1198	0
540	1198	0
541	1198	0
544	1198	0
546	1198	0
547	1198	0
550	1198	0
551	1198	0
553	1198	0
555	1198	0
557	1198	0
560	1198	0
561	1198	0
562	1198	0
563	1198	0
569	1198	0
570	1198	0
571	1198	0
572	1198	0
574	1198	0
575	1198	0
581	1198	0
583	1198	0
586	1198	0
587	1198	0
589	1198	0
595	1198	0
596	1198	0
599	1198	0
604	1198	0
605	1198	0
608	1198	0
611	1198	0
612	1198	0
616	1198	0
619	1198	0
622	1198	0
626	1198	0
627	1198	0
630	1198	0
632	1198	0
633	1198	0
636	1198	0
637	1198	0
638	1198	1
639	1198	0
641	1198	0
642	1198	0
643	1198	0
644	1198	0
646	1198	0
647	1198	0
648	1198	0
649	1198	1
650	1198	0
651	1198	0
654	1198	1
655	1198	0
657	1198	0
660	1198	1
662	1198	1
663	1198	0
664	1198	0
665	1198	0
667	1198	0
670	1198	0
672	1198	0
674	1198	0
677	1198	0
678	1198	0
679	1198	0
680	1198	0
681	1198	0
682	1198	0
683	1198	0
685	1198	0
686	1198	0
687	1198	0
688	1198	0
690	1198	0
698	1198	0
703	1198	0
707	1198	0
709	1198	1
710	1198	0
712	1198	0
714	1198	1
715	1198	0
717	1198	0
719	1198	0
722	1198	0
723	1198	0
724	1198	0
725	1198	0
726	1198	0
727	1198	0
730	1198	0
734	1198	1
735	1198	0
736	1198	0
738	1198	0
740	1198	0
741	1198	0
742	1198	1
743	1198	1
746	1198	0
748	1198	0
749	1198	0
750	1198	0
752	1198	0
753	1198	0
754	1198	0
758	1198	1
759	1198	1
761	1198	0
764	1198	0
766	1198	0
769	1198	0
770	1198	0
772	1198	0
773	1198	0
777	1198	0
778	1198	0
779	1198	0
781	1198	0
782	1198	0
784	1198	0
785	1198	0
786	1198	0
787	1198	0
789	1198	0
790	1198	0
791	1198	0
793	1198	0
794	1198	0
795	1198	0
796	1198	0
797	1198	0
798	1198	0
800	1198	0
802	1198	0
805	1198	1
806	1198	0
808	1198	0
810	1198	0
811	1198	1
816	1198	0
818	1198	0
823	1198	0
824	1198	0
825	1198	0
826	1198	0
829	1198	1
834	1198	0
835	1198	0
843	1198	0
848	1198	0
849	1198	0
850	1198	0
852	1198	0
853	1198	0
854	1198	0
855	1198	0
859	1198	1
861	1198	0
864	1198	0
865	1198	0
868	1198	0
870	1198	0
873	1198	0
874	1198	0
876	1198	0
878	1198	0
880	1198	0
882	1198	0
883	1198	0
885	1198	0
887	1198	0
889	1198	0
890	1198	0
891	1198	0
892	1198	0
893	1198	0
894	1198	0
895	1198	0
896	1198	0
898	1198	0
905	1198	1
907	1198	0
910	1198	0
911	1198	0
912	1198	0
913	1198	0
915	1198	0
916	1198	0
917	1198	0
918	1198	0
919	1198	0
920	1198	0
921	1198	0
923	1198	0
926	1198	0
929	1198	0
934	1198	0
935	1198	0
936	1198	0
941	1198	0
943	1198	1
944	1198	0
945	1198	0
953	1198	0
954	1198	0
955	1198	0
956	1198	1
957	1198	0
959	1198	0
961	1198	0
964	1198	0
965	1198	1
966	1198	0
