0	1160	0
1	1160	0
2	1160	0
3	1160	0
4	1160	1
5	1160	0
6	1160	0
7	1160	0
8	1160	1
10	1160	0
11	1160	0
12	1160	0
13	1160	1
15	1160	0
16	1160	0
17	1160	1
18	1160	0
19	1160	0
20	1160	0
21	1160	1
22	1160	0
23	1160	0
24	1160	0
25	1160	0
27	1160	0
28	1160	0
29	1160	0
30	1160	0
31	1160	1
32	1160	0
33	1160	0
34	1160	1
35	1160	0
36	1160	0
37	1160	0
38	1160	0
39	1160	1
40	1160	0
41	1160	0
42	1160	0
43	1160	0
44	1160	0
45	1160	0
47	1160	0
48	1160	0
49	1160	0
51	1160	0
53	1160	0
55	1160	0
56	1160	0
58	1160	0
59	1160	0
60	1160	0
61	1160	0
62	1160	0
63	1160	0
64	1160	1
65	1160	0
66	1160	0
67	1160	0
68	1160	0
69	1160	0
70	1160	0
71	1160	0
72	1160	0
73	1160	0
74	1160	0
75	1160	0
77	1160	1
78	1160	0
79	1160	1
80	1160	0
81	1160	0
83	1160	0
84	1160	0
85	1160	0
86	1160	0
87	1160	0
89	1160	0
90	1160	0
91	1160	0
92	1160	0
93	1160	0
94	1160	0
95	1160	0
96	1160	1
97	1160	0
98	1160	0
100	1160	1
101	1160	0
102	1160	1
103	1160	0
104	1160	0
105	1160	0
106	1160	0
107	1160	0
108	1160	0
109	1160	0
110	1160	0
111	1160	0
112	1160	0
113	1160	0
114	1160	0
115	1160	0
116	1160	0
117	1160	0
118	1160	0
120	1160	1
121	1160	0
124	1160	0
125	1160	0
129	1160	0
130	1160	0
131	1160	0
132	1160	0
133	1160	0
134	1160	0
135	1160	1
136	1160	0
137	1160	0
138	1160	1
139	1160	0
140	1160	0
141	1160	0
142	1160	1
143	1160	0
144	1160	0
145	1160	0
146	1160	0
147	1160	0
148	1160	0
149	1160	0
150	1160	0
151	1160	0
152	1160	1
153	1160	0
154	1160	0
155	1160	0
156	1160	0
157	1160	0
158	1160	0
159	1160	0
160	1160	0
161	1160	0
162	1160	0
163	1160	0
164	1160	0
165	1160	0
166	1160	0
167	1160	0
168	1160	0
169	1160	1
170	1160	0
171	1160	0
172	1160	0
173	1160	0
174	1160	0
175	1160	0
177	1160	0
178	1160	0
179	1160	0
180	1160	0
181	1160	1
182	1160	0
183	1160	0
184	1160	0
185	1160	0
186	1160	0
187	1160	0
188	1160	1
189	1160	0
190	1160	0
191	1160	0
193	1160	0
194	1160	0
195	1160	0
196	1160	0
197	1160	0
198	1160	0
199	1160	1
200	1160	0
201	1160	0
202	1160	0
203	1160	0
204	1160	0
206	1160	1
207	1160	1
208	1160	1
209	1160	0
210	1160	0
211	1160	0
212	1160	1
213	1160	0
214	1160	1
215	1160	0
216	1160	1
217	1160	0
218	1160	0
219	1160	0
220	1160	1
221	1160	1
222	1160	0
224	1160	0
225	1160	0
227	1160	0
228	1160	0
229	1160	0
230	1160	0
232	1160	0
233	1160	0
235	1160	0
237	1160	0
238	1160	0
239	1160	0
240	1160	1
245	1160	0
246	1160	0
247	1160	0
248	1160	0
249	1160	0
250	1160	0
251	1160	0
252	1160	0
253	1160	1
254	1160	0
255	1160	0
256	1160	0
257	1160	0
258	1160	0
259	1160	0
260	1160	0
261	1160	0
262	1160	0
263	1160	0
264	1160	0
265	1160	0
266	1160	0
267	1160	0
268	1160	0
271	1160	0
272	1160	0
273	1160	0
274	1160	0
275	1160	0
276	1160	0
277	1160	0
278	1160	0
280	1160	0
281	1160	0
282	1160	0
283	1160	0
284	1160	0
285	1160	0
286	1160	0
287	1160	0
288	1160	0
289	1160	0
290	1160	1
292	1160	0
293	1160	1
295	1160	0
296	1160	0
297	1160	0
298	1160	0
302	1160	0
303	1160	0
304	1160	0
305	1160	0
306	1160	0
308	1160	0
310	1160	1
311	1160	0
312	1160	0
313	1160	0
314	1160	0
315	1160	0
317	1160	0
318	1160	0
319	1160	0
321	1160	0
322	1160	0
323	1160	0
324	1160	0
325	1160	0
326	1160	0
327	1160	0
328	1160	0
329	1160	0
330	1160	0
331	1160	0
332	1160	0
333	1160	0
334	1160	0
336	1160	0
337	1160	0
338	1160	0
340	1160	0
341	1160	0
344	1160	0
345	1160	1
346	1160	0
347	1160	0
348	1160	0
349	1160	0
350	1160	0
351	1160	0
352	1160	0
353	1160	0
354	1160	1
355	1160	0
356	1160	0
357	1160	0
358	1160	0
359	1160	1
360	1160	0
361	1160	0
362	1160	0
363	1160	1
364	1160	1
365	1160	0
366	1160	0
367	1160	0
369	1160	1
370	1160	1
371	1160	0
372	1160	0
373	1160	0
374	1160	0
375	1160	1
376	1160	0
377	1160	0
378	1160	0
379	1160	0
381	1160	0
382	1160	0
383	1160	0
384	1160	0
385	1160	0
386	1160	0
387	1160	0
388	1160	0
389	1160	0
390	1160	0
391	1160	0
392	1160	0
393	1160	0
394	1160	0
395	1160	0
397	1160	0
398	1160	0
399	1160	0
401	1160	0
402	1160	0
403	1160	1
404	1160	1
405	1160	0
406	1160	0
407	1160	1
408	1160	0
409	1160	0
410	1160	0
412	1160	0
414	1160	0
415	1160	0
416	1160	0
417	1160	0
418	1160	0
419	1160	0
420	1160	0
421	1160	1
422	1160	0
423	1160	1
424	1160	1
425	1160	0
426	1160	0
427	1160	0
428	1160	0
429	1160	0
430	1160	1
431	1160	0
432	1160	0
434	1160	1
436	1160	0
437	1160	0
438	1160	0
439	1160	0
440	1160	0
441	1160	0
442	1160	0
444	1160	0
445	1160	0
446	1160	0
447	1160	0
449	1160	0
450	1160	0
451	1160	0
452	1160	0
453	1160	0
454	1160	0
455	1160	0
456	1160	0
457	1160	1
458	1160	0
459	1160	0
461	1160	0
462	1160	0
463	1160	0
464	1160	0
465	1160	1
466	1160	0
468	1160	0
469	1160	0
470	1160	0
471	1160	0
472	1160	0
473	1160	0
474	1160	0
475	1160	0
476	1160	0
477	1160	0
478	1160	1
479	1160	0
480	1160	0
481	1160	0
482	1160	0
483	1160	0
484	1160	0
486	1160	0
487	1160	0
488	1160	0
489	1160	0
490	1160	0
492	1160	0
493	1160	0
494	1160	0
496	1160	1
497	1160	0
498	1160	1
499	1160	0
500	1160	0
501	1160	0
502	1160	1
503	1160	0
504	1160	1
505	1160	1
507	1160	1
508	1160	1
509	1160	1
511	1160	1
512	1160	1
513	1160	0
514	1160	1
515	1160	0
516	1160	0
518	1160	1
519	1160	0
520	1160	1
521	1160	1
522	1160	0
523	1160	0
524	1160	0
525	1160	0
526	1160	0
527	1160	0
528	1160	0
530	1160	0
531	1160	0
533	1160	0
534	1160	0
535	1160	0
536	1160	0
538	1160	0
539	1160	0
541	1160	0
542	1160	0
543	1160	1
544	1160	0
545	1160	1
546	1160	0
547	1160	0
549	1160	0
550	1160	0
551	1160	0
553	1160	0
554	1160	0
555	1160	0
556	1160	0
557	1160	0
558	1160	0
559	1160	0
560	1160	0
561	1160	0
562	1160	0
563	1160	0
565	1160	0
566	1160	0
567	1160	0
568	1160	0
569	1160	0
571	1160	0
573	1160	0
574	1160	0
575	1160	0
576	1160	0
577	1160	0
578	1160	0
580	1160	0
583	1160	0
584	1160	0
585	1160	0
586	1160	0
587	1160	0
588	1160	0
589	1160	0
591	1160	0
593	1160	0
595	1160	0
596	1160	0
597	1160	0
598	1160	0
599	1160	0
600	1160	0
601	1160	0
602	1160	0
604	1160	0
605	1160	0
606	1160	0
607	1160	0
608	1160	0
609	1160	0
611	1160	0
612	1160	0
613	1160	0
614	1160	0
616	1160	1
617	1160	0
618	1160	0
619	1160	0
620	1160	0
621	1160	0
622	1160	0
624	1160	0
625	1160	0
626	1160	1
627	1160	0
628	1160	0
630	1160	0
632	1160	0
633	1160	1
634	1160	0
635	1160	0
636	1160	0
637	1160	0
638	1160	1
639	1160	0
640	1160	0
641	1160	0
642	1160	0
643	1160	0
644	1160	0
645	1160	1
646	1160	0
647	1160	0
648	1160	0
649	1160	1
650	1160	0
651	1160	0
652	1160	0
654	1160	0
655	1160	0
656	1160	0
657	1160	0
659	1160	0
660	1160	0
661	1160	0
662	1160	1
663	1160	0
664	1160	0
665	1160	1
666	1160	0
667	1160	0
668	1160	0
669	1160	0
670	1160	0
671	1160	0
672	1160	0
673	1160	0
674	1160	0
676	1160	0
677	1160	0
678	1160	0
679	1160	1
680	1160	0
681	1160	0
683	1160	0
684	1160	0
685	1160	0
686	1160	1
687	1160	0
688	1160	0
689	1160	0
690	1160	0
691	1160	0
692	1160	0
693	1160	0
694	1160	1
695	1160	0
696	1160	0
697	1160	0
698	1160	0
699	1160	0
700	1160	0
701	1160	0
703	1160	0
705	1160	0
706	1160	1
707	1160	1
709	1160	0
710	1160	1
711	1160	0
712	1160	0
713	1160	0
714	1160	0
715	1160	0
717	1160	0
718	1160	0
719	1160	0
720	1160	0
721	1160	1
722	1160	0
723	1160	0
724	1160	0
725	1160	0
726	1160	1
727	1160	0
728	1160	0
729	1160	1
730	1160	0
732	1160	0
734	1160	0
735	1160	0
736	1160	0
737	1160	0
738	1160	0
739	1160	0
740	1160	0
741	1160	0
742	1160	0
743	1160	0
744	1160	0
745	1160	0
747	1160	1
748	1160	0
749	1160	1
752	1160	0
753	1160	0
754	1160	0
756	1160	0
757	1160	1
758	1160	0
759	1160	0
760	1160	0
762	1160	0
764	1160	0
765	1160	0
766	1160	0
767	1160	0
768	1160	0
769	1160	0
770	1160	0
771	1160	0
772	1160	0
773	1160	0
775	1160	0
776	1160	0
777	1160	0
778	1160	0
780	1160	1
781	1160	0
782	1160	0
783	1160	0
784	1160	1
786	1160	0
787	1160	0
788	1160	0
790	1160	0
791	1160	0
792	1160	0
793	1160	0
794	1160	0
795	1160	0
796	1160	0
797	1160	0
798	1160	0
799	1160	0
800	1160	0
801	1160	0
802	1160	1
803	1160	0
804	1160	0
806	1160	0
807	1160	1
808	1160	0
810	1160	0
811	1160	0
814	1160	0
816	1160	0
818	1160	0
819	1160	0
820	1160	0
822	1160	0
823	1160	0
824	1160	0
825	1160	0
826	1160	0
827	1160	0
830	1160	1
831	1160	1
832	1160	1
833	1160	0
835	1160	0
836	1160	0
837	1160	1
838	1160	0
839	1160	1
840	1160	0
843	1160	0
844	1160	0
845	1160	0
848	1160	0
849	1160	0
850	1160	0
851	1160	0
852	1160	0
853	1160	0
854	1160	0
855	1160	0
856	1160	0
857	1160	0
861	1160	0
862	1160	0
863	1160	0
864	1160	0
866	1160	0
867	1160	0
868	1160	0
869	1160	0
871	1160	0
873	1160	0
875	1160	0
876	1160	0
877	1160	0
878	1160	0
880	1160	0
881	1160	0
882	1160	0
883	1160	0
884	1160	0
885	1160	0
887	1160	0
888	1160	0
889	1160	0
890	1160	0
891	1160	0
892	1160	0
893	1160	0
894	1160	0
895	1160	0
896	1160	0
897	1160	0
898	1160	0
899	1160	0
900	1160	0
901	1160	0
903	1160	0
904	1160	0
905	1160	0
907	1160	0
908	1160	0
909	1160	0
910	1160	0
911	1160	0
912	1160	1
913	1160	0
915	1160	0
916	1160	0
917	1160	1
918	1160	0
919	1160	0
920	1160	0
921	1160	0
922	1160	0
923	1160	0
924	1160	1
925	1160	0
926	1160	0
927	1160	0
928	1160	1
929	1160	0
934	1160	0
935	1160	0
936	1160	0
937	1160	0
939	1160	0
940	1160	0
941	1160	0
942	1160	1
943	1160	0
944	1160	0
945	1160	0
946	1160	0
948	1160	0
949	1160	0
950	1160	0
952	1160	0
953	1160	0
954	1160	0
955	1160	0
956	1160	0
957	1160	0
958	1160	0
959	1160	0
960	1160	0
961	1160	0
962	1160	0
963	1160	0
964	1160	0
965	1160	0
966	1160	0
967	1160	0
