0	1129	0
1	1129	0
2	1129	0
3	1129	0
4	1129	0
5	1129	0
6	1129	0
7	1129	0
8	1129	1
9	1129	0
10	1129	1
11	1129	0
12	1129	0
13	1129	0
14	1129	0
15	1129	0
16	1129	0
17	1129	1
18	1129	1
19	1129	0
20	1129	0
21	1129	0
22	1129	0
23	1129	1
24	1129	0
26	1129	0
27	1129	0
28	1129	0
29	1129	0
30	1129	0
31	1129	1
32	1129	1
33	1129	0
34	1129	0
35	1129	0
36	1129	1
37	1129	0
38	1129	0
39	1129	0
40	1129	0
42	1129	0
43	1129	0
44	1129	0
45	1129	0
46	1129	0
47	1129	0
48	1129	0
49	1129	0
50	1129	0
51	1129	0
52	1129	0
53	1129	0
54	1129	0
55	1129	0
56	1129	0
57	1129	0
58	1129	0
59	1129	1
60	1129	0
61	1129	0
62	1129	0
64	1129	1
65	1129	0
66	1129	0
67	1129	0
68	1129	0
69	1129	0
70	1129	0
71	1129	1
72	1129	0
73	1129	0
74	1129	0
75	1129	0
76	1129	0
77	1129	0
78	1129	0
79	1129	0
80	1129	0
81	1129	0
82	1129	0
83	1129	0
84	1129	0
85	1129	0
86	1129	0
87	1129	0
88	1129	0
89	1129	0
90	1129	0
91	1129	0
92	1129	0
93	1129	0
94	1129	0
95	1129	0
96	1129	1
97	1129	0
98	1129	0
99	1129	0
100	1129	0
101	1129	0
102	1129	1
103	1129	0
104	1129	0
105	1129	0
106	1129	0
109	1129	1
111	1129	0
112	1129	0
113	1129	0
114	1129	0
115	1129	0
116	1129	0
117	1129	0
118	1129	0
119	1129	1
120	1129	0
121	1129	0
122	1129	0
123	1129	0
124	1129	0
125	1129	0
126	1129	0
127	1129	1
129	1129	1
130	1129	0
131	1129	0
132	1129	0
133	1129	0
134	1129	0
136	1129	1
137	1129	0
138	1129	1
139	1129	0
140	1129	1
141	1129	0
142	1129	0
143	1129	0
144	1129	0
145	1129	0
146	1129	0
147	1129	0
148	1129	0
149	1129	0
150	1129	0
151	1129	0
152	1129	0
153	1129	0
154	1129	1
155	1129	0
156	1129	0
157	1129	0
158	1129	1
159	1129	0
160	1129	0
161	1129	0
162	1129	0
163	1129	1
165	1129	0
166	1129	0
167	1129	0
168	1129	0
169	1129	0
170	1129	0
171	1129	0
172	1129	1
173	1129	0
174	1129	0
175	1129	1
177	1129	0
178	1129	0
179	1129	0
180	1129	0
182	1129	0
183	1129	0
184	1129	0
185	1129	1
186	1129	0
187	1129	0
188	1129	1
189	1129	0
190	1129	0
191	1129	0
192	1129	0
193	1129	0
194	1129	0
195	1129	0
196	1129	1
197	1129	1
198	1129	1
199	1129	0
200	1129	0
201	1129	0
202	1129	0
203	1129	1
204	1129	0
206	1129	0
207	1129	0
208	1129	0
210	1129	0
211	1129	0
212	1129	0
213	1129	0
214	1129	0
215	1129	0
216	1129	0
217	1129	0
218	1129	0
219	1129	0
220	1129	0
222	1129	0
223	1129	0
224	1129	0
225	1129	0
226	1129	0
227	1129	1
228	1129	0
229	1129	0
230	1129	0
231	1129	0
232	1129	0
233	1129	0
234	1129	0
235	1129	0
236	1129	0
237	1129	0
238	1129	0
239	1129	1
240	1129	1
241	1129	0
242	1129	0
244	1129	0
245	1129	0
246	1129	0
247	1129	0
248	1129	0
249	1129	0
250	1129	0
251	1129	1
252	1129	0
253	1129	0
254	1129	0
255	1129	0
256	1129	0
258	1129	0
259	1129	0
260	1129	0
261	1129	0
262	1129	0
263	1129	0
264	1129	0
265	1129	0
266	1129	0
267	1129	0
268	1129	0
269	1129	0
270	1129	0
271	1129	0
272	1129	0
274	1129	0
275	1129	0
276	1129	0
277	1129	0
278	1129	0
279	1129	0
280	1129	0
281	1129	0
282	1129	1
283	1129	0
284	1129	0
285	1129	0
286	1129	0
287	1129	0
288	1129	0
289	1129	0
290	1129	0
291	1129	0
292	1129	0
293	1129	0
294	1129	0
295	1129	0
296	1129	0
297	1129	0
298	1129	0
299	1129	0
300	1129	0
301	1129	0
302	1129	0
303	1129	0
304	1129	0
305	1129	0
306	1129	0
307	1129	0
308	1129	0
309	1129	0
310	1129	1
311	1129	0
312	1129	0
313	1129	0
314	1129	0
315	1129	0
316	1129	0
317	1129	0
318	1129	0
319	1129	0
320	1129	0
321	1129	0
322	1129	0
323	1129	0
324	1129	0
325	1129	1
326	1129	0
327	1129	0
328	1129	1
329	1129	0
330	1129	0
331	1129	0
333	1129	0
335	1129	0
336	1129	1
337	1129	0
338	1129	0
339	1129	0
340	1129	0
341	1129	0
342	1129	0
343	1129	0
344	1129	0
346	1129	0
347	1129	0
348	1129	0
349	1129	0
350	1129	0
351	1129	0
352	1129	0
354	1129	0
355	1129	0
357	1129	0
358	1129	0
359	1129	1
360	1129	1
361	1129	1
363	1129	0
364	1129	0
365	1129	0
366	1129	0
367	1129	0
368	1129	0
370	1129	1
371	1129	1
372	1129	0
373	1129	1
374	1129	1
375	1129	1
377	1129	1
378	1129	1
379	1129	0
380	1129	1
381	1129	0
382	1129	0
383	1129	0
384	1129	0
385	1129	0
386	1129	0
387	1129	0
388	1129	0
389	1129	0
390	1129	1
391	1129	0
393	1129	0
394	1129	0
395	1129	1
396	1129	0
398	1129	0
399	1129	0
400	1129	0
401	1129	0
402	1129	1
403	1129	0
404	1129	0
405	1129	0
406	1129	0
407	1129	1
408	1129	0
409	1129	0
410	1129	0
411	1129	0
412	1129	0
413	1129	0
414	1129	0
415	1129	1
416	1129	0
417	1129	0
418	1129	0
419	1129	0
420	1129	0
421	1129	1
422	1129	0
423	1129	1
424	1129	0
425	1129	0
426	1129	0
427	1129	0
428	1129	0
429	1129	0
431	1129	0
432	1129	0
433	1129	0
434	1129	0
435	1129	0
436	1129	1
437	1129	0
438	1129	1
439	1129	0
440	1129	0
441	1129	0
442	1129	0
443	1129	0
444	1129	0
445	1129	0
446	1129	1
447	1129	0
448	1129	0
449	1129	0
450	1129	0
451	1129	0
452	1129	0
453	1129	0
454	1129	0
455	1129	0
456	1129	1
457	1129	0
458	1129	0
459	1129	0
460	1129	0
461	1129	0
462	1129	0
463	1129	0
464	1129	1
465	1129	1
466	1129	0
467	1129	0
468	1129	0
469	1129	0
470	1129	0
471	1129	0
472	1129	0
473	1129	1
474	1129	0
475	1129	0
476	1129	0
477	1129	0
478	1129	0
480	1129	0
481	1129	0
482	1129	0
483	1129	0
484	1129	0
485	1129	0
486	1129	0
487	1129	0
489	1129	0
490	1129	0
491	1129	0
492	1129	0
493	1129	0
495	1129	0
496	1129	0
497	1129	0
499	1129	0
500	1129	0
501	1129	0
502	1129	0
503	1129	1
505	1129	1
506	1129	1
508	1129	1
509	1129	0
510	1129	0
511	1129	0
512	1129	0
513	1129	0
514	1129	1
515	1129	0
516	1129	0
517	1129	0
518	1129	1
519	1129	1
520	1129	1
521	1129	0
522	1129	1
523	1129	1
524	1129	0
525	1129	0
526	1129	0
527	1129	0
528	1129	0
529	1129	0
531	1129	0
533	1129	0
534	1129	0
536	1129	0
537	1129	0
538	1129	0
540	1129	0
541	1129	0
542	1129	0
543	1129	0
544	1129	0
546	1129	0
547	1129	0
548	1129	0
549	1129	0
550	1129	0
551	1129	0
553	1129	0
554	1129	0
555	1129	0
556	1129	0
557	1129	0
558	1129	0
559	1129	0
560	1129	0
561	1129	0
562	1129	0
563	1129	0
564	1129	0
565	1129	0
566	1129	0
567	1129	0
568	1129	0
569	1129	0
570	1129	0
571	1129	0
572	1129	0
574	1129	0
575	1129	0
576	1129	0
577	1129	0
578	1129	0
579	1129	0
580	1129	0
582	1129	0
583	1129	0
584	1129	1
585	1129	0
586	1129	0
587	1129	0
588	1129	0
589	1129	0
590	1129	0
591	1129	0
592	1129	0
593	1129	0
594	1129	1
595	1129	0
596	1129	0
597	1129	0
598	1129	0
599	1129	0
600	1129	0
601	1129	0
602	1129	0
604	1129	0
605	1129	0
606	1129	1
607	1129	0
608	1129	0
609	1129	0
611	1129	0
612	1129	0
613	1129	0
614	1129	0
615	1129	0
616	1129	0
617	1129	1
618	1129	0
619	1129	0
620	1129	0
621	1129	1
622	1129	0
624	1129	0
625	1129	0
626	1129	0
627	1129	0
628	1129	0
630	1129	0
631	1129	0
632	1129	0
633	1129	0
635	1129	0
636	1129	0
637	1129	1
640	1129	1
641	1129	0
642	1129	0
643	1129	0
644	1129	0
645	1129	1
646	1129	0
647	1129	0
648	1129	0
649	1129	0
650	1129	1
651	1129	0
652	1129	1
653	1129	0
654	1129	0
655	1129	0
656	1129	1
657	1129	1
658	1129	0
659	1129	0
660	1129	0
661	1129	1
662	1129	1
663	1129	0
664	1129	1
666	1129	0
667	1129	1
668	1129	0
669	1129	0
670	1129	0
671	1129	0
672	1129	0
673	1129	1
674	1129	0
675	1129	0
676	1129	0
677	1129	0
678	1129	0
679	1129	0
680	1129	0
681	1129	0
682	1129	0
683	1129	0
684	1129	0
685	1129	0
686	1129	0
687	1129	0
688	1129	0
689	1129	0
690	1129	0
691	1129	1
692	1129	1
693	1129	0
694	1129	1
695	1129	1
696	1129	0
697	1129	0
698	1129	0
699	1129	0
700	1129	0
701	1129	0
702	1129	0
703	1129	0
704	1129	0
705	1129	0
706	1129	0
707	1129	0
708	1129	0
709	1129	1
710	1129	0
711	1129	0
712	1129	0
713	1129	1
714	1129	0
715	1129	0
716	1129	0
717	1129	0
718	1129	0
719	1129	0
720	1129	0
721	1129	0
722	1129	0
723	1129	0
724	1129	0
725	1129	0
726	1129	0
727	1129	0
728	1129	0
730	1129	0
731	1129	0
732	1129	1
733	1129	0
734	1129	0
735	1129	0
736	1129	0
737	1129	0
738	1129	1
739	1129	0
740	1129	0
741	1129	0
742	1129	0
743	1129	0
744	1129	0
745	1129	0
746	1129	1
747	1129	1
748	1129	1
749	1129	0
750	1129	1
751	1129	0
752	1129	0
753	1129	0
754	1129	1
755	1129	0
756	1129	0
757	1129	0
758	1129	0
759	1129	1
760	1129	0
761	1129	0
762	1129	0
763	1129	1
764	1129	0
765	1129	0
767	1129	0
768	1129	0
769	1129	0
770	1129	0
771	1129	0
772	1129	0
773	1129	0
774	1129	1
775	1129	0
776	1129	0
777	1129	1
778	1129	0
779	1129	0
780	1129	0
782	1129	0
783	1129	0
784	1129	0
785	1129	0
786	1129	0
787	1129	0
788	1129	0
789	1129	0
790	1129	0
791	1129	0
793	1129	0
794	1129	0
795	1129	0
796	1129	0
797	1129	1
798	1129	0
799	1129	0
800	1129	0
801	1129	0
802	1129	0
803	1129	0
804	1129	0
806	1129	1
807	1129	0
808	1129	0
809	1129	0
810	1129	0
811	1129	0
812	1129	0
813	1129	0
814	1129	0
816	1129	0
817	1129	0
818	1129	0
819	1129	0
820	1129	0
821	1129	0
822	1129	0
823	1129	0
824	1129	0
825	1129	0
826	1129	0
827	1129	1
828	1129	1
829	1129	1
830	1129	1
831	1129	1
832	1129	1
833	1129	1
834	1129	0
835	1129	0
836	1129	0
837	1129	0
839	1129	1
840	1129	0
841	1129	0
842	1129	0
843	1129	0
844	1129	0
845	1129	0
846	1129	0
847	1129	0
848	1129	0
849	1129	0
850	1129	0
851	1129	0
852	1129	0
853	1129	1
854	1129	0
855	1129	0
856	1129	0
857	1129	0
858	1129	0
859	1129	0
860	1129	0
861	1129	0
862	1129	1
863	1129	0
864	1129	1
865	1129	0
866	1129	0
867	1129	0
868	1129	0
869	1129	0
870	1129	0
872	1129	0
873	1129	0
874	1129	0
875	1129	0
876	1129	0
877	1129	0
878	1129	0
879	1129	0
880	1129	0
881	1129	0
882	1129	0
883	1129	0
884	1129	0
885	1129	0
886	1129	0
887	1129	0
888	1129	0
889	1129	0
890	1129	0
891	1129	0
892	1129	0
893	1129	0
894	1129	0
895	1129	0
896	1129	0
897	1129	0
898	1129	0
900	1129	0
901	1129	0
902	1129	0
903	1129	0
904	1129	0
905	1129	0
906	1129	0
907	1129	0
908	1129	0
909	1129	0
910	1129	0
911	1129	0
912	1129	0
913	1129	0
914	1129	0
916	1129	0
917	1129	1
918	1129	0
919	1129	0
920	1129	0
921	1129	0
922	1129	0
923	1129	1
924	1129	0
925	1129	0
926	1129	0
927	1129	0
928	1129	0
930	1129	0
931	1129	0
933	1129	0
934	1129	0
935	1129	0
936	1129	0
937	1129	1
938	1129	0
939	1129	0
940	1129	0
941	1129	0
942	1129	0
943	1129	0
944	1129	0
945	1129	0
946	1129	0
947	1129	1
948	1129	0
949	1129	1
950	1129	0
952	1129	0
953	1129	0
954	1129	0
955	1129	0
956	1129	0
958	1129	1
959	1129	1
961	1129	0
962	1129	0
963	1129	1
964	1129	0
965	1129	1
967	1129	1
