0	1191	0
1	1191	0
2	1191	0
3	1191	0
4	1191	0
5	1191	0
6	1191	0
7	1191	1
8	1191	1
9	1191	1
10	1191	0
11	1191	0
12	1191	0
13	1191	0
14	1191	0
15	1191	0
17	1191	1
18	1191	0
19	1191	0
20	1191	0
21	1191	0
22	1191	1
23	1191	0
24	1191	0
25	1191	0
26	1191	0
28	1191	1
29	1191	0
30	1191	0
31	1191	1
33	1191	0
34	1191	0
35	1191	0
36	1191	0
37	1191	0
38	1191	0
39	1191	1
40	1191	0
41	1191	1
42	1191	0
43	1191	0
44	1191	0
45	1191	1
46	1191	0
47	1191	1
48	1191	0
50	1191	1
51	1191	0
52	1191	0
53	1191	1
54	1191	0
55	1191	0
56	1191	0
58	1191	0
59	1191	0
60	1191	0
61	1191	0
62	1191	0
63	1191	0
64	1191	0
65	1191	0
66	1191	0
67	1191	0
68	1191	0
69	1191	0
70	1191	0
71	1191	0
72	1191	0
73	1191	0
74	1191	0
75	1191	0
77	1191	0
78	1191	0
79	1191	0
80	1191	0
81	1191	1
82	1191	0
83	1191	0
84	1191	0
85	1191	0
86	1191	0
87	1191	0
88	1191	0
89	1191	0
90	1191	0
91	1191	0
92	1191	0
93	1191	0
94	1191	0
95	1191	0
96	1191	0
97	1191	0
98	1191	0
99	1191	0
100	1191	0
101	1191	0
102	1191	0
104	1191	0
105	1191	0
106	1191	0
107	1191	0
108	1191	0
109	1191	1
110	1191	0
111	1191	0
112	1191	0
113	1191	1
114	1191	0
115	1191	0
116	1191	0
117	1191	0
119	1191	0
120	1191	0
122	1191	0
123	1191	0
124	1191	0
125	1191	0
129	1191	0
130	1191	0
131	1191	0
132	1191	1
133	1191	0
134	1191	0
136	1191	0
137	1191	0
138	1191	0
139	1191	0
140	1191	0
141	1191	0
142	1191	0
143	1191	0
144	1191	0
145	1191	0
146	1191	0
147	1191	0
148	1191	1
149	1191	0
150	1191	0
151	1191	0
153	1191	0
154	1191	0
155	1191	0
156	1191	1
157	1191	0
158	1191	1
159	1191	0
160	1191	0
161	1191	0
162	1191	0
163	1191	0
165	1191	0
166	1191	0
167	1191	0
168	1191	1
169	1191	0
170	1191	1
171	1191	0
172	1191	0
173	1191	0
174	1191	0
175	1191	0
177	1191	0
178	1191	0
179	1191	0
180	1191	0
181	1191	0
182	1191	0
183	1191	0
184	1191	0
185	1191	0
186	1191	0
187	1191	0
188	1191	1
189	1191	0
190	1191	1
191	1191	0
193	1191	0
194	1191	0
195	1191	0
196	1191	0
197	1191	0
198	1191	0
200	1191	0
201	1191	0
202	1191	0
203	1191	0
204	1191	0
206	1191	0
207	1191	0
208	1191	0
209	1191	0
210	1191	1
211	1191	0
212	1191	0
213	1191	1
214	1191	0
215	1191	0
216	1191	0
217	1191	0
218	1191	1
219	1191	1
221	1191	0
222	1191	0
223	1191	0
224	1191	0
225	1191	1
226	1191	0
227	1191	0
228	1191	0
229	1191	0
230	1191	0
231	1191	0
232	1191	1
233	1191	0
234	1191	0
235	1191	0
236	1191	0
237	1191	0
238	1191	0
239	1191	0
240	1191	0
241	1191	0
242	1191	0
243	1191	0
244	1191	0
245	1191	0
247	1191	0
248	1191	0
249	1191	0
250	1191	0
251	1191	0
252	1191	0
253	1191	1
254	1191	0
255	1191	0
256	1191	0
257	1191	0
258	1191	1
259	1191	0
261	1191	0
262	1191	0
263	1191	0
264	1191	0
265	1191	1
266	1191	0
267	1191	0
268	1191	1
270	1191	0
271	1191	0
272	1191	0
273	1191	0
274	1191	0
275	1191	0
276	1191	0
277	1191	0
278	1191	0
279	1191	0
280	1191	0
281	1191	0
282	1191	0
283	1191	0
284	1191	0
285	1191	0
286	1191	0
287	1191	0
288	1191	1
289	1191	0
290	1191	0
291	1191	0
292	1191	0
293	1191	0
294	1191	0
295	1191	0
296	1191	0
297	1191	0
298	1191	0
299	1191	0
300	1191	0
302	1191	0
303	1191	0
304	1191	0
305	1191	0
306	1191	0
307	1191	0
309	1191	0
310	1191	1
311	1191	0
312	1191	1
313	1191	0
314	1191	0
315	1191	0
316	1191	0
317	1191	0
318	1191	0
319	1191	0
320	1191	0
321	1191	1
322	1191	0
323	1191	0
324	1191	0
325	1191	0
326	1191	0
327	1191	0
328	1191	0
329	1191	0
330	1191	0
331	1191	0
332	1191	0
333	1191	1
334	1191	1
335	1191	0
336	1191	0
337	1191	1
338	1191	1
339	1191	0
340	1191	0
341	1191	0
342	1191	0
343	1191	0
344	1191	0
345	1191	0
346	1191	0
347	1191	0
348	1191	1
349	1191	0
350	1191	0
351	1191	0
352	1191	0
353	1191	0
354	1191	0
355	1191	0
356	1191	0
357	1191	0
358	1191	0
359	1191	0
360	1191	0
361	1191	0
362	1191	1
363	1191	1
364	1191	0
365	1191	0
366	1191	0
367	1191	0
368	1191	0
369	1191	0
370	1191	0
371	1191	0
372	1191	0
373	1191	0
374	1191	0
375	1191	0
376	1191	0
378	1191	0
379	1191	0
380	1191	0
381	1191	0
382	1191	0
383	1191	0
384	1191	1
385	1191	0
386	1191	0
387	1191	0
388	1191	0
389	1191	0
390	1191	0
391	1191	0
392	1191	0
393	1191	0
394	1191	0
396	1191	0
397	1191	0
398	1191	0
399	1191	0
400	1191	0
402	1191	0
403	1191	0
404	1191	0
405	1191	0
406	1191	0
407	1191	0
408	1191	1
409	1191	0
410	1191	0
411	1191	0
412	1191	0
413	1191	0
414	1191	0
415	1191	0
416	1191	1
417	1191	0
418	1191	0
419	1191	0
420	1191	0
421	1191	1
422	1191	0
423	1191	0
424	1191	0
425	1191	0
426	1191	0
427	1191	1
428	1191	0
429	1191	0
430	1191	0
431	1191	0
432	1191	0
433	1191	1
434	1191	0
435	1191	0
436	1191	0
437	1191	0
438	1191	0
439	1191	0
440	1191	0
441	1191	0
443	1191	0
444	1191	0
445	1191	0
446	1191	0
448	1191	0
449	1191	1
450	1191	0
451	1191	0
452	1191	0
453	1191	0
454	1191	0
455	1191	0
456	1191	0
457	1191	0
458	1191	0
459	1191	0
460	1191	0
461	1191	0
462	1191	0
463	1191	0
464	1191	0
465	1191	0
466	1191	0
467	1191	0
468	1191	0
470	1191	0
472	1191	0
474	1191	0
475	1191	0
476	1191	0
477	1191	0
478	1191	0
479	1191	0
480	1191	0
481	1191	0
482	1191	0
483	1191	0
484	1191	0
485	1191	0
487	1191	0
488	1191	1
489	1191	0
490	1191	0
491	1191	0
492	1191	0
493	1191	0
494	1191	0
495	1191	0
496	1191	0
497	1191	0
498	1191	1
500	1191	0
501	1191	0
502	1191	0
503	1191	1
504	1191	1
505	1191	0
506	1191	0
507	1191	1
508	1191	0
509	1191	0
510	1191	0
511	1191	0
512	1191	0
513	1191	0
514	1191	1
515	1191	0
516	1191	0
517	1191	0
518	1191	1
519	1191	0
520	1191	0
521	1191	0
522	1191	0
523	1191	0
524	1191	0
525	1191	0
527	1191	0
528	1191	0
529	1191	0
530	1191	0
531	1191	0
533	1191	0
534	1191	0
536	1191	0
537	1191	0
538	1191	0
539	1191	0
540	1191	0
541	1191	0
542	1191	1
543	1191	0
544	1191	0
545	1191	0
546	1191	0
547	1191	0
548	1191	0
549	1191	0
550	1191	0
551	1191	0
552	1191	0
553	1191	1
554	1191	0
555	1191	0
556	1191	0
557	1191	0
558	1191	0
559	1191	0
560	1191	0
561	1191	0
562	1191	0
563	1191	0
564	1191	0
565	1191	0
566	1191	0
567	1191	0
568	1191	0
569	1191	0
570	1191	0
571	1191	0
572	1191	0
573	1191	0
574	1191	0
575	1191	0
576	1191	0
577	1191	0
578	1191	0
579	1191	0
580	1191	0
581	1191	0
582	1191	0
583	1191	0
584	1191	0
585	1191	0
586	1191	0
587	1191	0
588	1191	1
589	1191	0
590	1191	0
591	1191	0
593	1191	0
595	1191	0
596	1191	0
597	1191	0
598	1191	1
599	1191	0
600	1191	0
601	1191	0
602	1191	0
604	1191	0
605	1191	0
606	1191	0
607	1191	0
608	1191	0
609	1191	0
611	1191	0
612	1191	0
613	1191	0
614	1191	0
615	1191	0
616	1191	0
617	1191	0
618	1191	0
619	1191	0
620	1191	0
621	1191	0
622	1191	0
624	1191	1
625	1191	0
626	1191	0
627	1191	0
628	1191	0
630	1191	0
632	1191	0
633	1191	0
634	1191	0
636	1191	0
637	1191	0
638	1191	0
639	1191	0
640	1191	0
641	1191	1
642	1191	0
643	1191	0
644	1191	0
645	1191	0
646	1191	0
647	1191	0
648	1191	0
649	1191	0
650	1191	1
651	1191	0
652	1191	0
653	1191	0
654	1191	0
655	1191	0
656	1191	0
657	1191	0
658	1191	0
659	1191	0
660	1191	0
661	1191	0
662	1191	0
663	1191	0
664	1191	0
665	1191	1
666	1191	1
667	1191	1
668	1191	0
669	1191	1
670	1191	0
671	1191	0
672	1191	0
673	1191	0
674	1191	0
675	1191	0
676	1191	0
677	1191	0
678	1191	0
679	1191	0
680	1191	0
681	1191	0
682	1191	0
683	1191	0
684	1191	0
685	1191	0
686	1191	0
687	1191	0
688	1191	0
689	1191	0
690	1191	0
691	1191	1
692	1191	0
693	1191	0
694	1191	0
695	1191	0
696	1191	0
697	1191	0
698	1191	0
699	1191	0
700	1191	0
701	1191	0
702	1191	0
703	1191	0
704	1191	0
705	1191	0
706	1191	1
707	1191	0
708	1191	0
709	1191	0
710	1191	0
711	1191	0
712	1191	0
713	1191	0
715	1191	0
716	1191	1
717	1191	0
718	1191	0
719	1191	0
720	1191	0
721	1191	0
722	1191	0
723	1191	0
724	1191	0
725	1191	0
726	1191	0
727	1191	0
728	1191	0
729	1191	1
730	1191	0
731	1191	0
732	1191	0
733	1191	0
734	1191	0
735	1191	0
736	1191	0
737	1191	0
738	1191	0
739	1191	0
740	1191	0
741	1191	0
742	1191	0
745	1191	0
746	1191	0
747	1191	0
749	1191	0
750	1191	0
751	1191	0
752	1191	0
753	1191	0
754	1191	0
755	1191	0
756	1191	0
757	1191	1
758	1191	0
759	1191	0
760	1191	0
761	1191	0
762	1191	0
764	1191	0
765	1191	0
767	1191	0
768	1191	0
769	1191	0
770	1191	0
771	1191	0
772	1191	0
773	1191	0
776	1191	0
777	1191	0
778	1191	0
779	1191	0
780	1191	0
781	1191	0
782	1191	0
783	1191	0
784	1191	0
785	1191	0
786	1191	0
787	1191	0
788	1191	0
789	1191	0
790	1191	0
791	1191	0
792	1191	0
793	1191	0
794	1191	0
795	1191	0
796	1191	0
797	1191	0
798	1191	0
800	1191	0
803	1191	0
804	1191	0
805	1191	0
806	1191	0
807	1191	0
808	1191	0
809	1191	0
810	1191	0
811	1191	0
814	1191	0
816	1191	0
818	1191	0
819	1191	0
820	1191	0
822	1191	0
823	1191	0
824	1191	0
825	1191	0
826	1191	0
827	1191	0
829	1191	0
830	1191	1
831	1191	0
832	1191	0
833	1191	0
834	1191	0
835	1191	0
836	1191	0
837	1191	0
838	1191	0
839	1191	0
840	1191	0
841	1191	0
842	1191	0
843	1191	0
844	1191	1
845	1191	0
846	1191	0
847	1191	1
848	1191	1
849	1191	0
850	1191	0
851	1191	0
852	1191	0
853	1191	0
854	1191	0
855	1191	0
856	1191	0
857	1191	0
858	1191	0
859	1191	0
860	1191	0
861	1191	0
862	1191	0
863	1191	0
864	1191	0
865	1191	0
866	1191	0
867	1191	0
868	1191	0
869	1191	0
871	1191	1
872	1191	0
873	1191	0
874	1191	0
875	1191	0
876	1191	0
877	1191	0
878	1191	0
880	1191	0
881	1191	0
882	1191	1
883	1191	0
884	1191	0
886	1191	0
887	1191	0
888	1191	0
889	1191	0
890	1191	0
891	1191	0
892	1191	0
893	1191	0
894	1191	0
895	1191	0
896	1191	0
897	1191	0
898	1191	0
900	1191	0
901	1191	0
902	1191	0
903	1191	0
904	1191	1
905	1191	0
907	1191	1
908	1191	0
909	1191	0
910	1191	0
911	1191	0
912	1191	0
913	1191	0
914	1191	0
915	1191	0
916	1191	0
917	1191	0
918	1191	0
919	1191	0
920	1191	0
921	1191	0
922	1191	1
923	1191	0
925	1191	0
926	1191	0
927	1191	0
928	1191	0
929	1191	0
931	1191	0
933	1191	0
934	1191	0
935	1191	0
936	1191	0
937	1191	0
939	1191	0
941	1191	0
942	1191	0
943	1191	0
944	1191	0
945	1191	0
946	1191	0
947	1191	0
948	1191	0
949	1191	0
950	1191	0
953	1191	0
954	1191	0
955	1191	0
956	1191	0
957	1191	0
958	1191	0
959	1191	0
960	1191	0
961	1191	0
962	1191	0
963	1191	0
964	1191	0
965	1191	1
967	1191	0
