0	1035	0
1	1035	0
2	1035	0
3	1035	0
4	1035	0
5	1035	0
6	1035	0
7	1035	0
8	1035	0
9	1035	1
10	1035	0
11	1035	0
12	1035	0
13	1035	0
14	1035	0
15	1035	0
16	1035	0
17	1035	0
18	1035	0
19	1035	0
20	1035	0
21	1035	0
22	1035	0
23	1035	0
24	1035	0
26	1035	0
27	1035	0
28	1035	0
29	1035	0
30	1035	0
31	1035	0
32	1035	1
33	1035	0
34	1035	0
35	1035	0
36	1035	0
37	1035	0
38	1035	0
39	1035	0
40	1035	0
42	1035	0
43	1035	0
44	1035	0
45	1035	0
46	1035	0
47	1035	0
48	1035	0
49	1035	0
50	1035	0
51	1035	1
52	1035	0
53	1035	0
54	1035	0
55	1035	0
56	1035	0
57	1035	0
58	1035	0
59	1035	1
60	1035	0
61	1035	0
62	1035	0
64	1035	0
65	1035	0
66	1035	0
67	1035	0
68	1035	0
69	1035	0
70	1035	0
71	1035	1
72	1035	0
73	1035	0
74	1035	0
75	1035	0
76	1035	0
77	1035	0
78	1035	0
79	1035	0
80	1035	0
81	1035	1
82	1035	0
83	1035	0
84	1035	0
85	1035	0
86	1035	0
87	1035	0
88	1035	0
89	1035	0
90	1035	0
91	1035	0
92	1035	0
93	1035	0
94	1035	0
95	1035	0
96	1035	1
97	1035	0
98	1035	0
99	1035	0
100	1035	0
101	1035	0
102	1035	0
103	1035	0
104	1035	0
105	1035	0
106	1035	0
109	1035	1
111	1035	0
112	1035	0
113	1035	0
114	1035	0
115	1035	0
116	1035	0
117	1035	0
118	1035	0
119	1035	0
120	1035	0
121	1035	0
122	1035	0
123	1035	0
124	1035	0
125	1035	0
130	1035	0
131	1035	0
132	1035	0
133	1035	0
134	1035	0
136	1035	0
137	1035	0
138	1035	0
139	1035	0
141	1035	0
142	1035	0
144	1035	0
146	1035	0
147	1035	0
149	1035	0
150	1035	1
151	1035	0
152	1035	0
153	1035	0
154	1035	0
155	1035	0
156	1035	0
157	1035	0
158	1035	0
159	1035	0
160	1035	0
161	1035	0
162	1035	0
163	1035	1
164	1035	0
165	1035	0
166	1035	0
168	1035	0
169	1035	0
170	1035	0
171	1035	0
172	1035	1
173	1035	0
174	1035	0
175	1035	0
177	1035	0
178	1035	0
179	1035	0
180	1035	0
181	1035	0
182	1035	0
183	1035	0
184	1035	0
187	1035	0
188	1035	0
189	1035	0
190	1035	0
191	1035	0
192	1035	0
193	1035	0
194	1035	0
195	1035	0
196	1035	0
197	1035	0
200	1035	0
201	1035	0
202	1035	0
203	1035	0
204	1035	0
206	1035	0
207	1035	0
208	1035	0
210	1035	0
211	1035	0
212	1035	0
213	1035	0
214	1035	1
216	1035	0
217	1035	0
218	1035	0
219	1035	0
220	1035	0
222	1035	0
223	1035	0
224	1035	1
225	1035	0
226	1035	0
227	1035	0
228	1035	0
229	1035	0
230	1035	0
231	1035	0
232	1035	0
233	1035	0
234	1035	0
235	1035	0
236	1035	0
237	1035	0
238	1035	0
239	1035	0
240	1035	0
241	1035	0
242	1035	0
244	1035	0
245	1035	0
246	1035	0
247	1035	0
248	1035	0
249	1035	0
250	1035	0
251	1035	0
252	1035	0
253	1035	0
254	1035	0
255	1035	0
256	1035	0
258	1035	0
259	1035	0
260	1035	0
261	1035	0
262	1035	0
263	1035	0
264	1035	0
265	1035	0
266	1035	0
267	1035	0
268	1035	0
269	1035	0
270	1035	0
271	1035	0
272	1035	0
273	1035	0
274	1035	0
275	1035	0
276	1035	0
277	1035	0
278	1035	0
279	1035	0
280	1035	0
281	1035	0
282	1035	0
283	1035	0
284	1035	0
285	1035	0
286	1035	0
288	1035	1
289	1035	0
290	1035	0
291	1035	1
292	1035	0
293	1035	0
294	1035	0
295	1035	0
296	1035	0
297	1035	0
298	1035	1
299	1035	0
300	1035	0
301	1035	0
302	1035	0
303	1035	0
304	1035	0
306	1035	0
307	1035	0
308	1035	0
309	1035	0
310	1035	0
311	1035	0
312	1035	0
313	1035	0
314	1035	0
315	1035	0
316	1035	0
317	1035	0
318	1035	0
319	1035	0
320	1035	0
321	1035	0
322	1035	0
323	1035	0
324	1035	0
325	1035	0
326	1035	0
327	1035	0
328	1035	0
329	1035	0
330	1035	0
331	1035	0
333	1035	1
334	1035	0
335	1035	0
336	1035	0
337	1035	0
338	1035	0
339	1035	0
340	1035	0
341	1035	0
342	1035	0
343	1035	0
344	1035	0
346	1035	0
347	1035	0
348	1035	0
349	1035	0
350	1035	0
354	1035	0
355	1035	0
356	1035	0
357	1035	0
358	1035	0
359	1035	1
360	1035	1
361	1035	1
363	1035	0
364	1035	0
365	1035	0
366	1035	0
367	1035	0
368	1035	0
370	1035	1
371	1035	0
372	1035	0
373	1035	0
374	1035	0
377	1035	0
378	1035	1
379	1035	0
380	1035	0
381	1035	0
382	1035	0
383	1035	0
384	1035	0
385	1035	0
386	1035	0
387	1035	0
390	1035	0
391	1035	0
393	1035	0
394	1035	0
395	1035	1
396	1035	0
397	1035	0
398	1035	0
399	1035	0
400	1035	0
401	1035	0
402	1035	0
403	1035	0
404	1035	0
405	1035	0
406	1035	0
408	1035	0
409	1035	0
410	1035	0
411	1035	0
412	1035	0
413	1035	0
414	1035	0
415	1035	0
416	1035	0
417	1035	0
418	1035	0
419	1035	0
420	1035	0
421	1035	0
422	1035	0
423	1035	0
424	1035	0
425	1035	0
426	1035	0
427	1035	0
428	1035	0
429	1035	0
430	1035	0
431	1035	0
432	1035	0
433	1035	0
434	1035	0
435	1035	0
436	1035	0
437	1035	0
438	1035	0
439	1035	0
440	1035	0
441	1035	0
442	1035	0
443	1035	0
444	1035	0
445	1035	0
446	1035	0
447	1035	0
448	1035	0
449	1035	0
450	1035	0
451	1035	0
452	1035	0
453	1035	0
454	1035	0
455	1035	0
456	1035	0
457	1035	0
458	1035	0
459	1035	0
460	1035	0
461	1035	0
462	1035	0
463	1035	0
464	1035	0
465	1035	0
466	1035	1
467	1035	0
468	1035	0
469	1035	0
471	1035	0
472	1035	0
473	1035	0
474	1035	0
475	1035	0
476	1035	0
477	1035	0
478	1035	0
480	1035	0
481	1035	0
482	1035	0
483	1035	0
484	1035	0
485	1035	0
486	1035	0
487	1035	0
489	1035	1
490	1035	0
491	1035	0
492	1035	0
493	1035	0
495	1035	0
496	1035	0
497	1035	0
499	1035	0
500	1035	0
501	1035	0
502	1035	0
503	1035	0
505	1035	0
508	1035	0
509	1035	0
510	1035	0
511	1035	0
512	1035	0
513	1035	0
514	1035	0
515	1035	0
516	1035	0
517	1035	0
518	1035	1
519	1035	0
520	1035	0
521	1035	0
522	1035	0
523	1035	0
524	1035	1
525	1035	1
527	1035	0
528	1035	0
529	1035	0
533	1035	0
534	1035	0
536	1035	0
537	1035	0
538	1035	0
540	1035	0
541	1035	0
542	1035	0
543	1035	0
544	1035	0
546	1035	0
547	1035	0
548	1035	0
549	1035	0
550	1035	0
551	1035	0
553	1035	0
554	1035	0
555	1035	0
556	1035	0
557	1035	0
558	1035	0
559	1035	0
560	1035	0
561	1035	0
562	1035	0
563	1035	0
564	1035	0
565	1035	0
566	1035	0
567	1035	0
568	1035	0
569	1035	0
570	1035	0
571	1035	0
572	1035	0
573	1035	0
574	1035	0
575	1035	0
576	1035	1
577	1035	0
578	1035	0
579	1035	0
580	1035	0
582	1035	0
583	1035	0
584	1035	0
585	1035	0
586	1035	0
587	1035	0
588	1035	0
589	1035	0
590	1035	0
591	1035	0
592	1035	0
593	1035	0
594	1035	0
595	1035	0
596	1035	0
597	1035	0
598	1035	0
599	1035	0
600	1035	0
601	1035	0
602	1035	0
604	1035	0
605	1035	0
606	1035	0
607	1035	0
608	1035	0
609	1035	0
611	1035	0
612	1035	0
613	1035	0
614	1035	0
615	1035	0
616	1035	0
617	1035	0
618	1035	0
620	1035	0
621	1035	0
622	1035	0
624	1035	0
625	1035	0
626	1035	0
627	1035	0
628	1035	0
630	1035	0
631	1035	0
632	1035	0
633	1035	0
635	1035	0
636	1035	0
637	1035	1
640	1035	0
641	1035	0
642	1035	0
643	1035	0
644	1035	1
645	1035	0
646	1035	0
647	1035	0
648	1035	0
649	1035	0
650	1035	0
651	1035	0
652	1035	0
653	1035	0
654	1035	0
655	1035	0
658	1035	0
659	1035	0
661	1035	0
662	1035	0
663	1035	0
664	1035	0
666	1035	0
667	1035	0
668	1035	0
669	1035	0
670	1035	0
671	1035	0
672	1035	0
673	1035	0
674	1035	0
675	1035	0
676	1035	0
680	1035	0
682	1035	0
683	1035	0
684	1035	0
685	1035	0
686	1035	0
688	1035	0
689	1035	0
690	1035	0
691	1035	0
692	1035	0
693	1035	0
694	1035	1
695	1035	0
696	1035	0
697	1035	0
698	1035	0
699	1035	0
700	1035	0
701	1035	0
702	1035	0
703	1035	0
704	1035	0
705	1035	0
706	1035	0
707	1035	0
708	1035	0
709	1035	0
710	1035	0
711	1035	0
713	1035	1
714	1035	0
715	1035	0
716	1035	0
717	1035	0
718	1035	0
720	1035	0
721	1035	0
722	1035	0
728	1035	0
730	1035	0
731	1035	0
732	1035	1
733	1035	0
734	1035	0
735	1035	0
736	1035	0
737	1035	0
738	1035	0
739	1035	0
740	1035	0
741	1035	1
742	1035	0
744	1035	0
745	1035	0
746	1035	0
747	1035	0
748	1035	1
749	1035	0
750	1035	0
751	1035	0
752	1035	0
753	1035	0
754	1035	0
755	1035	0
756	1035	0
757	1035	0
758	1035	0
759	1035	0
760	1035	0
761	1035	0
762	1035	0
763	1035	0
764	1035	0
765	1035	0
766	1035	0
767	1035	0
768	1035	0
769	1035	0
770	1035	0
771	1035	0
772	1035	0
773	1035	0
774	1035	1
775	1035	0
776	1035	0
777	1035	0
778	1035	0
779	1035	0
780	1035	1
783	1035	0
784	1035	0
785	1035	0
786	1035	0
787	1035	0
788	1035	0
789	1035	0
790	1035	0
791	1035	0
794	1035	0
796	1035	0
797	1035	0
798	1035	0
799	1035	0
800	1035	0
801	1035	0
802	1035	0
803	1035	0
804	1035	0
806	1035	0
807	1035	0
808	1035	0
809	1035	0
810	1035	0
811	1035	0
814	1035	0
816	1035	0
817	1035	0
819	1035	0
820	1035	0
821	1035	0
824	1035	0
825	1035	0
827	1035	1
828	1035	0
830	1035	0
831	1035	1
832	1035	1
833	1035	0
834	1035	1
835	1035	0
836	1035	0
837	1035	0
839	1035	0
840	1035	0
841	1035	0
843	1035	0
844	1035	0
845	1035	0
846	1035	0
847	1035	0
848	1035	0
849	1035	1
850	1035	0
851	1035	0
852	1035	0
853	1035	0
854	1035	0
855	1035	0
856	1035	0
857	1035	0
858	1035	0
859	1035	0
860	1035	0
861	1035	0
862	1035	0
863	1035	0
864	1035	0
865	1035	0
866	1035	0
867	1035	0
868	1035	0
869	1035	0
870	1035	0
872	1035	0
873	1035	0
874	1035	0
875	1035	0
876	1035	0
877	1035	0
879	1035	0
880	1035	0
881	1035	0
882	1035	0
883	1035	0
884	1035	0
885	1035	0
886	1035	0
887	1035	0
888	1035	0
889	1035	0
890	1035	0
891	1035	0
892	1035	0
893	1035	0
894	1035	0
895	1035	0
896	1035	0
897	1035	0
898	1035	0
900	1035	1
901	1035	0
902	1035	0
903	1035	0
904	1035	0
905	1035	0
906	1035	0
907	1035	0
908	1035	0
909	1035	0
911	1035	0
912	1035	0
913	1035	0
914	1035	0
916	1035	0
917	1035	1
918	1035	0
919	1035	0
920	1035	0
921	1035	0
922	1035	0
923	1035	0
924	1035	0
925	1035	0
927	1035	0
928	1035	1
930	1035	0
931	1035	0
933	1035	0
934	1035	0
936	1035	0
937	1035	0
939	1035	0
940	1035	0
941	1035	0
942	1035	0
943	1035	0
944	1035	0
945	1035	0
946	1035	0
947	1035	1
948	1035	0
949	1035	0
950	1035	0
952	1035	0
953	1035	0
954	1035	0
955	1035	0
956	1035	0
958	1035	1
961	1035	0
962	1035	0
963	1035	0
964	1035	0
965	1035	1
966	1035	0
967	1035	0
