0	1048	0
1	1048	0
2	1048	0
3	1048	0
4	1048	0
5	1048	0
6	1048	0
7	1048	0
8	1048	1
9	1048	0
10	1048	0
11	1048	0
12	1048	0
13	1048	0
14	1048	0
15	1048	0
16	1048	0
17	1048	1
18	1048	1
19	1048	0
20	1048	0
21	1048	0
22	1048	0
23	1048	0
24	1048	0
26	1048	0
28	1048	0
29	1048	0
30	1048	0
31	1048	1
32	1048	1
33	1048	0
34	1048	0
35	1048	0
36	1048	0
37	1048	0
38	1048	0
39	1048	0
40	1048	0
42	1048	0
43	1048	0
44	1048	0
45	1048	0
46	1048	0
47	1048	0
48	1048	0
49	1048	0
50	1048	0
51	1048	0
52	1048	0
53	1048	0
54	1048	0
55	1048	0
56	1048	1
57	1048	0
58	1048	0
59	1048	0
60	1048	0
61	1048	0
62	1048	0
64	1048	0
65	1048	0
66	1048	1
67	1048	0
68	1048	0
69	1048	0
70	1048	0
71	1048	0
72	1048	0
73	1048	0
74	1048	0
75	1048	0
76	1048	0
77	1048	0
78	1048	0
79	1048	0
80	1048	0
81	1048	0
82	1048	0
83	1048	0
84	1048	0
85	1048	0
86	1048	0
87	1048	0
88	1048	0
90	1048	0
91	1048	0
92	1048	0
93	1048	0
94	1048	0
95	1048	1
96	1048	0
97	1048	0
98	1048	0
99	1048	0
100	1048	0
101	1048	0
102	1048	0
103	1048	0
104	1048	1
105	1048	0
106	1048	0
109	1048	1
111	1048	0
112	1048	0
113	1048	0
114	1048	0
115	1048	0
116	1048	0
117	1048	0
118	1048	0
120	1048	0
121	1048	0
122	1048	0
123	1048	0
124	1048	0
125	1048	0
126	1048	0
129	1048	0
130	1048	0
131	1048	1
132	1048	0
133	1048	0
134	1048	0
136	1048	0
137	1048	0
138	1048	1
139	1048	1
140	1048	1
141	1048	0
142	1048	0
143	1048	0
144	1048	0
145	1048	0
146	1048	0
147	1048	0
148	1048	0
149	1048	0
150	1048	0
151	1048	0
152	1048	1
153	1048	0
154	1048	0
155	1048	0
156	1048	0
157	1048	0
158	1048	0
159	1048	0
160	1048	0
161	1048	0
162	1048	0
163	1048	0
165	1048	0
166	1048	1
167	1048	0
168	1048	0
169	1048	0
170	1048	1
171	1048	0
172	1048	0
173	1048	0
174	1048	0
175	1048	0
177	1048	0
178	1048	0
179	1048	0
180	1048	0
182	1048	0
183	1048	0
184	1048	0
185	1048	0
186	1048	0
187	1048	0
188	1048	1
189	1048	1
190	1048	0
191	1048	1
192	1048	0
193	1048	0
194	1048	0
195	1048	0
196	1048	1
197	1048	0
198	1048	0
199	1048	0
200	1048	0
201	1048	0
202	1048	0
203	1048	0
204	1048	0
206	1048	0
207	1048	0
208	1048	0
211	1048	0
212	1048	1
213	1048	0
214	1048	0
215	1048	0
216	1048	0
217	1048	0
218	1048	0
219	1048	1
220	1048	0
222	1048	0
223	1048	0
224	1048	1
225	1048	0
226	1048	0
227	1048	1
228	1048	0
229	1048	0
230	1048	0
231	1048	0
232	1048	1
233	1048	0
234	1048	0
235	1048	0
236	1048	0
237	1048	0
238	1048	0
239	1048	0
240	1048	0
241	1048	0
242	1048	0
244	1048	0
245	1048	0
247	1048	0
248	1048	0
249	1048	0
250	1048	0
251	1048	0
252	1048	0
253	1048	0
254	1048	0
255	1048	0
256	1048	0
258	1048	0
259	1048	0
260	1048	0
261	1048	0
262	1048	0
263	1048	0
264	1048	0
265	1048	0
266	1048	0
268	1048	0
269	1048	0
270	1048	0
271	1048	0
272	1048	0
273	1048	1
274	1048	1
275	1048	1
276	1048	0
277	1048	0
278	1048	0
279	1048	0
280	1048	0
281	1048	0
282	1048	0
283	1048	0
284	1048	0
285	1048	0
286	1048	0
287	1048	0
288	1048	1
289	1048	1
290	1048	1
291	1048	0
292	1048	0
293	1048	1
294	1048	0
295	1048	0
296	1048	0
297	1048	0
298	1048	0
299	1048	0
300	1048	0
301	1048	0
302	1048	0
303	1048	0
304	1048	0
305	1048	0
306	1048	0
307	1048	0
308	1048	0
309	1048	0
310	1048	0
311	1048	0
312	1048	0
313	1048	0
314	1048	0
315	1048	0
316	1048	0
317	1048	0
318	1048	1
319	1048	1
320	1048	0
321	1048	0
322	1048	0
323	1048	0
324	1048	0
325	1048	1
326	1048	0
327	1048	0
328	1048	1
329	1048	0
330	1048	0
331	1048	0
333	1048	0
335	1048	0
336	1048	0
337	1048	0
338	1048	0
339	1048	0
340	1048	0
341	1048	0
342	1048	0
343	1048	0
344	1048	0
346	1048	0
347	1048	0
349	1048	0
350	1048	0
351	1048	0
352	1048	0
354	1048	0
355	1048	0
357	1048	0
358	1048	0
359	1048	0
360	1048	0
361	1048	0
363	1048	0
364	1048	0
365	1048	0
366	1048	0
367	1048	0
368	1048	0
371	1048	0
372	1048	0
373	1048	1
374	1048	1
377	1048	0
378	1048	0
379	1048	0
380	1048	1
381	1048	1
382	1048	0
383	1048	0
384	1048	0
385	1048	0
386	1048	0
387	1048	0
388	1048	0
389	1048	0
390	1048	0
391	1048	0
393	1048	0
394	1048	0
395	1048	1
396	1048	0
398	1048	0
399	1048	0
400	1048	1
401	1048	0
402	1048	0
403	1048	0
404	1048	1
405	1048	0
406	1048	0
407	1048	0
408	1048	0
409	1048	0
410	1048	0
411	1048	1
412	1048	0
413	1048	0
414	1048	0
415	1048	0
416	1048	0
417	1048	0
418	1048	0
419	1048	0
420	1048	0
421	1048	1
422	1048	0
423	1048	0
424	1048	0
425	1048	0
426	1048	0
427	1048	0
428	1048	1
429	1048	0
430	1048	0
431	1048	0
432	1048	0
433	1048	0
434	1048	0
435	1048	0
436	1048	1
437	1048	0
438	1048	0
439	1048	0
440	1048	0
441	1048	0
442	1048	0
443	1048	0
444	1048	0
445	1048	0
446	1048	0
447	1048	1
448	1048	0
449	1048	0
450	1048	0
451	1048	0
452	1048	0
453	1048	1
454	1048	0
455	1048	0
456	1048	0
457	1048	1
458	1048	0
459	1048	0
460	1048	0
461	1048	0
462	1048	0
463	1048	0
464	1048	0
465	1048	1
466	1048	1
467	1048	0
468	1048	0
469	1048	0
470	1048	0
471	1048	0
472	1048	0
473	1048	1
474	1048	1
475	1048	0
476	1048	0
477	1048	0
478	1048	0
480	1048	0
481	1048	0
482	1048	0
483	1048	0
484	1048	0
485	1048	0
486	1048	0
487	1048	0
489	1048	1
490	1048	0
491	1048	0
492	1048	0
493	1048	0
495	1048	0
496	1048	1
497	1048	0
499	1048	0
500	1048	0
501	1048	0
502	1048	0
503	1048	0
505	1048	1
506	1048	0
508	1048	0
509	1048	0
510	1048	0
511	1048	0
512	1048	0
513	1048	0
514	1048	1
515	1048	0
516	1048	0
517	1048	1
518	1048	1
519	1048	1
520	1048	0
521	1048	0
522	1048	0
523	1048	0
524	1048	0
525	1048	0
526	1048	0
527	1048	0
528	1048	0
529	1048	0
531	1048	0
533	1048	0
534	1048	0
536	1048	0
537	1048	0
538	1048	0
540	1048	0
541	1048	0
542	1048	1
543	1048	0
544	1048	0
546	1048	0
547	1048	0
548	1048	0
549	1048	0
550	1048	0
551	1048	0
553	1048	0
554	1048	0
555	1048	0
556	1048	0
557	1048	0
558	1048	0
559	1048	0
560	1048	0
561	1048	0
562	1048	0
563	1048	0
564	1048	0
565	1048	0
566	1048	0
567	1048	0
568	1048	0
569	1048	0
570	1048	0
571	1048	0
572	1048	0
573	1048	0
574	1048	0
575	1048	0
576	1048	0
577	1048	0
578	1048	0
579	1048	0
580	1048	0
582	1048	0
583	1048	0
584	1048	0
585	1048	0
586	1048	0
587	1048	0
588	1048	0
589	1048	0
590	1048	0
591	1048	0
592	1048	1
593	1048	0
594	1048	0
595	1048	0
596	1048	0
597	1048	0
598	1048	0
599	1048	0
600	1048	0
601	1048	0
602	1048	0
604	1048	0
605	1048	1
606	1048	0
607	1048	0
608	1048	0
609	1048	0
611	1048	0
612	1048	0
613	1048	0
614	1048	0
615	1048	1
616	1048	0
617	1048	0
618	1048	0
619	1048	0
620	1048	0
621	1048	0
622	1048	0
624	1048	1
625	1048	0
626	1048	0
627	1048	0
628	1048	0
630	1048	0
631	1048	0
632	1048	0
633	1048	0
635	1048	0
636	1048	1
637	1048	0
640	1048	0
641	1048	0
642	1048	0
643	1048	0
644	1048	0
645	1048	0
646	1048	0
647	1048	0
648	1048	0
649	1048	0
650	1048	0
651	1048	0
652	1048	1
653	1048	0
654	1048	0
655	1048	0
656	1048	0
657	1048	0
658	1048	0
659	1048	0
660	1048	0
661	1048	1
662	1048	0
663	1048	0
664	1048	1
666	1048	1
667	1048	1
668	1048	0
669	1048	0
670	1048	0
671	1048	0
673	1048	0
674	1048	0
675	1048	0
676	1048	0
677	1048	0
678	1048	0
679	1048	0
680	1048	0
681	1048	0
682	1048	0
683	1048	0
684	1048	0
685	1048	0
686	1048	0
687	1048	0
688	1048	0
689	1048	0
690	1048	0
691	1048	1
692	1048	1
693	1048	0
694	1048	0
695	1048	0
696	1048	0
697	1048	0
698	1048	0
699	1048	0
700	1048	0
701	1048	0
702	1048	0
703	1048	0
704	1048	0
705	1048	0
706	1048	0
707	1048	0
708	1048	0
709	1048	0
710	1048	0
711	1048	0
712	1048	0
713	1048	0
714	1048	0
715	1048	0
716	1048	0
717	1048	0
718	1048	0
719	1048	0
720	1048	0
721	1048	1
722	1048	0
723	1048	0
724	1048	0
725	1048	0
726	1048	0
727	1048	0
728	1048	0
730	1048	0
731	1048	0
732	1048	1
733	1048	0
734	1048	0
735	1048	0
736	1048	0
737	1048	0
738	1048	0
739	1048	0
740	1048	0
741	1048	0
742	1048	0
743	1048	0
744	1048	0
745	1048	0
746	1048	1
747	1048	0
748	1048	1
749	1048	1
750	1048	1
751	1048	0
752	1048	0
753	1048	0
754	1048	0
755	1048	0
756	1048	0
757	1048	0
758	1048	0
759	1048	0
760	1048	0
761	1048	0
762	1048	1
763	1048	0
764	1048	0
765	1048	0
767	1048	0
768	1048	0
769	1048	0
770	1048	0
771	1048	0
772	1048	0
773	1048	0
774	1048	0
775	1048	1
776	1048	0
777	1048	0
778	1048	0
779	1048	0
780	1048	0
782	1048	0
783	1048	0
784	1048	1
785	1048	0
786	1048	0
787	1048	0
788	1048	0
789	1048	0
790	1048	0
791	1048	1
793	1048	0
794	1048	0
795	1048	0
796	1048	0
797	1048	0
798	1048	0
799	1048	0
800	1048	0
801	1048	0
802	1048	0
803	1048	0
804	1048	1
806	1048	0
807	1048	0
808	1048	0
809	1048	0
810	1048	0
811	1048	0
812	1048	0
813	1048	0
814	1048	0
816	1048	0
817	1048	0
818	1048	0
819	1048	0
820	1048	0
821	1048	0
822	1048	0
823	1048	0
824	1048	1
825	1048	0
826	1048	0
827	1048	1
828	1048	0
829	1048	1
830	1048	0
831	1048	1
832	1048	1
833	1048	1
834	1048	1
835	1048	0
836	1048	1
837	1048	1
839	1048	0
840	1048	0
841	1048	0
842	1048	0
843	1048	0
844	1048	0
845	1048	0
846	1048	0
847	1048	0
848	1048	0
849	1048	0
850	1048	0
851	1048	0
852	1048	0
853	1048	0
854	1048	0
855	1048	0
856	1048	0
857	1048	0
858	1048	0
859	1048	0
860	1048	0
861	1048	0
862	1048	1
863	1048	0
864	1048	0
865	1048	0
866	1048	0
867	1048	0
868	1048	0
869	1048	0
870	1048	0
872	1048	0
873	1048	0
874	1048	0
875	1048	0
876	1048	0
877	1048	0
878	1048	0
880	1048	0
881	1048	0
882	1048	0
883	1048	0
884	1048	0
885	1048	0
886	1048	0
887	1048	0
888	1048	0
889	1048	0
890	1048	0
891	1048	0
892	1048	0
893	1048	0
894	1048	0
895	1048	0
896	1048	0
897	1048	0
900	1048	0
901	1048	0
902	1048	0
903	1048	0
904	1048	0
905	1048	0
906	1048	0
907	1048	0
908	1048	0
909	1048	0
910	1048	0
911	1048	0
912	1048	0
913	1048	0
914	1048	0
916	1048	0
917	1048	1
918	1048	1
919	1048	0
920	1048	0
921	1048	0
922	1048	0
923	1048	0
924	1048	0
925	1048	0
926	1048	0
927	1048	0
928	1048	1
930	1048	0
931	1048	0
933	1048	0
934	1048	0
935	1048	0
936	1048	0
937	1048	0
938	1048	0
939	1048	0
940	1048	0
941	1048	1
942	1048	0
943	1048	0
944	1048	0
945	1048	0
946	1048	0
947	1048	0
948	1048	0
949	1048	0
950	1048	0
952	1048	0
953	1048	0
954	1048	0
955	1048	0
956	1048	0
958	1048	0
959	1048	0
961	1048	0
962	1048	0
963	1048	0
964	1048	0
965	1048	0
967	1048	0
