0	1162	0
1	1162	0
2	1162	0
3	1162	0
4	1162	0
5	1162	0
6	1162	1
7	1162	0
8	1162	1
9	1162	0
10	1162	0
11	1162	0
12	1162	0
13	1162	1
16	1162	0
17	1162	0
18	1162	0
19	1162	1
20	1162	0
21	1162	0
22	1162	0
23	1162	0
24	1162	0
25	1162	1
26	1162	0
27	1162	0
30	1162	0
31	1162	1
32	1162	0
33	1162	0
34	1162	0
36	1162	0
37	1162	0
38	1162	0
39	1162	1
40	1162	0
41	1162	0
42	1162	0
43	1162	0
45	1162	0
46	1162	0
47	1162	1
48	1162	0
49	1162	0
51	1162	0
53	1162	0
54	1162	0
55	1162	0
56	1162	0
58	1162	0
59	1162	1
60	1162	0
61	1162	0
62	1162	0
64	1162	1
65	1162	0
66	1162	0
67	1162	0
68	1162	0
69	1162	0
70	1162	0
71	1162	0
72	1162	0
74	1162	0
75	1162	0
77	1162	0
78	1162	0
79	1162	1
80	1162	0
81	1162	0
82	1162	0
83	1162	0
84	1162	0
85	1162	0
86	1162	0
87	1162	0
89	1162	0
90	1162	0
91	1162	0
92	1162	0
93	1162	0
94	1162	0
95	1162	0
96	1162	1
97	1162	0
98	1162	0
99	1162	0
100	1162	1
101	1162	0
102	1162	1
103	1162	0
104	1162	0
105	1162	0
106	1162	0
107	1162	0
108	1162	0
109	1162	0
110	1162	0
111	1162	0
112	1162	0
113	1162	0
114	1162	0
115	1162	0
116	1162	0
117	1162	0
118	1162	0
120	1162	0
121	1162	0
124	1162	0
125	1162	0
129	1162	0
130	1162	0
131	1162	0
132	1162	0
133	1162	0
134	1162	0
135	1162	0
136	1162	0
137	1162	0
138	1162	0
139	1162	0
140	1162	0
141	1162	0
142	1162	1
143	1162	0
144	1162	0
145	1162	0
146	1162	0
147	1162	0
148	1162	0
149	1162	0
151	1162	0
152	1162	0
153	1162	0
154	1162	0
155	1162	0
156	1162	1
157	1162	0
158	1162	0
159	1162	0
160	1162	0
162	1162	0
163	1162	0
164	1162	0
165	1162	0
166	1162	0
167	1162	0
168	1162	0
169	1162	1
170	1162	0
171	1162	0
172	1162	0
173	1162	0
174	1162	0
175	1162	0
178	1162	0
179	1162	0
180	1162	0
181	1162	0
182	1162	0
183	1162	0
184	1162	0
185	1162	0
186	1162	0
187	1162	0
188	1162	0
190	1162	0
191	1162	0
192	1162	0
193	1162	0
194	1162	0
195	1162	0
196	1162	1
197	1162	0
198	1162	0
199	1162	0
200	1162	0
201	1162	0
202	1162	1
203	1162	0
204	1162	0
206	1162	0
207	1162	0
208	1162	0
209	1162	0
210	1162	0
211	1162	0
212	1162	0
213	1162	0
214	1162	0
215	1162	0
216	1162	0
217	1162	0
218	1162	0
219	1162	0
221	1162	0
222	1162	0
223	1162	1
224	1162	1
225	1162	0
227	1162	0
228	1162	1
229	1162	0
230	1162	0
232	1162	0
233	1162	1
234	1162	0
235	1162	0
236	1162	0
237	1162	0
239	1162	0
240	1162	1
245	1162	0
246	1162	0
247	1162	0
248	1162	0
249	1162	0
250	1162	0
251	1162	0
252	1162	0
253	1162	1
254	1162	0
255	1162	0
256	1162	0
257	1162	0
258	1162	0
259	1162	0
260	1162	0
261	1162	0
262	1162	0
263	1162	0
264	1162	0
265	1162	0
266	1162	0
267	1162	0
268	1162	0
270	1162	0
271	1162	0
272	1162	0
273	1162	0
274	1162	1
275	1162	0
277	1162	0
280	1162	0
281	1162	0
282	1162	0
283	1162	0
284	1162	0
285	1162	0
286	1162	1
287	1162	0
288	1162	0
289	1162	1
290	1162	0
291	1162	0
293	1162	0
295	1162	0
296	1162	0
298	1162	0
302	1162	0
303	1162	1
304	1162	0
305	1162	0
306	1162	0
308	1162	0
310	1162	1
312	1162	0
313	1162	0
314	1162	0
315	1162	0
316	1162	0
317	1162	0
318	1162	0
319	1162	0
321	1162	0
322	1162	0
323	1162	0
324	1162	0
325	1162	0
326	1162	0
327	1162	0
328	1162	0
329	1162	0
330	1162	0
331	1162	0
332	1162	0
333	1162	0
334	1162	0
336	1162	0
337	1162	0
338	1162	0
340	1162	0
341	1162	0
343	1162	0
344	1162	0
345	1162	1
346	1162	0
347	1162	0
348	1162	0
350	1162	0
351	1162	0
352	1162	0
353	1162	0
354	1162	0
355	1162	0
356	1162	0
357	1162	0
358	1162	0
359	1162	0
360	1162	0
361	1162	0
362	1162	0
363	1162	0
364	1162	1
365	1162	0
366	1162	0
367	1162	0
369	1162	0
370	1162	1
371	1162	0
372	1162	1
373	1162	1
374	1162	0
376	1162	0
377	1162	0
378	1162	0
379	1162	0
380	1162	0
381	1162	0
382	1162	0
383	1162	0
384	1162	0
385	1162	0
386	1162	1
387	1162	0
388	1162	0
389	1162	0
391	1162	0
392	1162	0
393	1162	0
394	1162	0
395	1162	0
397	1162	0
398	1162	1
399	1162	0
401	1162	0
402	1162	0
403	1162	0
404	1162	0
405	1162	0
406	1162	1
407	1162	0
408	1162	0
409	1162	0
410	1162	0
412	1162	0
414	1162	0
415	1162	0
416	1162	0
417	1162	0
418	1162	0
420	1162	0
421	1162	0
422	1162	0
423	1162	0
424	1162	1
425	1162	0
426	1162	0
428	1162	0
429	1162	0
430	1162	0
431	1162	0
432	1162	0
433	1162	0
434	1162	0
435	1162	0
436	1162	0
437	1162	0
438	1162	0
439	1162	0
440	1162	0
441	1162	0
442	1162	0
443	1162	0
444	1162	0
445	1162	0
446	1162	1
447	1162	1
448	1162	0
449	1162	0
450	1162	0
452	1162	0
453	1162	0
454	1162	0
455	1162	0
456	1162	0
458	1162	0
459	1162	0
461	1162	1
462	1162	0
464	1162	1
465	1162	0
466	1162	0
467	1162	0
468	1162	0
469	1162	0
470	1162	0
471	1162	0
472	1162	0
473	1162	0
474	1162	0
475	1162	0
476	1162	0
477	1162	0
478	1162	0
479	1162	0
480	1162	0
481	1162	0
483	1162	0
484	1162	0
485	1162	0
486	1162	0
487	1162	0
488	1162	0
489	1162	1
490	1162	0
491	1162	1
492	1162	0
494	1162	0
496	1162	0
497	1162	1
498	1162	0
499	1162	0
500	1162	0
501	1162	0
502	1162	0
503	1162	0
504	1162	1
505	1162	0
506	1162	0
507	1162	0
508	1162	1
509	1162	1
510	1162	0
511	1162	0
512	1162	0
513	1162	0
514	1162	1
515	1162	0
516	1162	0
517	1162	0
518	1162	0
519	1162	0
520	1162	0
521	1162	0
522	1162	0
523	1162	0
524	1162	0
525	1162	0
526	1162	0
527	1162	0
528	1162	0
529	1162	0
530	1162	0
531	1162	0
533	1162	0
534	1162	0
535	1162	0
536	1162	0
538	1162	0
539	1162	0
540	1162	0
541	1162	0
542	1162	0
543	1162	1
544	1162	0
545	1162	0
546	1162	0
547	1162	0
550	1162	0
551	1162	0
553	1162	0
555	1162	0
556	1162	0
557	1162	0
558	1162	0
560	1162	0
561	1162	0
562	1162	0
563	1162	0
565	1162	0
566	1162	1
567	1162	1
568	1162	0
569	1162	0
571	1162	0
574	1162	0
575	1162	0
576	1162	0
577	1162	0
579	1162	1
580	1162	0
581	1162	0
582	1162	0
583	1162	0
584	1162	0
585	1162	0
586	1162	0
588	1162	0
589	1162	0
591	1162	0
593	1162	0
595	1162	0
596	1162	0
597	1162	0
598	1162	0
599	1162	0
600	1162	0
601	1162	0
602	1162	0
604	1162	0
606	1162	0
607	1162	0
608	1162	0
609	1162	0
612	1162	0
613	1162	0
614	1162	0
615	1162	0
616	1162	0
617	1162	0
618	1162	0
619	1162	0
620	1162	0
621	1162	0
622	1162	0
624	1162	0
625	1162	0
627	1162	0
628	1162	0
630	1162	0
632	1162	0
633	1162	1
634	1162	0
635	1162	0
636	1162	0
637	1162	0
638	1162	1
639	1162	0
640	1162	0
641	1162	0
642	1162	0
643	1162	0
644	1162	0
645	1162	0
646	1162	0
648	1162	0
649	1162	1
650	1162	0
652	1162	1
653	1162	0
654	1162	0
655	1162	1
656	1162	0
657	1162	0
658	1162	0
659	1162	0
660	1162	0
661	1162	0
662	1162	0
663	1162	0
664	1162	0
665	1162	1
666	1162	0
667	1162	0
668	1162	0
669	1162	0
670	1162	0
671	1162	0
672	1162	0
673	1162	0
674	1162	0
675	1162	0
676	1162	0
677	1162	0
678	1162	0
679	1162	0
680	1162	0
681	1162	0
682	1162	0
683	1162	0
684	1162	0
685	1162	0
686	1162	0
687	1162	0
688	1162	0
689	1162	0
690	1162	1
691	1162	0
692	1162	1
693	1162	0
694	1162	1
695	1162	0
696	1162	0
698	1162	0
699	1162	0
700	1162	0
702	1162	0
703	1162	0
704	1162	0
705	1162	0
706	1162	1
707	1162	0
709	1162	0
710	1162	0
711	1162	0
712	1162	0
713	1162	0
714	1162	0
717	1162	0
718	1162	0
719	1162	0
720	1162	0
721	1162	1
722	1162	0
723	1162	0
724	1162	0
725	1162	1
726	1162	0
727	1162	0
728	1162	0
729	1162	1
730	1162	0
732	1162	0
733	1162	0
734	1162	0
735	1162	0
736	1162	0
737	1162	0
738	1162	0
739	1162	0
740	1162	0
741	1162	0
742	1162	0
745	1162	0
746	1162	0
747	1162	1
748	1162	0
749	1162	1
750	1162	1
752	1162	0
753	1162	0
754	1162	0
755	1162	0
756	1162	0
757	1162	0
758	1162	0
759	1162	0
760	1162	0
761	1162	0
762	1162	0
765	1162	0
766	1162	0
767	1162	0
768	1162	0
769	1162	0
770	1162	0
771	1162	0
772	1162	0
773	1162	0
775	1162	0
776	1162	0
777	1162	0
778	1162	0
779	1162	0
780	1162	0
781	1162	0
782	1162	0
783	1162	0
784	1162	1
785	1162	0
786	1162	0
787	1162	0
789	1162	1
790	1162	0
791	1162	0
792	1162	0
793	1162	0
794	1162	0
795	1162	0
796	1162	0
797	1162	0
799	1162	0
800	1162	0
801	1162	0
802	1162	0
803	1162	0
804	1162	0
805	1162	1
806	1162	1
807	1162	0
808	1162	0
810	1162	0
811	1162	0
814	1162	0
816	1162	0
818	1162	0
819	1162	0
820	1162	0
822	1162	0
823	1162	0
824	1162	0
825	1162	0
826	1162	0
827	1162	0
829	1162	1
830	1162	0
831	1162	0
832	1162	1
833	1162	1
834	1162	0
835	1162	0
836	1162	0
837	1162	0
838	1162	0
839	1162	0
840	1162	0
843	1162	0
844	1162	0
845	1162	0
848	1162	0
849	1162	0
850	1162	0
852	1162	0
853	1162	0
854	1162	0
855	1162	0
856	1162	0
857	1162	0
860	1162	0
861	1162	0
862	1162	0
863	1162	0
864	1162	0
866	1162	0
867	1162	0
868	1162	0
869	1162	0
870	1162	0
871	1162	0
872	1162	0
873	1162	0
874	1162	0
875	1162	0
876	1162	0
877	1162	0
878	1162	0
880	1162	0
881	1162	0
882	1162	0
883	1162	0
884	1162	0
885	1162	0
887	1162	0
888	1162	0
889	1162	0
890	1162	0
891	1162	0
892	1162	0
893	1162	0
894	1162	0
895	1162	0
896	1162	0
897	1162	0
899	1162	0
900	1162	0
901	1162	0
902	1162	0
904	1162	0
905	1162	0
907	1162	0
910	1162	0
911	1162	0
912	1162	0
913	1162	0
914	1162	1
915	1162	0
916	1162	0
917	1162	0
918	1162	0
919	1162	0
921	1162	0
922	1162	0
923	1162	1
924	1162	1
925	1162	0
926	1162	0
927	1162	0
928	1162	1
929	1162	0
931	1162	0
933	1162	0
934	1162	0
935	1162	0
936	1162	0
937	1162	0
938	1162	0
939	1162	0
940	1162	0
941	1162	0
942	1162	0
943	1162	0
944	1162	0
945	1162	0
946	1162	0
948	1162	0
949	1162	0
950	1162	0
952	1162	0
953	1162	1
954	1162	0
955	1162	0
956	1162	0
957	1162	0
958	1162	0
959	1162	0
960	1162	0
961	1162	0
962	1162	0
963	1162	0
964	1162	0
965	1162	1
966	1162	0
967	1162	1
