1	1225	0
2	1225	0
3	1225	1
4	1225	0
5	1225	1
6	1225	1
7	1225	0
8	1225	0
9	1225	1
10	1225	1
11	1225	0
12	1225	1
13	1225	0
14	1225	1
15	1225	0
16	1225	1
17	1225	0
18	1225	0
19	1225	1
20	1225	0
21	1225	0
22	1225	0
23	1225	1
24	1225	0
25	1225	1
26	1225	0
27	1225	0
28	1225	0
29	1225	1
30	1225	1
31	1225	0
32	1225	0
33	1225	0
34	1225	0
35	1225	0
36	1225	0
37	1225	0
38	1225	0
39	1225	0
40	1225	0
41	1225	0
42	1225	1
43	1225	0
44	1225	0
45	1225	0
46	1225	0
47	1225	0
48	1225	0
49	1225	0
50	1225	0
52	1225	1
53	1225	1
54	1225	0
55	1225	0
56	1225	1
58	1225	0
59	1225	0
60	1225	0
61	1225	0
62	1225	0
63	1225	0
64	1225	1
65	1225	0
66	1225	1
67	1225	0
68	1225	0
69	1225	0
70	1225	1
71	1225	0
72	1225	1
73	1225	0
74	1225	0
75	1225	0
77	1225	1
78	1225	1
79	1225	1
80	1225	0
81	1225	1
82	1225	1
83	1225	1
84	1225	0
85	1225	0
86	1225	0
87	1225	0
88	1225	0
89	1225	0
90	1225	0
91	1225	0
92	1225	1
93	1225	0
94	1225	0
95	1225	0
96	1225	0
97	1225	0
98	1225	0
99	1225	0
100	1225	0
101	1225	0
103	1225	0
104	1225	0
105	1225	0
106	1225	0
107	1225	0
108	1225	0
109	1225	0
110	1225	0
111	1225	0
112	1225	0
113	1225	0
114	1225	0
115	1225	0
116	1225	0
117	1225	0
118	1225	0
119	1225	0
120	1225	1
121	1225	0
122	1225	0
123	1225	0
124	1225	0
125	1225	0
128	1225	0
129	1225	0
130	1225	0
131	1225	0
132	1225	0
133	1225	0
134	1225	0
135	1225	0
136	1225	1
137	1225	0
138	1225	0
139	1225	0
140	1225	0
141	1225	0
142	1225	0
143	1225	0
144	1225	0
145	1225	1
146	1225	0
147	1225	0
148	1225	0
149	1225	1
150	1225	1
151	1225	0
152	1225	0
153	1225	0
154	1225	0
155	1225	0
156	1225	0
157	1225	0
158	1225	0
159	1225	0
160	1225	0
161	1225	0
162	1225	0
163	1225	1
165	1225	0
166	1225	0
167	1225	0
168	1225	0
169	1225	0
170	1225	0
171	1225	0
172	1225	0
173	1225	0
174	1225	0
175	1225	0
177	1225	0
178	1225	0
179	1225	0
180	1225	0
181	1225	0
182	1225	0
183	1225	0
184	1225	0
185	1225	0
186	1225	0
187	1225	0
188	1225	0
189	1225	0
190	1225	1
191	1225	1
192	1225	0
193	1225	0
194	1225	0
195	1225	0
196	1225	1
197	1225	1
198	1225	0
199	1225	0
200	1225	1
201	1225	0
202	1225	0
203	1225	0
204	1225	0
206	1225	0
207	1225	0
208	1225	0
209	1225	0
210	1225	0
211	1225	0
212	1225	0
213	1225	0
214	1225	0
215	1225	1
216	1225	0
217	1225	0
218	1225	0
219	1225	0
220	1225	0
221	1225	0
222	1225	0
223	1225	1
224	1225	0
226	1225	1
227	1225	0
228	1225	1
229	1225	0
230	1225	1
231	1225	0
232	1225	0
233	1225	1
234	1225	0
235	1225	0
236	1225	0
237	1225	0
238	1225	0
239	1225	1
240	1225	0
241	1225	0
243	1225	0
244	1225	0
245	1225	0
246	1225	1
247	1225	1
248	1225	0
249	1225	1
250	1225	0
251	1225	0
252	1225	0
253	1225	0
254	1225	0
255	1225	0
256	1225	0
257	1225	1
258	1225	1
259	1225	0
260	1225	0
261	1225	0
262	1225	0
263	1225	0
264	1225	0
265	1225	0
266	1225	0
267	1225	0
268	1225	0
269	1225	0
270	1225	1
271	1225	0
272	1225	0
273	1225	0
274	1225	0
275	1225	0
276	1225	0
277	1225	0
278	1225	0
279	1225	0
280	1225	1
281	1225	0
282	1225	1
283	1225	0
284	1225	0
285	1225	0
286	1225	0
287	1225	1
288	1225	0
289	1225	0
290	1225	0
291	1225	0
292	1225	0
293	1225	1
294	1225	1
295	1225	1
296	1225	1
297	1225	0
298	1225	1
299	1225	0
300	1225	0
301	1225	0
302	1225	0
303	1225	1
304	1225	1
305	1225	0
306	1225	0
307	1225	0
308	1225	1
309	1225	1
310	1225	0
312	1225	1
313	1225	0
314	1225	0
315	1225	0
316	1225	0
317	1225	0
318	1225	1
319	1225	0
320	1225	0
321	1225	0
322	1225	0
323	1225	0
324	1225	0
325	1225	0
326	1225	0
327	1225	0
328	1225	1
329	1225	0
330	1225	0
331	1225	0
333	1225	1
334	1225	0
335	1225	0
336	1225	1
337	1225	0
338	1225	1
339	1225	0
340	1225	0
341	1225	0
342	1225	0
343	1225	0
344	1225	1
345	1225	0
346	1225	0
347	1225	0
348	1225	0
349	1225	0
350	1225	0
351	1225	0
352	1225	0
353	1225	0
354	1225	1
355	1225	1
356	1225	1
357	1225	0
358	1225	0
359	1225	0
360	1225	0
361	1225	0
362	1225	0
363	1225	0
364	1225	0
365	1225	0
366	1225	0
367	1225	1
368	1225	0
369	1225	0
370	1225	0
371	1225	0
372	1225	0
373	1225	0
374	1225	0
375	1225	0
376	1225	0
377	1225	0
378	1225	0
379	1225	0
381	1225	1
382	1225	0
383	1225	0
384	1225	0
385	1225	0
386	1225	0
387	1225	0
388	1225	0
389	1225	0
391	1225	0
392	1225	0
393	1225	0
394	1225	0
395	1225	0
396	1225	1
397	1225	0
398	1225	0
399	1225	0
400	1225	0
401	1225	0
402	1225	0
403	1225	1
404	1225	0
405	1225	0
406	1225	0
407	1225	0
408	1225	1
409	1225	0
410	1225	0
411	1225	0
412	1225	1
413	1225	0
414	1225	0
416	1225	0
417	1225	1
418	1225	0
419	1225	0
420	1225	0
421	1225	0
422	1225	0
423	1225	0
424	1225	0
425	1225	0
426	1225	0
427	1225	1
428	1225	0
429	1225	0
430	1225	1
431	1225	0
432	1225	0
433	1225	1
434	1225	0
435	1225	0
436	1225	0
437	1225	0
438	1225	1
439	1225	1
440	1225	1
441	1225	0
442	1225	0
443	1225	0
444	1225	0
445	1225	1
446	1225	0
447	1225	0
448	1225	1
449	1225	0
450	1225	0
451	1225	0
452	1225	0
453	1225	0
454	1225	0
455	1225	0
456	1225	0
457	1225	0
458	1225	0
459	1225	0
460	1225	1
461	1225	1
462	1225	0
463	1225	0
464	1225	0
465	1225	0
466	1225	0
467	1225	0
468	1225	0
469	1225	0
470	1225	0
471	1225	0
472	1225	0
473	1225	0
474	1225	0
475	1225	0
476	1225	0
477	1225	0
478	1225	0
479	1225	0
480	1225	0
481	1225	0
482	1225	0
483	1225	0
484	1225	0
485	1225	0
486	1225	0
487	1225	0
488	1225	0
489	1225	0
490	1225	1
491	1225	0
492	1225	0
493	1225	0
494	1225	0
495	1225	0
496	1225	0
497	1225	0
499	1225	0
500	1225	0
501	1225	0
502	1225	1
503	1225	0
504	1225	0
505	1225	0
506	1225	0
507	1225	1
508	1225	0
509	1225	0
510	1225	0
511	1225	0
512	1225	0
513	1225	0
514	1225	0
515	1225	0
516	1225	0
517	1225	0
518	1225	0
519	1225	0
520	1225	0
521	1225	0
522	1225	0
523	1225	0
524	1225	0
525	1225	0
526	1225	0
527	1225	0
528	1225	0
529	1225	0
530	1225	0
531	1225	0
533	1225	0
534	1225	0
535	1225	0
536	1225	0
537	1225	0
538	1225	0
539	1225	0
540	1225	0
541	1225	0
542	1225	0
543	1225	0
544	1225	0
545	1225	0
546	1225	0
547	1225	0
548	1225	0
549	1225	0
550	1225	0
551	1225	0
552	1225	0
553	1225	0
554	1225	0
555	1225	0
556	1225	0
557	1225	0
558	1225	0
560	1225	0
561	1225	0
562	1225	1
563	1225	1
564	1225	0
565	1225	0
566	1225	0
567	1225	0
568	1225	0
569	1225	0
570	1225	0
571	1225	0
572	1225	0
574	1225	0
575	1225	0
576	1225	0
577	1225	0
578	1225	0
579	1225	0
581	1225	0
582	1225	0
583	1225	0
584	1225	0
585	1225	0
586	1225	0
587	1225	1
588	1225	0
589	1225	0
590	1225	0
591	1225	0
593	1225	0
594	1225	0
595	1225	0
596	1225	0
597	1225	1
598	1225	0
599	1225	0
600	1225	0
601	1225	0
602	1225	0
604	1225	0
605	1225	1
606	1225	0
607	1225	0
608	1225	0
609	1225	0
611	1225	0
612	1225	0
614	1225	0
615	1225	0
616	1225	0
617	1225	0
618	1225	0
619	1225	0
621	1225	1
622	1225	0
624	1225	0
625	1225	0
626	1225	0
627	1225	0
628	1225	0
630	1225	0
632	1225	0
633	1225	0
634	1225	0
635	1225	1
636	1225	0
637	1225	0
638	1225	0
639	1225	0
640	1225	0
641	1225	0
642	1225	0
643	1225	1
644	1225	0
645	1225	0
646	1225	1
647	1225	0
648	1225	0
649	1225	0
650	1225	0
651	1225	1
652	1225	0
653	1225	1
654	1225	0
655	1225	0
656	1225	0
657	1225	0
658	1225	0
659	1225	0
660	1225	1
661	1225	0
662	1225	0
663	1225	0
664	1225	0
665	1225	0
666	1225	0
667	1225	0
668	1225	0
669	1225	0
670	1225	0
671	1225	0
672	1225	1
673	1225	0
674	1225	0
675	1225	0
676	1225	0
677	1225	0
678	1225	0
679	1225	0
680	1225	0
681	1225	0
682	1225	0
683	1225	0
684	1225	1
685	1225	1
686	1225	0
687	1225	0
688	1225	0
689	1225	0
690	1225	0
691	1225	0
692	1225	1
693	1225	0
694	1225	0
696	1225	0
697	1225	1
698	1225	0
699	1225	1
700	1225	0
701	1225	0
702	1225	0
703	1225	1
704	1225	0
705	1225	0
706	1225	1
707	1225	0
708	1225	1
709	1225	1
710	1225	0
711	1225	1
712	1225	0
713	1225	0
714	1225	0
715	1225	0
717	1225	0
718	1225	0
719	1225	0
720	1225	0
721	1225	0
722	1225	0
723	1225	0
724	1225	0
725	1225	0
726	1225	0
727	1225	0
728	1225	0
729	1225	0
730	1225	0
731	1225	0
732	1225	0
733	1225	0
734	1225	0
735	1225	0
736	1225	0
737	1225	0
738	1225	1
739	1225	0
740	1225	1
741	1225	0
742	1225	0
743	1225	0
744	1225	0
745	1225	0
746	1225	0
747	1225	0
748	1225	0
750	1225	0
751	1225	0
752	1225	0
753	1225	0
754	1225	0
755	1225	0
756	1225	1
757	1225	0
758	1225	0
759	1225	0
760	1225	0
761	1225	0
762	1225	0
764	1225	0
765	1225	0
766	1225	0
767	1225	0
768	1225	1
769	1225	1
770	1225	0
771	1225	1
772	1225	0
773	1225	0
775	1225	0
776	1225	1
777	1225	0
778	1225	0
779	1225	1
780	1225	0
781	1225	0
782	1225	0
783	1225	1
784	1225	1
785	1225	0
786	1225	0
787	1225	0
788	1225	1
789	1225	0
790	1225	0
791	1225	0
792	1225	0
793	1225	0
794	1225	0
795	1225	1
796	1225	0
797	1225	0
798	1225	0
799	1225	0
800	1225	1
801	1225	0
802	1225	0
803	1225	1
804	1225	0
805	1225	0
806	1225	0
807	1225	1
808	1225	0
809	1225	0
810	1225	0
811	1225	1
812	1225	0
814	1225	0
816	1225	0
817	1225	0
818	1225	0
819	1225	0
820	1225	0
822	1225	0
823	1225	0
824	1225	0
825	1225	0
826	1225	0
827	1225	0
829	1225	0
830	1225	0
831	1225	0
832	1225	0
833	1225	0
834	1225	0
835	1225	0
836	1225	0
838	1225	0
839	1225	0
840	1225	0
841	1225	0
842	1225	0
843	1225	0
844	1225	1
845	1225	0
846	1225	0
847	1225	0
848	1225	0
849	1225	0
850	1225	0
851	1225	0
852	1225	0
853	1225	0
854	1225	0
855	1225	0
856	1225	0
857	1225	0
858	1225	0
859	1225	0
860	1225	0
861	1225	0
862	1225	1
863	1225	0
864	1225	1
865	1225	1
866	1225	0
867	1225	0
868	1225	0
869	1225	1
870	1225	0
871	1225	0
872	1225	0
873	1225	0
874	1225	0
875	1225	0
876	1225	0
877	1225	0
878	1225	0
880	1225	0
881	1225	0
882	1225	0
883	1225	0
884	1225	0
885	1225	0
886	1225	0
887	1225	0
888	1225	0
889	1225	0
890	1225	0
891	1225	0
892	1225	1
893	1225	0
894	1225	0
895	1225	0
896	1225	0
897	1225	0
898	1225	0
899	1225	0
900	1225	0
901	1225	0
902	1225	1
903	1225	1
904	1225	0
905	1225	0
907	1225	0
908	1225	0
909	1225	0
910	1225	0
911	1225	0
912	1225	0
913	1225	0
914	1225	1
915	1225	0
916	1225	0
917	1225	1
918	1225	0
919	1225	0
920	1225	0
921	1225	0
922	1225	0
923	1225	0
924	1225	0
925	1225	0
926	1225	0
927	1225	0
928	1225	0
929	1225	0
930	1225	0
931	1225	0
933	1225	1
934	1225	1
935	1225	0
937	1225	0
939	1225	0
940	1225	0
941	1225	1
942	1225	1
943	1225	1
944	1225	0
945	1225	0
946	1225	0
947	1225	0
948	1225	0
949	1225	0
950	1225	0
953	1225	0
954	1225	1
955	1225	1
956	1225	1
957	1225	1
958	1225	0
959	1225	1
960	1225	0
961	1225	0
962	1225	0
963	1225	1
964	1225	0
965	1225	1
966	1225	0
967	1225	1
