0	1085	0
1	1085	1
2	1085	0
3	1085	0
4	1085	1
5	1085	0
6	1085	0
7	1085	0
8	1085	0
9	1085	0
10	1085	0
11	1085	0
12	1085	0
13	1085	0
14	1085	0
15	1085	0
16	1085	0
17	1085	1
18	1085	1
19	1085	1
20	1085	0
21	1085	0
22	1085	0
23	1085	0
24	1085	0
26	1085	0
27	1085	0
28	1085	0
29	1085	0
30	1085	1
31	1085	0
32	1085	1
33	1085	1
34	1085	0
35	1085	0
36	1085	0
37	1085	0
38	1085	0
39	1085	0
40	1085	0
42	1085	0
43	1085	0
44	1085	0
45	1085	0
46	1085	0
47	1085	0
48	1085	0
49	1085	0
50	1085	0
51	1085	1
52	1085	0
53	1085	1
54	1085	0
55	1085	0
56	1085	0
57	1085	0
58	1085	0
59	1085	0
60	1085	0
61	1085	0
62	1085	0
64	1085	0
65	1085	0
66	1085	0
67	1085	0
68	1085	0
69	1085	0
70	1085	0
71	1085	0
72	1085	0
73	1085	0
74	1085	0
75	1085	0
76	1085	0
77	1085	0
78	1085	0
79	1085	0
80	1085	0
81	1085	0
82	1085	0
83	1085	0
84	1085	0
85	1085	0
86	1085	0
87	1085	1
88	1085	0
89	1085	0
90	1085	0
91	1085	0
92	1085	0
93	1085	0
94	1085	0
95	1085	0
96	1085	0
97	1085	0
98	1085	0
99	1085	0
100	1085	0
101	1085	0
102	1085	0
103	1085	0
104	1085	0
105	1085	0
106	1085	0
109	1085	0
111	1085	1
112	1085	0
113	1085	0
114	1085	0
115	1085	0
116	1085	0
117	1085	0
118	1085	0
119	1085	0
120	1085	0
121	1085	0
122	1085	0
123	1085	0
124	1085	0
125	1085	0
126	1085	0
127	1085	0
129	1085	0
130	1085	0
131	1085	0
132	1085	0
133	1085	0
134	1085	0
136	1085	0
137	1085	0
138	1085	0
139	1085	0
140	1085	1
141	1085	0
142	1085	0
143	1085	0
144	1085	0
145	1085	0
146	1085	0
147	1085	0
148	1085	0
149	1085	0
150	1085	0
151	1085	0
152	1085	0
153	1085	0
154	1085	0
155	1085	0
156	1085	0
157	1085	0
158	1085	0
159	1085	0
160	1085	0
161	1085	0
162	1085	0
163	1085	1
165	1085	0
166	1085	0
167	1085	0
168	1085	0
169	1085	0
170	1085	1
171	1085	0
172	1085	0
173	1085	0
174	1085	0
175	1085	0
177	1085	0
178	1085	0
179	1085	0
180	1085	0
182	1085	0
183	1085	0
184	1085	1
185	1085	0
186	1085	0
187	1085	0
188	1085	1
189	1085	0
190	1085	0
191	1085	0
192	1085	0
193	1085	0
194	1085	0
195	1085	0
196	1085	0
197	1085	0
198	1085	0
199	1085	1
200	1085	0
201	1085	0
202	1085	0
203	1085	0
204	1085	0
206	1085	0
207	1085	0
208	1085	0
210	1085	0
211	1085	0
212	1085	0
213	1085	0
214	1085	1
215	1085	0
216	1085	0
217	1085	0
218	1085	0
219	1085	0
220	1085	1
222	1085	0
223	1085	0
224	1085	1
225	1085	0
226	1085	0
227	1085	0
228	1085	0
229	1085	0
230	1085	0
231	1085	0
232	1085	0
233	1085	0
234	1085	1
235	1085	0
236	1085	0
237	1085	0
238	1085	0
239	1085	0
240	1085	1
241	1085	0
242	1085	0
244	1085	0
245	1085	0
247	1085	1
248	1085	0
249	1085	0
250	1085	0
251	1085	1
252	1085	0
253	1085	0
254	1085	0
255	1085	0
256	1085	0
258	1085	0
259	1085	0
260	1085	0
261	1085	0
262	1085	0
263	1085	0
264	1085	0
265	1085	0
266	1085	0
267	1085	0
268	1085	0
269	1085	0
270	1085	0
271	1085	0
272	1085	0
273	1085	0
274	1085	0
275	1085	0
276	1085	0
277	1085	0
278	1085	0
279	1085	0
280	1085	1
281	1085	0
282	1085	0
283	1085	0
284	1085	0
285	1085	0
286	1085	1
287	1085	0
288	1085	0
289	1085	0
290	1085	0
291	1085	0
292	1085	1
293	1085	0
294	1085	0
295	1085	0
296	1085	0
297	1085	0
298	1085	0
299	1085	1
300	1085	1
301	1085	0
302	1085	0
303	1085	0
304	1085	0
305	1085	0
306	1085	0
307	1085	0
308	1085	0
309	1085	0
310	1085	0
311	1085	0
312	1085	0
313	1085	0
314	1085	0
315	1085	0
316	1085	0
317	1085	1
318	1085	0
319	1085	0
320	1085	1
321	1085	0
322	1085	0
323	1085	0
324	1085	0
325	1085	0
326	1085	0
327	1085	1
328	1085	1
329	1085	0
330	1085	1
331	1085	1
333	1085	0
335	1085	0
336	1085	0
337	1085	1
338	1085	0
339	1085	0
340	1085	0
342	1085	0
343	1085	0
344	1085	0
346	1085	1
347	1085	0
348	1085	0
349	1085	0
350	1085	0
351	1085	0
352	1085	0
354	1085	0
355	1085	0
357	1085	0
358	1085	0
359	1085	0
360	1085	0
361	1085	1
363	1085	1
364	1085	1
365	1085	1
366	1085	1
367	1085	0
368	1085	0
371	1085	0
372	1085	0
373	1085	0
374	1085	0
377	1085	0
378	1085	0
379	1085	0
380	1085	0
381	1085	0
382	1085	0
383	1085	0
384	1085	0
385	1085	0
386	1085	1
387	1085	0
388	1085	0
389	1085	0
390	1085	0
391	1085	0
393	1085	0
394	1085	0
395	1085	0
396	1085	0
398	1085	0
399	1085	0
400	1085	0
401	1085	0
402	1085	0
403	1085	1
404	1085	0
405	1085	0
406	1085	0
407	1085	0
408	1085	0
409	1085	0
410	1085	0
411	1085	0
412	1085	0
413	1085	0
414	1085	0
415	1085	1
416	1085	0
417	1085	0
418	1085	0
419	1085	0
420	1085	0
421	1085	0
422	1085	0
423	1085	0
424	1085	1
425	1085	0
426	1085	0
427	1085	0
428	1085	0
429	1085	0
431	1085	0
432	1085	0
433	1085	0
434	1085	0
435	1085	1
436	1085	0
437	1085	0
438	1085	1
439	1085	0
440	1085	0
441	1085	0
442	1085	0
443	1085	0
444	1085	0
445	1085	0
446	1085	0
447	1085	0
448	1085	1
449	1085	0
450	1085	1
451	1085	0
452	1085	0
453	1085	1
454	1085	1
455	1085	0
456	1085	0
457	1085	0
458	1085	0
459	1085	0
460	1085	0
461	1085	0
462	1085	0
463	1085	1
464	1085	0
465	1085	0
466	1085	0
467	1085	0
468	1085	0
469	1085	0
470	1085	0
471	1085	0
472	1085	0
473	1085	0
474	1085	0
475	1085	0
476	1085	0
477	1085	0
478	1085	1
480	1085	1
481	1085	0
482	1085	0
483	1085	0
484	1085	0
485	1085	0
486	1085	0
487	1085	0
489	1085	0
490	1085	0
491	1085	0
492	1085	0
493	1085	0
495	1085	0
496	1085	1
497	1085	0
499	1085	0
500	1085	0
501	1085	0
502	1085	0
503	1085	1
505	1085	1
506	1085	1
508	1085	0
509	1085	0
510	1085	0
511	1085	0
512	1085	0
513	1085	0
514	1085	0
515	1085	1
516	1085	1
517	1085	1
518	1085	1
519	1085	0
520	1085	1
521	1085	1
522	1085	0
523	1085	0
524	1085	0
525	1085	0
526	1085	0
527	1085	0
528	1085	0
529	1085	0
531	1085	0
533	1085	0
534	1085	0
536	1085	0
537	1085	0
538	1085	0
540	1085	0
541	1085	0
542	1085	0
543	1085	0
544	1085	0
546	1085	0
547	1085	0
548	1085	0
549	1085	0
550	1085	0
551	1085	0
553	1085	0
554	1085	0
555	1085	0
556	1085	0
557	1085	0
558	1085	0
559	1085	0
560	1085	1
561	1085	1
562	1085	0
563	1085	1
564	1085	0
565	1085	0
566	1085	0
567	1085	0
568	1085	0
569	1085	0
570	1085	0
571	1085	0
572	1085	0
573	1085	0
574	1085	0
575	1085	0
576	1085	0
577	1085	0
578	1085	0
579	1085	0
580	1085	0
582	1085	0
583	1085	0
584	1085	0
585	1085	0
586	1085	1
587	1085	0
588	1085	1
589	1085	0
590	1085	0
591	1085	0
592	1085	0
593	1085	0
594	1085	0
595	1085	1
596	1085	0
597	1085	0
598	1085	0
599	1085	0
600	1085	0
601	1085	0
602	1085	0
604	1085	0
605	1085	1
606	1085	0
607	1085	0
608	1085	0
609	1085	1
611	1085	0
612	1085	0
613	1085	0
614	1085	0
615	1085	0
616	1085	0
617	1085	0
618	1085	0
619	1085	0
620	1085	0
621	1085	0
622	1085	0
624	1085	0
625	1085	0
626	1085	0
627	1085	0
628	1085	1
630	1085	1
631	1085	0
632	1085	0
633	1085	0
635	1085	0
636	1085	0
637	1085	0
640	1085	1
641	1085	0
642	1085	0
643	1085	0
644	1085	1
645	1085	0
646	1085	0
647	1085	0
648	1085	0
649	1085	0
650	1085	0
651	1085	0
652	1085	0
653	1085	0
654	1085	0
655	1085	0
656	1085	0
657	1085	1
658	1085	0
659	1085	0
660	1085	0
661	1085	1
662	1085	1
663	1085	1
664	1085	1
666	1085	1
667	1085	0
668	1085	0
669	1085	0
670	1085	0
671	1085	0
672	1085	1
673	1085	0
674	1085	0
675	1085	0
676	1085	0
677	1085	0
678	1085	0
679	1085	0
680	1085	0
681	1085	0
682	1085	0
683	1085	0
684	1085	0
685	1085	0
686	1085	0
687	1085	0
688	1085	0
689	1085	0
690	1085	0
691	1085	0
692	1085	0
693	1085	0
694	1085	0
695	1085	0
696	1085	0
697	1085	0
698	1085	1
699	1085	0
700	1085	0
701	1085	0
702	1085	0
703	1085	0
704	1085	0
705	1085	0
706	1085	0
707	1085	0
708	1085	0
709	1085	0
710	1085	0
711	1085	0
712	1085	0
713	1085	0
714	1085	0
715	1085	1
716	1085	0
717	1085	0
718	1085	1
719	1085	1
720	1085	0
721	1085	0
722	1085	0
723	1085	0
724	1085	0
725	1085	0
726	1085	0
727	1085	0
728	1085	0
730	1085	0
731	1085	1
732	1085	0
733	1085	0
734	1085	0
735	1085	0
736	1085	0
737	1085	0
738	1085	0
739	1085	0
740	1085	1
741	1085	1
742	1085	0
743	1085	1
744	1085	0
745	1085	0
746	1085	0
747	1085	0
748	1085	0
749	1085	0
750	1085	0
751	1085	0
752	1085	1
753	1085	1
754	1085	0
755	1085	0
756	1085	0
757	1085	0
758	1085	0
759	1085	0
760	1085	0
761	1085	0
762	1085	0
763	1085	0
764	1085	0
765	1085	0
767	1085	0
768	1085	0
769	1085	0
770	1085	0
771	1085	0
772	1085	1
773	1085	0
774	1085	1
775	1085	0
776	1085	0
777	1085	0
778	1085	0
779	1085	1
780	1085	0
782	1085	0
783	1085	0
784	1085	0
785	1085	0
786	1085	0
787	1085	0
788	1085	0
789	1085	0
790	1085	0
791	1085	1
793	1085	0
794	1085	0
795	1085	0
796	1085	0
797	1085	0
798	1085	0
799	1085	0
800	1085	0
801	1085	0
802	1085	0
803	1085	0
804	1085	0
806	1085	0
807	1085	0
808	1085	0
809	1085	0
810	1085	0
811	1085	0
812	1085	0
813	1085	0
814	1085	0
816	1085	1
817	1085	0
818	1085	1
819	1085	0
820	1085	0
821	1085	0
822	1085	1
823	1085	0
824	1085	0
825	1085	0
826	1085	0
827	1085	0
828	1085	0
829	1085	0
830	1085	1
831	1085	0
832	1085	1
833	1085	0
834	1085	1
835	1085	0
836	1085	1
837	1085	0
839	1085	0
840	1085	0
841	1085	0
842	1085	0
843	1085	1
844	1085	0
845	1085	0
846	1085	0
847	1085	0
848	1085	0
849	1085	0
850	1085	0
851	1085	0
852	1085	0
853	1085	1
854	1085	0
855	1085	0
856	1085	0
857	1085	0
858	1085	0
859	1085	0
860	1085	0
861	1085	0
862	1085	0
863	1085	0
864	1085	0
865	1085	0
866	1085	0
867	1085	0
868	1085	0
869	1085	0
870	1085	0
872	1085	0
873	1085	0
874	1085	0
875	1085	0
876	1085	0
877	1085	1
878	1085	0
879	1085	0
880	1085	0
881	1085	0
882	1085	0
883	1085	0
884	1085	0
885	1085	0
886	1085	0
887	1085	0
888	1085	0
889	1085	0
890	1085	0
891	1085	0
892	1085	0
893	1085	0
894	1085	0
895	1085	0
896	1085	0
897	1085	0
898	1085	0
900	1085	0
901	1085	0
902	1085	0
903	1085	0
904	1085	1
905	1085	0
906	1085	0
907	1085	0
908	1085	0
909	1085	0
910	1085	0
911	1085	0
912	1085	0
913	1085	0
914	1085	0
916	1085	0
917	1085	0
918	1085	1
919	1085	0
920	1085	1
921	1085	1
922	1085	0
923	1085	0
924	1085	1
925	1085	0
926	1085	0
927	1085	0
928	1085	0
930	1085	0
931	1085	0
933	1085	1
934	1085	0
935	1085	0
936	1085	0
937	1085	0
938	1085	0
939	1085	0
940	1085	0
941	1085	0
942	1085	0
943	1085	0
944	1085	0
945	1085	0
946	1085	0
947	1085	0
948	1085	0
949	1085	0
950	1085	0
952	1085	0
953	1085	0
954	1085	0
955	1085	0
956	1085	0
958	1085	0
959	1085	0
961	1085	0
962	1085	0
963	1085	0
964	1085	0
965	1085	0
967	1085	0
