8	975	1
10	975	0
13	975	1
16	975	0
18	975	0
20	975	0
21	975	1
31	975	0
32	975	1
33	975	0
34	975	0
36	975	0
39	975	0
42	975	0
43	975	1
44	975	0
45	975	0
47	975	1
48	975	0
49	975	0
59	975	0
61	975	0
64	975	1
67	975	0
71	975	0
76	975	0
87	975	1
93	975	0
96	975	0
98	975	1
101	975	0
106	975	0
109	975	0
112	975	0
113	975	0
117	975	0
120	975	0
121	975	0
122	975	1
125	975	0
130	975	0
131	975	0
133	975	1
134	975	0
135	975	0
137	975	0
138	975	0
139	975	0
140	975	0
141	975	0
142	975	0
143	975	0
144	975	1
146	975	0
147	975	0
151	975	0
152	975	0
154	975	0
156	975	0
157	975	0
159	975	0
162	975	0
163	975	0
164	975	0
168	975	0
170	975	1
171	975	0
172	975	0
174	975	0
176	975	0
181	975	0
182	975	0
183	975	0
184	975	1
188	975	0
190	975	0
191	975	0
192	975	0
193	975	0
194	975	0
195	975	0
196	975	0
197	975	0
201	975	0
202	975	0
203	975	0
204	975	0
205	975	0
206	975	0
207	975	0
208	975	0
209	975	0
210	975	0
211	975	0
214	975	0
221	975	0
224	975	0
225	975	0
227	975	1
228	975	0
230	975	0
232	975	0
233	975	0
234	975	0
251	975	0
252	975	0
253	975	0
255	975	0
263	975	0
267	975	0
269	975	0
274	975	0
275	975	0
276	975	1
282	975	0
283	975	0
289	975	0
290	975	1
296	975	0
301	975	0
310	975	0
316	975	1
328	975	0
334	975	0
336	975	0
338	975	1
339	975	0
340	975	0
341	975	0
343	975	0
358	975	0
359	975	0
360	975	0
361	975	1
363	975	1
364	975	0
365	975	0
367	975	1
368	975	0
370	975	0
371	975	0
372	975	0
373	975	0
375	975	0
377	975	1
378	975	0
379	975	0
380	975	0
381	975	0
382	975	0
384	975	0
385	975	0
386	975	1
391	975	0
393	975	0
395	975	0
401	975	0
402	975	1
404	975	0
405	975	0
406	975	0
408	975	0
420	975	0
421	975	0
422	975	0
423	975	0
424	975	1
425	975	1
426	975	0
427	975	0
428	975	1
429	975	0
430	975	0
431	975	0
432	975	0
433	975	0
435	975	0
436	975	0
443	975	0
446	975	0
448	975	0
449	975	0
450	975	0
451	975	0
453	975	1
454	975	0
455	975	0
457	975	0
458	975	0
459	975	0
461	975	0
464	975	0
465	975	0
475	975	0
476	975	1
478	975	1
486	975	0
487	975	0
489	975	0
496	975	1
497	975	0
499	975	1
500	975	0
503	975	1
505	975	1
506	975	0
508	975	0
509	975	0
510	975	0
511	975	0
512	975	0
514	975	0
515	975	1
516	975	1
517	975	1
518	975	0
519	975	0
520	975	1
521	975	1
522	975	0
523	975	0
524	975	0
525	975	1
526	975	0
527	975	0
528	975	0
529	975	0
534	975	0
536	975	0
537	975	0
538	975	0
540	975	0
541	975	0
542	975	0
544	975	0
549	975	0
551	975	1
554	975	0
557	975	0
561	975	0
565	975	0
566	975	0
567	975	0
568	975	0
569	975	0
573	975	0
574	975	0
584	975	0
585	975	0
588	975	1
589	975	0
592	975	0
593	975	0
595	975	0
597	975	0
607	975	0
608	975	0
612	975	0
613	975	0
616	975	0
617	975	0
620	975	0
625	975	0
626	975	0
627	975	0
630	975	1
631	975	0
633	975	0
637	975	0
640	975	1
641	975	0
642	975	0
643	975	0
644	975	0
645	975	1
646	975	0
647	975	0
648	975	0
649	975	1
650	975	1
651	975	0
652	975	0
661	975	1
662	975	1
663	975	1
664	975	1
666	975	0
667	975	0
672	975	1
673	975	0
674	975	0
683	975	0
692	975	0
693	975	0
694	975	0
713	975	0
715	975	1
718	975	1
720	975	0
721	975	0
722	975	0
728	975	0
732	975	0
737	975	0
738	975	0
741	975	1
742	975	0
743	975	0
745	975	0
747	975	0
748	975	0
749	975	0
750	975	0
754	975	0
758	975	0
761	975	0
763	975	0
767	975	0
768	975	0
769	975	0
771	975	0
772	975	1
773	975	0
774	975	1
778	975	1
780	975	0
784	975	0
786	975	1
787	975	0
796	975	0
798	975	0
799	975	0
802	975	0
803	975	0
805	975	0
808	975	0
810	975	0
824	975	0
827	975	0
828	975	0
830	975	0
831	975	0
833	975	0
834	975	0
837	975	0
839	975	0
840	975	0
855	975	0
859	975	1
862	975	0
863	975	0
870	975	0
873	975	0
874	975	0
876	975	0
877	975	0
879	975	0
880	975	0
881	975	0
882	975	0
883	975	0
885	975	0
887	975	0
888	975	0
889	975	0
890	975	0
895	975	0
900	975	0
901	975	0
904	975	1
906	975	0
911	975	0
912	975	0
913	975	0
917	975	0
923	975	0
924	975	0
928	975	0
937	975	0
943	975	1
944	975	0
947	975	0
949	975	0
952	975	0
953	975	0
954	975	0
955	975	0
956	975	1
958	975	0
963	975	0
964	975	0
965	975	0
967	975	0
