0	1082	0
1	1082	0
2	1082	0
3	1082	0
4	1082	0
5	1082	0
6	1082	0
7	1082	0
8	1082	1
9	1082	1
10	1082	1
11	1082	0
12	1082	0
13	1082	0
14	1082	0
15	1082	0
16	1082	0
17	1082	1
18	1082	1
19	1082	0
20	1082	0
21	1082	0
22	1082	0
23	1082	0
24	1082	0
26	1082	0
28	1082	0
29	1082	0
30	1082	0
31	1082	1
32	1082	1
33	1082	0
34	1082	1
35	1082	0
36	1082	0
37	1082	0
38	1082	0
39	1082	1
40	1082	0
42	1082	0
43	1082	0
44	1082	0
45	1082	1
46	1082	0
47	1082	1
48	1082	0
49	1082	0
50	1082	0
51	1082	0
52	1082	0
53	1082	1
54	1082	0
55	1082	0
56	1082	0
57	1082	0
58	1082	0
59	1082	1
60	1082	0
61	1082	0
62	1082	0
64	1082	0
65	1082	0
66	1082	1
67	1082	0
68	1082	0
69	1082	0
70	1082	0
71	1082	0
72	1082	0
73	1082	0
74	1082	0
75	1082	1
76	1082	0
77	1082	0
78	1082	0
79	1082	0
80	1082	0
81	1082	0
82	1082	0
83	1082	0
84	1082	0
85	1082	0
86	1082	0
87	1082	0
88	1082	0
90	1082	0
91	1082	0
92	1082	0
93	1082	0
94	1082	0
95	1082	0
96	1082	0
97	1082	0
98	1082	0
99	1082	0
100	1082	0
101	1082	1
102	1082	0
103	1082	0
104	1082	1
105	1082	0
106	1082	0
109	1082	1
111	1082	0
112	1082	1
113	1082	0
114	1082	0
115	1082	0
116	1082	0
117	1082	0
118	1082	0
119	1082	0
120	1082	0
121	1082	0
122	1082	0
123	1082	1
124	1082	0
125	1082	0
126	1082	1
129	1082	0
130	1082	0
131	1082	0
132	1082	0
133	1082	0
134	1082	0
136	1082	0
137	1082	0
138	1082	1
139	1082	0
140	1082	1
141	1082	0
142	1082	0
143	1082	0
144	1082	0
145	1082	0
146	1082	0
147	1082	0
148	1082	0
149	1082	0
150	1082	0
151	1082	1
152	1082	1
153	1082	0
154	1082	0
155	1082	0
156	1082	0
157	1082	0
158	1082	0
159	1082	0
160	1082	0
161	1082	0
162	1082	0
163	1082	1
165	1082	0
166	1082	0
167	1082	0
168	1082	0
169	1082	0
170	1082	1
171	1082	1
172	1082	1
173	1082	0
174	1082	0
175	1082	0
177	1082	0
178	1082	0
179	1082	0
180	1082	0
182	1082	0
183	1082	0
184	1082	0
185	1082	1
186	1082	0
187	1082	0
188	1082	1
189	1082	0
190	1082	0
191	1082	0
192	1082	0
193	1082	0
194	1082	1
195	1082	0
196	1082	1
197	1082	0
198	1082	0
199	1082	0
200	1082	0
201	1082	1
202	1082	0
203	1082	0
204	1082	0
206	1082	1
207	1082	0
208	1082	0
210	1082	1
211	1082	0
212	1082	0
213	1082	0
214	1082	0
215	1082	0
216	1082	0
217	1082	0
218	1082	0
219	1082	0
220	1082	0
222	1082	0
223	1082	1
224	1082	0
225	1082	0
226	1082	0
227	1082	1
228	1082	0
229	1082	0
230	1082	0
231	1082	0
232	1082	1
233	1082	0
234	1082	0
235	1082	0
236	1082	0
237	1082	0
238	1082	0
239	1082	1
240	1082	1
241	1082	0
242	1082	0
244	1082	0
245	1082	0
247	1082	0
248	1082	0
249	1082	0
250	1082	0
251	1082	0
252	1082	0
253	1082	1
254	1082	0
255	1082	1
256	1082	0
258	1082	1
259	1082	0
260	1082	0
261	1082	0
262	1082	0
263	1082	1
264	1082	0
265	1082	0
266	1082	0
267	1082	0
268	1082	0
269	1082	0
270	1082	1
271	1082	0
272	1082	0
273	1082	1
274	1082	1
275	1082	0
276	1082	0
277	1082	0
278	1082	0
279	1082	0
280	1082	0
281	1082	0
282	1082	0
283	1082	0
284	1082	0
285	1082	0
286	1082	0
287	1082	0
288	1082	0
289	1082	1
290	1082	0
291	1082	0
292	1082	0
293	1082	0
294	1082	0
295	1082	0
296	1082	0
297	1082	0
298	1082	0
299	1082	0
300	1082	0
301	1082	0
302	1082	0
303	1082	0
304	1082	0
305	1082	0
306	1082	0
307	1082	0
308	1082	0
309	1082	0
310	1082	0
311	1082	0
312	1082	0
313	1082	0
314	1082	0
315	1082	0
316	1082	0
317	1082	1
318	1082	0
319	1082	0
320	1082	0
321	1082	0
322	1082	0
323	1082	0
324	1082	0
325	1082	0
326	1082	0
327	1082	1
328	1082	1
329	1082	0
330	1082	0
331	1082	1
333	1082	0
335	1082	0
336	1082	0
337	1082	0
338	1082	0
339	1082	0
340	1082	0
341	1082	0
342	1082	0
343	1082	0
344	1082	0
346	1082	0
347	1082	0
348	1082	0
349	1082	0
350	1082	0
351	1082	0
352	1082	0
354	1082	0
355	1082	0
357	1082	0
358	1082	0
359	1082	1
360	1082	1
361	1082	1
363	1082	1
364	1082	0
365	1082	1
366	1082	0
367	1082	0
368	1082	0
371	1082	1
372	1082	0
373	1082	1
374	1082	1
377	1082	0
378	1082	1
379	1082	0
380	1082	0
381	1082	0
382	1082	0
383	1082	0
384	1082	0
385	1082	0
386	1082	1
387	1082	0
388	1082	0
389	1082	1
390	1082	0
391	1082	0
393	1082	0
394	1082	0
395	1082	1
396	1082	0
398	1082	0
399	1082	0
400	1082	0
401	1082	0
402	1082	0
403	1082	0
404	1082	0
405	1082	0
406	1082	1
407	1082	0
408	1082	0
409	1082	0
410	1082	0
411	1082	1
412	1082	0
413	1082	0
414	1082	0
415	1082	0
416	1082	0
417	1082	0
418	1082	0
419	1082	0
420	1082	0
421	1082	1
422	1082	0
423	1082	0
424	1082	0
425	1082	0
426	1082	0
427	1082	0
428	1082	0
429	1082	0
430	1082	1
431	1082	0
432	1082	0
433	1082	0
434	1082	0
435	1082	1
436	1082	1
437	1082	0
438	1082	0
439	1082	0
440	1082	0
441	1082	0
442	1082	0
443	1082	1
444	1082	0
445	1082	0
446	1082	1
447	1082	0
448	1082	0
449	1082	1
450	1082	1
451	1082	0
452	1082	0
453	1082	0
454	1082	0
455	1082	1
456	1082	0
457	1082	0
458	1082	0
459	1082	1
460	1082	0
461	1082	0
462	1082	0
463	1082	0
464	1082	1
465	1082	1
466	1082	0
467	1082	0
468	1082	0
469	1082	0
470	1082	0
471	1082	0
472	1082	0
473	1082	0
474	1082	0
475	1082	0
476	1082	0
477	1082	0
478	1082	1
480	1082	0
481	1082	0
482	1082	0
483	1082	0
484	1082	0
485	1082	0
486	1082	0
487	1082	0
489	1082	1
490	1082	0
491	1082	0
492	1082	0
493	1082	0
495	1082	0
496	1082	1
497	1082	1
499	1082	0
500	1082	0
501	1082	0
502	1082	0
503	1082	1
505	1082	0
506	1082	1
508	1082	1
509	1082	1
510	1082	0
511	1082	1
512	1082	0
513	1082	0
514	1082	1
515	1082	0
516	1082	0
517	1082	0
518	1082	1
519	1082	0
520	1082	1
521	1082	0
522	1082	1
523	1082	0
524	1082	0
525	1082	0
526	1082	1
527	1082	0
528	1082	0
529	1082	0
531	1082	1
533	1082	0
534	1082	0
536	1082	0
537	1082	0
538	1082	0
540	1082	0
541	1082	0
542	1082	0
543	1082	0
544	1082	0
546	1082	0
547	1082	0
548	1082	0
549	1082	0
550	1082	0
551	1082	0
553	1082	0
554	1082	0
555	1082	0
556	1082	0
557	1082	0
558	1082	0
559	1082	0
560	1082	0
561	1082	0
562	1082	0
563	1082	0
564	1082	0
565	1082	0
566	1082	0
567	1082	0
568	1082	0
569	1082	0
570	1082	0
571	1082	0
572	1082	1
573	1082	0
574	1082	0
575	1082	0
576	1082	0
577	1082	0
578	1082	0
579	1082	0
580	1082	0
582	1082	1
583	1082	0
584	1082	0
585	1082	0
586	1082	0
587	1082	0
588	1082	0
589	1082	0
590	1082	0
591	1082	0
592	1082	0
593	1082	0
594	1082	0
595	1082	1
596	1082	0
597	1082	0
598	1082	0
599	1082	0
600	1082	0
601	1082	0
602	1082	0
604	1082	0
605	1082	0
606	1082	0
607	1082	0
608	1082	0
609	1082	0
611	1082	0
612	1082	0
613	1082	0
614	1082	0
615	1082	0
616	1082	0
617	1082	0
618	1082	0
619	1082	0
620	1082	1
621	1082	0
622	1082	0
624	1082	0
625	1082	1
626	1082	0
627	1082	0
628	1082	0
630	1082	1
631	1082	0
632	1082	0
633	1082	0
635	1082	0
636	1082	0
637	1082	0
640	1082	0
641	1082	0
642	1082	0
643	1082	1
644	1082	0
645	1082	0
646	1082	0
647	1082	0
648	1082	0
649	1082	0
650	1082	0
651	1082	0
652	1082	1
653	1082	0
654	1082	1
655	1082	0
656	1082	1
657	1082	1
658	1082	0
659	1082	0
660	1082	0
661	1082	1
662	1082	0
663	1082	1
664	1082	1
666	1082	1
667	1082	1
668	1082	0
669	1082	0
670	1082	0
671	1082	0
672	1082	0
673	1082	1
674	1082	0
675	1082	0
676	1082	0
677	1082	0
678	1082	0
679	1082	0
680	1082	0
681	1082	0
682	1082	0
683	1082	0
684	1082	0
685	1082	0
686	1082	1
687	1082	1
688	1082	0
689	1082	0
690	1082	1
691	1082	1
692	1082	0
693	1082	1
694	1082	1
695	1082	1
696	1082	0
697	1082	0
698	1082	0
699	1082	0
700	1082	0
701	1082	0
702	1082	0
703	1082	1
704	1082	0
705	1082	0
706	1082	0
707	1082	0
708	1082	0
709	1082	0
710	1082	0
711	1082	0
712	1082	0
713	1082	0
714	1082	0
715	1082	1
716	1082	0
717	1082	0
718	1082	1
719	1082	0
720	1082	0
721	1082	0
722	1082	0
723	1082	1
724	1082	0
725	1082	1
726	1082	1
727	1082	1
728	1082	0
730	1082	0
731	1082	0
732	1082	1
733	1082	0
734	1082	0
735	1082	0
736	1082	0
737	1082	0
738	1082	0
739	1082	0
740	1082	0
741	1082	0
742	1082	1
743	1082	0
744	1082	0
745	1082	0
746	1082	0
747	1082	0
748	1082	1
749	1082	0
750	1082	0
751	1082	0
752	1082	0
753	1082	0
754	1082	0
755	1082	0
756	1082	0
757	1082	0
758	1082	0
759	1082	0
760	1082	0
761	1082	0
762	1082	0
763	1082	1
764	1082	0
765	1082	0
767	1082	0
768	1082	0
769	1082	0
770	1082	0
771	1082	1
772	1082	0
773	1082	0
774	1082	1
775	1082	0
776	1082	0
777	1082	0
778	1082	0
779	1082	0
780	1082	0
782	1082	0
783	1082	0
784	1082	0
785	1082	0
786	1082	0
787	1082	0
788	1082	0
789	1082	0
790	1082	0
791	1082	0
793	1082	0
794	1082	0
795	1082	0
796	1082	1
797	1082	0
798	1082	0
799	1082	0
800	1082	0
801	1082	0
802	1082	0
803	1082	0
804	1082	0
806	1082	0
807	1082	0
808	1082	0
809	1082	0
810	1082	0
811	1082	0
812	1082	0
813	1082	0
814	1082	0
816	1082	0
817	1082	0
818	1082	1
819	1082	0
820	1082	0
821	1082	0
822	1082	0
823	1082	0
824	1082	0
825	1082	0
826	1082	0
827	1082	1
828	1082	1
829	1082	1
830	1082	1
831	1082	1
832	1082	1
833	1082	1
834	1082	0
835	1082	0
836	1082	0
837	1082	1
839	1082	0
840	1082	0
841	1082	0
842	1082	0
843	1082	0
844	1082	0
845	1082	0
846	1082	0
847	1082	0
848	1082	0
849	1082	1
850	1082	0
851	1082	0
852	1082	0
853	1082	1
854	1082	0
855	1082	0
856	1082	0
857	1082	0
858	1082	0
859	1082	0
860	1082	0
861	1082	0
862	1082	0
863	1082	0
864	1082	0
865	1082	0
866	1082	0
867	1082	0
868	1082	0
869	1082	0
870	1082	0
872	1082	0
873	1082	0
874	1082	0
875	1082	0
876	1082	0
877	1082	0
878	1082	0
880	1082	0
881	1082	0
882	1082	0
883	1082	0
884	1082	0
885	1082	0
886	1082	0
887	1082	0
888	1082	1
889	1082	0
890	1082	0
891	1082	0
892	1082	0
893	1082	0
894	1082	0
895	1082	1
896	1082	0
897	1082	0
898	1082	0
900	1082	1
901	1082	0
902	1082	0
903	1082	0
904	1082	0
905	1082	0
906	1082	0
907	1082	0
908	1082	1
909	1082	0
910	1082	0
911	1082	0
912	1082	1
913	1082	0
914	1082	0
916	1082	0
917	1082	1
918	1082	0
919	1082	0
920	1082	0
921	1082	0
922	1082	0
923	1082	0
924	1082	0
925	1082	0
926	1082	0
927	1082	0
928	1082	1
930	1082	1
931	1082	0
933	1082	0
934	1082	0
935	1082	0
936	1082	0
937	1082	0
938	1082	0
939	1082	0
940	1082	0
941	1082	0
942	1082	0
943	1082	0
944	1082	0
945	1082	0
946	1082	0
947	1082	1
948	1082	0
949	1082	0
950	1082	0
952	1082	0
953	1082	0
954	1082	0
955	1082	0
956	1082	0
958	1082	0
959	1082	0
961	1082	0
962	1082	0
963	1082	1
964	1082	0
965	1082	1
967	1082	1
