0	1058	1
1	1058	0
2	1058	0
3	1058	0
4	1058	0
5	1058	0
6	1058	0
7	1058	0
8	1058	0
9	1058	0
10	1058	0
11	1058	0
12	1058	1
13	1058	1
14	1058	0
15	1058	0
16	1058	0
17	1058	0
18	1058	0
19	1058	0
20	1058	0
21	1058	0
22	1058	0
23	1058	0
24	1058	0
26	1058	0
27	1058	0
28	1058	0
29	1058	1
30	1058	0
31	1058	1
32	1058	0
33	1058	0
34	1058	0
35	1058	1
36	1058	0
37	1058	1
39	1058	0
40	1058	1
42	1058	0
43	1058	1
44	1058	0
45	1058	0
46	1058	0
47	1058	0
48	1058	0
49	1058	0
50	1058	0
51	1058	0
52	1058	0
53	1058	0
54	1058	0
55	1058	0
56	1058	0
57	1058	0
58	1058	1
59	1058	1
60	1058	0
61	1058	0
62	1058	0
64	1058	0
65	1058	1
66	1058	1
67	1058	0
68	1058	0
69	1058	1
70	1058	0
71	1058	0
72	1058	0
73	1058	0
74	1058	0
75	1058	1
76	1058	0
77	1058	0
78	1058	0
79	1058	0
80	1058	0
81	1058	0
82	1058	0
83	1058	0
84	1058	0
85	1058	1
86	1058	0
87	1058	0
88	1058	0
89	1058	0
90	1058	0
91	1058	0
92	1058	0
93	1058	0
94	1058	0
95	1058	0
96	1058	0
97	1058	0
98	1058	0
99	1058	0
100	1058	0
101	1058	0
102	1058	0
103	1058	0
104	1058	0
105	1058	0
106	1058	0
109	1058	1
111	1058	0
112	1058	0
113	1058	0
114	1058	0
115	1058	0
116	1058	0
117	1058	0
118	1058	0
119	1058	0
120	1058	0
121	1058	0
122	1058	0
123	1058	1
124	1058	0
125	1058	0
130	1058	0
131	1058	0
132	1058	0
133	1058	0
134	1058	0
136	1058	0
137	1058	0
138	1058	1
139	1058	0
141	1058	0
142	1058	0
144	1058	0
146	1058	0
149	1058	0
150	1058	0
151	1058	0
152	1058	0
153	1058	0
154	1058	0
155	1058	0
156	1058	0
157	1058	0
158	1058	0
159	1058	0
160	1058	1
161	1058	0
162	1058	0
163	1058	0
164	1058	0
165	1058	0
166	1058	1
168	1058	0
169	1058	0
170	1058	0
171	1058	0
172	1058	0
173	1058	0
174	1058	0
175	1058	0
177	1058	0
178	1058	1
179	1058	0
180	1058	0
181	1058	0
182	1058	0
183	1058	0
184	1058	0
187	1058	0
188	1058	1
189	1058	0
190	1058	0
191	1058	0
192	1058	0
193	1058	0
194	1058	0
195	1058	0
196	1058	0
197	1058	0
200	1058	0
201	1058	0
202	1058	0
203	1058	0
204	1058	0
206	1058	0
207	1058	0
208	1058	0
210	1058	0
211	1058	0
212	1058	0
213	1058	0
214	1058	0
216	1058	0
217	1058	0
218	1058	0
219	1058	0
220	1058	0
222	1058	0
223	1058	0
224	1058	0
225	1058	0
226	1058	0
227	1058	0
228	1058	0
229	1058	0
230	1058	0
231	1058	0
232	1058	0
233	1058	0
234	1058	0
235	1058	0
236	1058	0
237	1058	0
238	1058	0
239	1058	0
240	1058	0
241	1058	0
242	1058	0
244	1058	0
245	1058	0
246	1058	0
247	1058	0
248	1058	0
249	1058	0
250	1058	0
251	1058	0
252	1058	0
253	1058	0
254	1058	0
255	1058	0
256	1058	0
258	1058	0
259	1058	0
260	1058	0
261	1058	1
262	1058	0
263	1058	1
264	1058	0
265	1058	0
266	1058	0
267	1058	0
268	1058	1
269	1058	0
270	1058	1
271	1058	0
272	1058	0
273	1058	0
274	1058	0
275	1058	0
276	1058	1
277	1058	0
278	1058	0
279	1058	0
280	1058	0
281	1058	0
282	1058	0
283	1058	0
284	1058	0
285	1058	0
286	1058	0
288	1058	0
289	1058	0
290	1058	0
291	1058	0
292	1058	1
293	1058	0
294	1058	0
295	1058	0
296	1058	0
297	1058	0
298	1058	0
299	1058	0
300	1058	0
301	1058	0
302	1058	0
303	1058	0
304	1058	0
306	1058	0
307	1058	1
308	1058	0
309	1058	0
310	1058	0
311	1058	0
312	1058	0
313	1058	0
314	1058	0
315	1058	0
316	1058	0
317	1058	0
318	1058	0
319	1058	0
320	1058	0
321	1058	0
322	1058	0
323	1058	0
324	1058	1
325	1058	0
326	1058	0
327	1058	0
328	1058	0
329	1058	1
330	1058	0
331	1058	0
333	1058	0
334	1058	0
335	1058	0
336	1058	0
337	1058	0
338	1058	0
339	1058	0
340	1058	0
341	1058	0
342	1058	0
343	1058	0
344	1058	0
346	1058	0
347	1058	0
348	1058	0
349	1058	0
350	1058	0
354	1058	0
355	1058	0
356	1058	0
357	1058	0
358	1058	0
359	1058	0
360	1058	0
361	1058	0
363	1058	0
364	1058	0
365	1058	0
366	1058	0
367	1058	0
368	1058	0
370	1058	0
371	1058	0
372	1058	0
373	1058	0
374	1058	0
377	1058	0
378	1058	0
379	1058	0
380	1058	0
381	1058	0
382	1058	0
383	1058	0
384	1058	0
385	1058	0
386	1058	0
387	1058	0
388	1058	0
390	1058	0
391	1058	0
393	1058	0
394	1058	0
395	1058	0
396	1058	0
397	1058	0
398	1058	0
399	1058	0
400	1058	0
401	1058	0
402	1058	0
403	1058	0
404	1058	0
405	1058	0
406	1058	0
408	1058	0
409	1058	1
410	1058	0
411	1058	0
412	1058	0
413	1058	0
414	1058	0
415	1058	1
416	1058	0
417	1058	0
418	1058	0
419	1058	0
420	1058	0
421	1058	0
422	1058	0
423	1058	0
424	1058	0
425	1058	0
426	1058	1
427	1058	0
428	1058	0
429	1058	0
430	1058	0
431	1058	0
432	1058	1
433	1058	0
434	1058	0
435	1058	0
436	1058	0
437	1058	1
438	1058	1
439	1058	0
440	1058	0
441	1058	0
442	1058	0
443	1058	0
444	1058	0
445	1058	0
446	1058	0
447	1058	1
448	1058	0
449	1058	0
450	1058	0
451	1058	0
452	1058	0
453	1058	0
454	1058	0
455	1058	0
456	1058	1
457	1058	0
458	1058	0
459	1058	0
460	1058	0
461	1058	0
462	1058	0
463	1058	0
464	1058	0
465	1058	0
466	1058	1
467	1058	0
468	1058	0
469	1058	0
470	1058	0
471	1058	0
472	1058	0
473	1058	0
474	1058	0
475	1058	0
476	1058	0
477	1058	0
478	1058	0
480	1058	0
481	1058	0
482	1058	0
483	1058	0
484	1058	0
485	1058	1
486	1058	0
487	1058	0
489	1058	0
490	1058	1
491	1058	0
492	1058	0
493	1058	0
495	1058	1
496	1058	0
497	1058	0
499	1058	0
500	1058	0
501	1058	0
502	1058	0
503	1058	0
505	1058	0
508	1058	0
509	1058	0
510	1058	0
511	1058	0
512	1058	0
513	1058	0
514	1058	1
515	1058	0
516	1058	0
517	1058	0
518	1058	0
519	1058	0
520	1058	0
521	1058	0
522	1058	0
523	1058	0
524	1058	0
525	1058	0
527	1058	0
528	1058	0
529	1058	0
533	1058	0
534	1058	0
536	1058	0
537	1058	0
538	1058	0
540	1058	1
541	1058	0
542	1058	0
543	1058	0
544	1058	0
546	1058	0
547	1058	0
548	1058	0
549	1058	0
550	1058	0
551	1058	0
553	1058	0
554	1058	0
555	1058	0
556	1058	0
557	1058	0
558	1058	0
559	1058	0
560	1058	0
561	1058	0
562	1058	0
563	1058	0
564	1058	0
565	1058	0
566	1058	0
567	1058	0
568	1058	0
569	1058	0
570	1058	0
571	1058	0
572	1058	0
573	1058	0
574	1058	1
575	1058	0
576	1058	0
578	1058	0
579	1058	0
580	1058	0
582	1058	0
583	1058	0
584	1058	0
585	1058	0
586	1058	0
587	1058	1
588	1058	0
589	1058	0
590	1058	0
591	1058	1
592	1058	0
593	1058	0
594	1058	0
595	1058	0
596	1058	0
597	1058	0
598	1058	0
599	1058	0
600	1058	0
601	1058	0
602	1058	0
604	1058	0
605	1058	0
606	1058	1
607	1058	0
608	1058	0
609	1058	1
611	1058	0
612	1058	0
613	1058	0
614	1058	0
615	1058	0
616	1058	0
617	1058	0
618	1058	0
620	1058	0
621	1058	0
622	1058	0
624	1058	0
625	1058	0
626	1058	0
627	1058	0
628	1058	1
630	1058	0
631	1058	0
632	1058	0
633	1058	0
635	1058	0
636	1058	0
637	1058	1
640	1058	0
641	1058	0
642	1058	0
643	1058	0
644	1058	0
645	1058	0
646	1058	0
647	1058	0
648	1058	0
649	1058	0
650	1058	0
651	1058	0
652	1058	0
653	1058	0
654	1058	1
655	1058	0
658	1058	0
659	1058	0
661	1058	0
662	1058	0
663	1058	0
664	1058	0
666	1058	0
667	1058	1
668	1058	0
669	1058	0
670	1058	0
671	1058	0
672	1058	0
673	1058	0
674	1058	0
675	1058	0
676	1058	0
682	1058	0
683	1058	0
684	1058	0
685	1058	0
686	1058	0
688	1058	0
689	1058	1
690	1058	1
691	1058	0
692	1058	0
693	1058	0
694	1058	0
695	1058	1
696	1058	0
697	1058	0
698	1058	0
699	1058	1
700	1058	0
701	1058	0
702	1058	0
703	1058	0
704	1058	0
705	1058	0
706	1058	0
707	1058	0
708	1058	0
709	1058	0
710	1058	0
711	1058	0
713	1058	0
714	1058	0
715	1058	0
716	1058	0
717	1058	0
718	1058	0
720	1058	0
721	1058	0
722	1058	0
728	1058	0
730	1058	0
731	1058	0
732	1058	0
733	1058	0
734	1058	0
735	1058	0
736	1058	0
737	1058	0
738	1058	0
739	1058	0
740	1058	0
741	1058	1
742	1058	0
744	1058	0
745	1058	0
746	1058	0
747	1058	0
748	1058	0
749	1058	0
750	1058	0
751	1058	0
752	1058	0
753	1058	0
754	1058	0
755	1058	0
756	1058	0
757	1058	0
758	1058	0
759	1058	0
760	1058	0
761	1058	0
762	1058	0
763	1058	0
764	1058	0
765	1058	0
766	1058	0
767	1058	0
768	1058	0
769	1058	0
770	1058	0
771	1058	0
772	1058	0
773	1058	0
774	1058	0
775	1058	0
776	1058	0
777	1058	0
778	1058	0
779	1058	0
780	1058	0
783	1058	0
784	1058	0
785	1058	0
786	1058	0
787	1058	0
788	1058	0
789	1058	0
790	1058	0
791	1058	0
794	1058	0
796	1058	0
797	1058	0
798	1058	0
799	1058	0
800	1058	0
801	1058	0
802	1058	0
803	1058	0
804	1058	0
806	1058	0
807	1058	0
808	1058	0
809	1058	0
810	1058	0
811	1058	1
814	1058	0
816	1058	0
817	1058	1
819	1058	0
820	1058	0
821	1058	0
824	1058	0
825	1058	0
827	1058	1
828	1058	0
830	1058	0
831	1058	0
832	1058	0
833	1058	0
834	1058	0
835	1058	0
836	1058	0
837	1058	0
839	1058	0
840	1058	0
841	1058	0
843	1058	1
844	1058	0
845	1058	0
846	1058	0
847	1058	0
848	1058	0
849	1058	1
850	1058	0
851	1058	0
852	1058	1
853	1058	0
854	1058	0
855	1058	0
856	1058	0
857	1058	0
858	1058	0
859	1058	1
860	1058	0
861	1058	0
862	1058	0
863	1058	0
864	1058	1
865	1058	0
866	1058	0
867	1058	0
868	1058	0
869	1058	0
870	1058	0
872	1058	0
873	1058	0
874	1058	1
875	1058	1
876	1058	1
877	1058	1
879	1058	0
880	1058	0
881	1058	0
882	1058	0
883	1058	0
884	1058	0
885	1058	0
886	1058	0
887	1058	0
888	1058	0
889	1058	0
890	1058	0
891	1058	0
892	1058	0
893	1058	0
894	1058	0
895	1058	0
896	1058	1
897	1058	0
898	1058	0
900	1058	0
901	1058	0
902	1058	0
903	1058	0
904	1058	0
905	1058	0
906	1058	0
907	1058	0
908	1058	0
909	1058	0
911	1058	0
912	1058	0
913	1058	0
914	1058	0
916	1058	0
917	1058	0
918	1058	0
919	1058	0
920	1058	0
921	1058	0
922	1058	0
923	1058	0
924	1058	0
925	1058	0
927	1058	1
928	1058	0
930	1058	0
931	1058	1
933	1058	0
934	1058	0
936	1058	0
937	1058	0
939	1058	0
940	1058	0
941	1058	0
942	1058	0
943	1058	0
944	1058	0
945	1058	0
946	1058	0
947	1058	0
948	1058	0
949	1058	0
950	1058	0
952	1058	0
953	1058	0
954	1058	0
955	1058	0
956	1058	0
958	1058	0
961	1058	0
962	1058	0
963	1058	0
964	1058	0
965	1058	1
966	1058	0
967	1058	0
