0	1157	0
1	1157	0
2	1157	0
3	1157	0
4	1157	0
5	1157	1
6	1157	0
7	1157	0
8	1157	1
10	1157	0
11	1157	0
12	1157	0
13	1157	0
15	1157	0
16	1157	0
17	1157	0
18	1157	0
19	1157	0
20	1157	0
21	1157	1
22	1157	1
23	1157	0
24	1157	0
25	1157	1
27	1157	0
28	1157	0
29	1157	0
30	1157	1
31	1157	1
32	1157	0
33	1157	0
34	1157	0
35	1157	0
36	1157	0
37	1157	0
38	1157	0
39	1157	1
40	1157	0
41	1157	0
42	1157	0
43	1157	0
44	1157	1
45	1157	0
47	1157	0
48	1157	0
49	1157	0
51	1157	0
53	1157	0
55	1157	0
56	1157	0
58	1157	0
59	1157	0
60	1157	0
61	1157	0
62	1157	0
63	1157	0
64	1157	1
65	1157	0
66	1157	0
67	1157	0
68	1157	0
69	1157	0
70	1157	0
71	1157	0
72	1157	0
73	1157	0
74	1157	0
75	1157	0
77	1157	0
78	1157	0
79	1157	0
80	1157	0
81	1157	0
83	1157	0
84	1157	0
85	1157	0
86	1157	0
87	1157	0
89	1157	0
90	1157	0
91	1157	0
92	1157	0
93	1157	0
94	1157	0
95	1157	0
96	1157	1
97	1157	0
98	1157	0
100	1157	1
101	1157	0
102	1157	0
103	1157	0
104	1157	0
105	1157	0
106	1157	0
107	1157	0
108	1157	0
109	1157	0
110	1157	0
111	1157	0
112	1157	0
113	1157	0
114	1157	0
115	1157	0
116	1157	0
117	1157	0
118	1157	0
120	1157	0
121	1157	0
124	1157	0
125	1157	0
129	1157	0
130	1157	0
131	1157	0
132	1157	0
133	1157	0
134	1157	0
135	1157	0
136	1157	0
137	1157	0
138	1157	0
139	1157	0
140	1157	0
141	1157	0
142	1157	0
143	1157	0
144	1157	0
145	1157	0
146	1157	0
147	1157	0
148	1157	0
149	1157	0
150	1157	0
151	1157	0
152	1157	0
153	1157	0
154	1157	0
155	1157	0
156	1157	0
157	1157	0
158	1157	0
159	1157	0
160	1157	0
161	1157	0
162	1157	0
163	1157	0
164	1157	0
165	1157	0
166	1157	0
167	1157	1
168	1157	0
169	1157	0
170	1157	0
171	1157	0
172	1157	0
173	1157	0
174	1157	0
175	1157	0
177	1157	0
178	1157	0
179	1157	0
180	1157	0
181	1157	0
182	1157	0
183	1157	0
184	1157	0
185	1157	0
186	1157	0
187	1157	0
188	1157	1
189	1157	0
190	1157	0
191	1157	0
193	1157	0
194	1157	1
195	1157	0
196	1157	0
197	1157	0
198	1157	0
199	1157	0
200	1157	0
201	1157	0
202	1157	0
203	1157	0
204	1157	0
206	1157	0
207	1157	0
208	1157	0
209	1157	0
210	1157	0
211	1157	0
212	1157	0
213	1157	0
214	1157	1
215	1157	0
216	1157	0
217	1157	0
218	1157	0
219	1157	0
220	1157	1
221	1157	0
222	1157	0
224	1157	0
225	1157	0
227	1157	0
229	1157	0
230	1157	0
232	1157	0
233	1157	0
235	1157	0
237	1157	0
238	1157	0
239	1157	0
240	1157	1
245	1157	0
246	1157	1
247	1157	0
248	1157	0
249	1157	1
250	1157	0
251	1157	0
252	1157	0
253	1157	0
254	1157	0
255	1157	0
256	1157	0
257	1157	0
258	1157	0
259	1157	0
260	1157	0
261	1157	0
262	1157	0
263	1157	0
264	1157	0
265	1157	0
266	1157	0
267	1157	0
268	1157	0
271	1157	0
272	1157	0
273	1157	0
274	1157	0
275	1157	0
276	1157	0
277	1157	0
278	1157	0
280	1157	0
281	1157	1
282	1157	1
283	1157	0
284	1157	0
285	1157	0
286	1157	0
287	1157	0
288	1157	0
289	1157	0
290	1157	0
292	1157	0
293	1157	0
295	1157	0
296	1157	0
297	1157	0
298	1157	0
302	1157	0
303	1157	1
304	1157	0
305	1157	0
306	1157	0
308	1157	0
310	1157	1
311	1157	0
312	1157	1
313	1157	0
314	1157	0
315	1157	0
317	1157	0
318	1157	0
319	1157	0
321	1157	0
322	1157	0
323	1157	0
324	1157	0
325	1157	0
326	1157	0
327	1157	0
328	1157	0
329	1157	0
330	1157	0
331	1157	1
332	1157	0
333	1157	0
334	1157	0
336	1157	0
337	1157	1
338	1157	0
340	1157	0
341	1157	0
344	1157	0
345	1157	1
346	1157	0
347	1157	0
348	1157	0
349	1157	0
350	1157	0
351	1157	0
352	1157	0
353	1157	0
354	1157	1
355	1157	0
356	1157	0
357	1157	0
358	1157	0
359	1157	0
360	1157	0
361	1157	0
362	1157	0
363	1157	0
364	1157	1
365	1157	0
366	1157	0
367	1157	0
369	1157	1
370	1157	1
371	1157	0
372	1157	0
373	1157	1
374	1157	0
375	1157	1
376	1157	0
377	1157	0
378	1157	1
379	1157	1
381	1157	0
382	1157	0
383	1157	0
384	1157	0
385	1157	1
386	1157	0
387	1157	0
388	1157	0
389	1157	0
390	1157	1
391	1157	0
392	1157	0
393	1157	0
394	1157	1
395	1157	0
397	1157	0
398	1157	0
399	1157	0
401	1157	0
402	1157	0
403	1157	0
404	1157	0
405	1157	0
406	1157	0
407	1157	0
408	1157	0
409	1157	0
410	1157	0
412	1157	0
414	1157	0
415	1157	0
416	1157	0
417	1157	0
418	1157	0
419	1157	0
420	1157	1
421	1157	0
422	1157	0
423	1157	1
424	1157	0
425	1157	0
426	1157	0
427	1157	0
428	1157	0
429	1157	0
430	1157	0
431	1157	0
432	1157	0
434	1157	0
436	1157	0
437	1157	0
438	1157	0
439	1157	0
440	1157	0
441	1157	0
442	1157	0
444	1157	0
445	1157	0
446	1157	0
447	1157	1
449	1157	0
450	1157	0
451	1157	0
452	1157	0
453	1157	0
454	1157	0
455	1157	0
456	1157	0
457	1157	0
458	1157	0
459	1157	0
461	1157	0
462	1157	0
463	1157	1
464	1157	0
465	1157	0
466	1157	0
468	1157	0
469	1157	0
470	1157	0
471	1157	0
472	1157	0
473	1157	0
474	1157	0
475	1157	0
476	1157	0
477	1157	0
478	1157	0
479	1157	0
480	1157	0
481	1157	0
482	1157	0
483	1157	0
484	1157	0
486	1157	0
487	1157	0
488	1157	0
489	1157	0
490	1157	0
492	1157	0
493	1157	0
494	1157	0
496	1157	0
497	1157	0
498	1157	0
499	1157	1
500	1157	0
501	1157	0
502	1157	0
503	1157	1
504	1157	1
505	1157	0
506	1157	0
507	1157	1
508	1157	1
509	1157	1
510	1157	0
511	1157	0
512	1157	0
513	1157	0
514	1157	1
515	1157	0
516	1157	0
518	1157	0
519	1157	0
520	1157	1
521	1157	0
522	1157	0
523	1157	0
524	1157	0
525	1157	1
526	1157	0
527	1157	0
528	1157	0
530	1157	0
531	1157	0
533	1157	0
534	1157	0
535	1157	0
536	1157	0
538	1157	0
539	1157	0
541	1157	0
542	1157	0
543	1157	0
544	1157	0
545	1157	0
546	1157	0
547	1157	0
549	1157	0
550	1157	0
551	1157	0
553	1157	0
554	1157	0
555	1157	0
556	1157	0
557	1157	0
558	1157	0
559	1157	0
560	1157	0
561	1157	0
562	1157	0
563	1157	0
565	1157	0
566	1157	0
567	1157	0
568	1157	0
569	1157	0
571	1157	0
573	1157	0
574	1157	0
575	1157	0
576	1157	0
577	1157	0
578	1157	0
580	1157	0
583	1157	0
584	1157	0
585	1157	0
586	1157	0
587	1157	0
588	1157	0
589	1157	0
591	1157	0
593	1157	0
595	1157	0
596	1157	0
597	1157	0
598	1157	0
599	1157	0
600	1157	0
601	1157	0
602	1157	0
604	1157	0
605	1157	0
606	1157	0
607	1157	0
608	1157	0
609	1157	0
611	1157	0
612	1157	0
613	1157	0
614	1157	0
616	1157	0
617	1157	0
618	1157	0
619	1157	0
620	1157	0
621	1157	0
622	1157	0
624	1157	0
625	1157	0
626	1157	0
627	1157	0
628	1157	0
630	1157	0
632	1157	0
633	1157	0
634	1157	0
635	1157	0
636	1157	0
637	1157	0
638	1157	0
639	1157	0
640	1157	0
641	1157	0
642	1157	0
643	1157	0
644	1157	0
645	1157	1
646	1157	0
647	1157	0
648	1157	0
649	1157	1
650	1157	0
651	1157	0
652	1157	1
654	1157	0
655	1157	0
656	1157	0
657	1157	0
659	1157	0
660	1157	0
661	1157	1
662	1157	0
663	1157	0
664	1157	1
665	1157	1
666	1157	0
667	1157	0
668	1157	0
669	1157	0
670	1157	0
671	1157	0
672	1157	0
673	1157	0
674	1157	0
676	1157	0
677	1157	0
678	1157	0
679	1157	0
680	1157	0
681	1157	0
683	1157	0
684	1157	0
685	1157	0
686	1157	0
687	1157	0
688	1157	0
689	1157	0
690	1157	0
691	1157	0
692	1157	1
693	1157	0
694	1157	0
695	1157	0
696	1157	0
697	1157	0
698	1157	0
699	1157	0
700	1157	0
701	1157	0
703	1157	0
705	1157	0
706	1157	0
707	1157	0
709	1157	0
710	1157	1
711	1157	0
712	1157	0
713	1157	0
714	1157	0
715	1157	1
717	1157	0
718	1157	0
719	1157	0
720	1157	0
721	1157	0
722	1157	0
723	1157	0
724	1157	0
725	1157	0
726	1157	1
727	1157	0
728	1157	0
729	1157	1
730	1157	0
732	1157	0
734	1157	0
735	1157	0
736	1157	0
737	1157	0
738	1157	0
739	1157	0
740	1157	0
741	1157	0
742	1157	0
743	1157	1
744	1157	0
745	1157	0
746	1157	0
747	1157	0
748	1157	0
749	1157	1
752	1157	0
753	1157	0
754	1157	0
756	1157	0
757	1157	0
758	1157	0
759	1157	0
760	1157	0
762	1157	0
764	1157	0
765	1157	0
766	1157	0
767	1157	0
768	1157	0
769	1157	0
770	1157	0
771	1157	0
772	1157	0
773	1157	0
775	1157	0
776	1157	0
777	1157	0
778	1157	0
780	1157	0
781	1157	0
782	1157	0
783	1157	1
784	1157	1
786	1157	0
787	1157	1
788	1157	0
790	1157	0
791	1157	0
792	1157	0
793	1157	0
794	1157	1
795	1157	0
796	1157	0
797	1157	0
798	1157	0
799	1157	0
800	1157	0
801	1157	0
802	1157	0
803	1157	0
804	1157	0
806	1157	0
807	1157	0
808	1157	0
810	1157	0
811	1157	0
814	1157	0
816	1157	0
818	1157	0
819	1157	0
820	1157	0
822	1157	0
823	1157	0
824	1157	0
825	1157	0
826	1157	0
827	1157	0
830	1157	1
831	1157	0
832	1157	1
833	1157	0
835	1157	0
836	1157	0
837	1157	0
838	1157	1
839	1157	0
840	1157	0
843	1157	0
844	1157	0
845	1157	0
848	1157	0
849	1157	0
850	1157	0
851	1157	0
852	1157	1
853	1157	0
854	1157	0
855	1157	0
856	1157	0
857	1157	0
861	1157	0
862	1157	0
863	1157	0
864	1157	1
866	1157	0
867	1157	0
868	1157	0
869	1157	0
871	1157	0
873	1157	0
875	1157	0
876	1157	0
877	1157	0
878	1157	0
880	1157	0
881	1157	0
882	1157	0
883	1157	0
884	1157	0
885	1157	0
887	1157	0
888	1157	0
889	1157	0
890	1157	0
891	1157	0
892	1157	1
893	1157	0
894	1157	1
895	1157	1
896	1157	0
897	1157	0
898	1157	0
899	1157	0
900	1157	0
901	1157	0
903	1157	0
904	1157	0
905	1157	0
907	1157	0
908	1157	0
909	1157	0
910	1157	0
911	1157	0
912	1157	0
913	1157	0
915	1157	0
916	1157	0
917	1157	0
918	1157	0
919	1157	0
920	1157	0
921	1157	0
922	1157	0
923	1157	0
924	1157	1
925	1157	0
926	1157	0
927	1157	0
928	1157	1
929	1157	0
934	1157	0
935	1157	0
936	1157	0
937	1157	0
939	1157	0
940	1157	0
941	1157	0
942	1157	0
943	1157	0
944	1157	0
945	1157	0
946	1157	0
948	1157	0
949	1157	0
950	1157	0
952	1157	0
953	1157	0
954	1157	0
955	1157	0
956	1157	0
957	1157	0
958	1157	0
959	1157	0
960	1157	0
961	1157	0
962	1157	0
963	1157	0
964	1157	0
965	1157	1
966	1157	0
967	1157	0
