0	1156	1
1	1156	0
2	1156	0
3	1156	0
4	1156	0
5	1156	0
6	1156	1
7	1156	0
8	1156	0
10	1156	0
11	1156	0
12	1156	0
13	1156	0
15	1156	0
16	1156	0
17	1156	0
18	1156	0
19	1156	0
20	1156	0
21	1156	0
22	1156	0
23	1156	0
24	1156	0
25	1156	0
27	1156	0
28	1156	1
29	1156	0
30	1156	0
31	1156	1
32	1156	0
33	1156	0
34	1156	1
35	1156	0
36	1156	0
38	1156	0
39	1156	1
40	1156	1
41	1156	0
42	1156	0
43	1156	0
44	1156	0
45	1156	0
47	1156	0
48	1156	0
49	1156	0
51	1156	0
53	1156	1
55	1156	0
56	1156	0
58	1156	1
59	1156	0
60	1156	0
61	1156	0
62	1156	0
63	1156	1
64	1156	0
65	1156	0
66	1156	0
67	1156	0
68	1156	1
69	1156	0
70	1156	1
71	1156	0
72	1156	0
73	1156	0
74	1156	0
75	1156	0
77	1156	0
78	1156	0
79	1156	1
80	1156	0
81	1156	0
83	1156	0
84	1156	0
85	1156	0
86	1156	0
87	1156	0
89	1156	1
90	1156	1
91	1156	0
92	1156	0
93	1156	0
94	1156	0
95	1156	0
96	1156	0
97	1156	0
98	1156	1
100	1156	0
101	1156	0
102	1156	0
103	1156	0
104	1156	0
105	1156	0
106	1156	0
107	1156	0
108	1156	0
109	1156	0
110	1156	0
111	1156	0
112	1156	0
113	1156	0
114	1156	0
115	1156	0
116	1156	0
117	1156	0
118	1156	1
120	1156	0
121	1156	0
124	1156	0
125	1156	0
129	1156	0
130	1156	0
131	1156	1
132	1156	0
133	1156	0
134	1156	0
135	1156	0
136	1156	0
137	1156	0
138	1156	1
139	1156	0
140	1156	0
141	1156	0
142	1156	0
143	1156	0
144	1156	0
145	1156	0
146	1156	0
147	1156	0
148	1156	0
149	1156	0
150	1156	0
151	1156	0
152	1156	0
153	1156	0
154	1156	0
155	1156	0
156	1156	0
157	1156	0
158	1156	0
159	1156	0
160	1156	0
161	1156	1
162	1156	0
163	1156	1
164	1156	0
165	1156	0
166	1156	0
167	1156	0
168	1156	0
169	1156	1
170	1156	0
171	1156	0
172	1156	0
173	1156	0
174	1156	0
175	1156	0
177	1156	0
178	1156	0
179	1156	0
180	1156	0
181	1156	0
182	1156	1
183	1156	0
184	1156	0
185	1156	0
186	1156	0
187	1156	0
188	1156	1
189	1156	0
190	1156	0
193	1156	0
194	1156	0
195	1156	0
196	1156	0
197	1156	1
198	1156	0
199	1156	0
200	1156	0
201	1156	0
202	1156	0
203	1156	0
204	1156	0
206	1156	0
207	1156	0
208	1156	0
209	1156	0
210	1156	0
211	1156	0
212	1156	0
213	1156	1
214	1156	0
215	1156	1
216	1156	0
217	1156	0
218	1156	0
219	1156	1
220	1156	1
221	1156	0
222	1156	0
224	1156	0
225	1156	0
227	1156	0
228	1156	0
229	1156	0
230	1156	0
232	1156	0
233	1156	0
235	1156	0
237	1156	0
238	1156	1
239	1156	1
240	1156	1
245	1156	0
246	1156	1
247	1156	0
248	1156	0
249	1156	0
250	1156	0
251	1156	0
252	1156	1
253	1156	0
254	1156	0
255	1156	0
256	1156	0
257	1156	0
258	1156	0
259	1156	0
260	1156	0
261	1156	0
262	1156	0
263	1156	1
264	1156	0
265	1156	0
266	1156	0
267	1156	0
268	1156	0
271	1156	0
272	1156	0
273	1156	0
274	1156	1
275	1156	0
276	1156	0
277	1156	0
278	1156	0
280	1156	0
281	1156	0
282	1156	0
283	1156	1
284	1156	0
285	1156	0
286	1156	0
287	1156	1
288	1156	0
289	1156	0
290	1156	0
292	1156	0
293	1156	0
295	1156	0
296	1156	0
297	1156	0
298	1156	0
302	1156	0
303	1156	0
304	1156	0
305	1156	0
306	1156	0
308	1156	0
310	1156	1
311	1156	1
312	1156	0
313	1156	0
314	1156	0
315	1156	0
317	1156	0
318	1156	0
319	1156	0
321	1156	0
322	1156	1
323	1156	0
324	1156	0
325	1156	0
326	1156	0
327	1156	0
328	1156	1
329	1156	0
330	1156	0
332	1156	0
333	1156	1
334	1156	0
336	1156	0
337	1156	0
338	1156	0
340	1156	0
341	1156	0
344	1156	0
345	1156	0
346	1156	0
347	1156	0
348	1156	0
349	1156	0
350	1156	0
351	1156	0
352	1156	0
353	1156	1
354	1156	0
355	1156	1
356	1156	0
357	1156	0
358	1156	0
359	1156	1
360	1156	1
361	1156	0
362	1156	0
363	1156	0
364	1156	0
365	1156	0
366	1156	1
367	1156	0
369	1156	0
370	1156	0
371	1156	0
372	1156	0
373	1156	0
374	1156	0
375	1156	0
376	1156	0
377	1156	0
378	1156	0
379	1156	0
381	1156	0
382	1156	0
383	1156	0
384	1156	0
385	1156	1
386	1156	0
387	1156	0
388	1156	0
389	1156	0
390	1156	0
391	1156	0
392	1156	0
393	1156	0
394	1156	1
395	1156	0
397	1156	0
398	1156	0
399	1156	0
401	1156	0
402	1156	0
403	1156	0
404	1156	0
405	1156	0
406	1156	0
407	1156	0
408	1156	1
409	1156	1
410	1156	0
412	1156	0
414	1156	0
415	1156	0
416	1156	0
417	1156	0
418	1156	0
419	1156	0
420	1156	0
421	1156	0
422	1156	0
423	1156	0
424	1156	0
425	1156	0
426	1156	1
427	1156	0
428	1156	0
429	1156	0
430	1156	1
431	1156	0
432	1156	0
434	1156	0
436	1156	0
437	1156	0
438	1156	0
439	1156	0
440	1156	1
441	1156	0
442	1156	0
444	1156	0
445	1156	0
446	1156	0
447	1156	0
449	1156	0
450	1156	0
451	1156	0
452	1156	1
453	1156	0
454	1156	0
455	1156	0
456	1156	0
457	1156	0
458	1156	0
459	1156	0
461	1156	1
462	1156	0
463	1156	0
464	1156	0
465	1156	0
466	1156	0
468	1156	0
469	1156	0
470	1156	0
471	1156	0
472	1156	0
473	1156	0
474	1156	0
475	1156	0
476	1156	0
477	1156	0
478	1156	0
479	1156	0
480	1156	0
481	1156	0
482	1156	0
483	1156	0
484	1156	0
486	1156	1
487	1156	1
488	1156	0
489	1156	0
490	1156	0
492	1156	0
493	1156	0
494	1156	0
496	1156	0
497	1156	0
498	1156	0
499	1156	0
500	1156	0
501	1156	0
502	1156	0
503	1156	1
504	1156	0
505	1156	0
506	1156	0
507	1156	0
508	1156	0
509	1156	1
510	1156	0
511	1156	0
512	1156	0
513	1156	0
514	1156	1
515	1156	0
516	1156	1
518	1156	0
519	1156	0
520	1156	0
521	1156	0
522	1156	0
523	1156	0
524	1156	0
525	1156	1
526	1156	1
527	1156	0
528	1156	0
530	1156	1
531	1156	0
533	1156	0
534	1156	0
535	1156	0
536	1156	0
538	1156	0
539	1156	1
541	1156	0
542	1156	0
543	1156	0
544	1156	0
545	1156	0
546	1156	1
547	1156	0
549	1156	0
550	1156	0
551	1156	0
553	1156	0
554	1156	0
555	1156	0
556	1156	0
557	1156	0
558	1156	1
559	1156	1
560	1156	0
561	1156	0
562	1156	1
563	1156	0
565	1156	0
566	1156	0
567	1156	0
568	1156	0
569	1156	0
571	1156	1
573	1156	0
574	1156	1
575	1156	0
576	1156	0
577	1156	0
578	1156	0
580	1156	0
583	1156	0
584	1156	0
585	1156	0
586	1156	0
587	1156	1
588	1156	0
589	1156	0
591	1156	0
593	1156	0
595	1156	0
596	1156	0
597	1156	1
598	1156	0
599	1156	0
600	1156	0
601	1156	0
602	1156	0
604	1156	0
605	1156	0
606	1156	0
607	1156	0
608	1156	0
609	1156	0
611	1156	0
612	1156	0
613	1156	0
614	1156	0
616	1156	0
617	1156	0
618	1156	0
619	1156	0
620	1156	0
621	1156	0
622	1156	0
624	1156	0
625	1156	0
626	1156	0
627	1156	0
628	1156	0
630	1156	0
632	1156	0
633	1156	0
634	1156	0
635	1156	1
636	1156	0
637	1156	1
638	1156	0
639	1156	0
640	1156	0
641	1156	0
642	1156	0
643	1156	1
644	1156	0
645	1156	0
646	1156	0
647	1156	0
648	1156	0
649	1156	0
650	1156	0
651	1156	0
652	1156	0
654	1156	0
655	1156	0
656	1156	0
657	1156	1
659	1156	0
660	1156	0
661	1156	0
662	1156	0
663	1156	1
664	1156	1
665	1156	1
666	1156	0
667	1156	0
668	1156	0
669	1156	0
670	1156	0
671	1156	0
672	1156	1
673	1156	0
674	1156	0
676	1156	0
677	1156	1
678	1156	0
679	1156	0
680	1156	0
681	1156	0
683	1156	0
684	1156	1
685	1156	0
686	1156	0
687	1156	0
688	1156	1
689	1156	0
690	1156	0
691	1156	0
692	1156	0
693	1156	0
694	1156	0
695	1156	0
696	1156	0
697	1156	0
698	1156	0
699	1156	0
700	1156	0
701	1156	0
703	1156	0
705	1156	0
706	1156	1
707	1156	0
709	1156	0
710	1156	0
711	1156	0
712	1156	1
713	1156	0
714	1156	1
715	1156	0
717	1156	0
718	1156	0
719	1156	0
720	1156	0
721	1156	0
722	1156	0
723	1156	0
724	1156	1
725	1156	1
726	1156	0
727	1156	1
728	1156	0
729	1156	0
730	1156	0
732	1156	0
734	1156	1
735	1156	0
736	1156	0
737	1156	0
738	1156	0
739	1156	0
740	1156	0
741	1156	0
742	1156	0
743	1156	0
744	1156	0
745	1156	0
746	1156	0
747	1156	0
748	1156	0
749	1156	0
752	1156	1
753	1156	0
754	1156	0
755	1156	0
756	1156	0
757	1156	1
758	1156	0
759	1156	0
760	1156	0
762	1156	0
764	1156	0
765	1156	0
766	1156	1
767	1156	0
768	1156	1
769	1156	1
770	1156	0
771	1156	0
772	1156	0
773	1156	0
775	1156	1
776	1156	0
777	1156	1
778	1156	0
780	1156	0
781	1156	0
782	1156	0
783	1156	0
784	1156	1
786	1156	0
787	1156	0
788	1156	0
790	1156	0
791	1156	0
792	1156	0
793	1156	0
794	1156	0
795	1156	0
796	1156	0
797	1156	0
798	1156	0
799	1156	0
800	1156	0
801	1156	0
802	1156	0
803	1156	0
804	1156	0
806	1156	0
807	1156	0
808	1156	1
810	1156	0
811	1156	0
814	1156	1
816	1156	1
818	1156	0
819	1156	0
820	1156	0
822	1156	0
823	1156	0
824	1156	0
825	1156	0
826	1156	0
827	1156	0
830	1156	0
831	1156	0
832	1156	0
833	1156	0
835	1156	0
836	1156	0
837	1156	0
838	1156	0
839	1156	0
840	1156	0
843	1156	0
844	1156	0
845	1156	0
848	1156	0
849	1156	0
850	1156	0
851	1156	0
852	1156	0
853	1156	0
854	1156	0
855	1156	0
856	1156	1
857	1156	0
861	1156	0
862	1156	0
863	1156	0
864	1156	0
866	1156	0
867	1156	0
868	1156	0
869	1156	0
871	1156	0
873	1156	0
875	1156	0
876	1156	0
877	1156	0
878	1156	1
880	1156	0
881	1156	0
882	1156	0
883	1156	0
884	1156	0
885	1156	0
887	1156	0
888	1156	0
889	1156	0
890	1156	0
891	1156	0
892	1156	0
893	1156	1
894	1156	0
895	1156	0
896	1156	0
897	1156	0
898	1156	0
899	1156	0
900	1156	0
901	1156	0
903	1156	0
904	1156	0
905	1156	0
907	1156	0
908	1156	0
909	1156	0
910	1156	0
911	1156	0
912	1156	1
913	1156	0
915	1156	0
916	1156	0
917	1156	0
918	1156	0
919	1156	0
920	1156	0
921	1156	0
922	1156	0
923	1156	0
924	1156	0
925	1156	0
926	1156	0
927	1156	0
928	1156	1
929	1156	0
934	1156	1
935	1156	0
936	1156	1
937	1156	0
939	1156	0
940	1156	0
941	1156	0
942	1156	0
943	1156	0
944	1156	1
945	1156	1
946	1156	1
948	1156	0
949	1156	0
950	1156	0
952	1156	0
953	1156	0
954	1156	0
955	1156	1
956	1156	0
958	1156	0
959	1156	1
960	1156	0
961	1156	0
962	1156	0
963	1156	0
964	1156	1
965	1156	0
966	1156	0
967	1156	0
