0	1046	0
1	1046	0
2	1046	0
3	1046	0
4	1046	0
5	1046	1
6	1046	0
7	1046	0
8	1046	1
9	1046	1
10	1046	0
11	1046	0
12	1046	0
13	1046	0
14	1046	0
15	1046	0
16	1046	0
17	1046	0
18	1046	0
19	1046	0
20	1046	0
21	1046	0
22	1046	0
23	1046	0
24	1046	0
26	1046	1
27	1046	0
28	1046	1
29	1046	0
30	1046	0
31	1046	1
32	1046	0
33	1046	0
34	1046	1
35	1046	0
36	1046	0
37	1046	0
38	1046	0
39	1046	0
40	1046	0
42	1046	0
43	1046	0
44	1046	0
45	1046	1
46	1046	0
47	1046	0
48	1046	0
49	1046	0
50	1046	0
51	1046	0
52	1046	0
53	1046	0
54	1046	0
55	1046	0
56	1046	0
57	1046	0
58	1046	0
59	1046	0
60	1046	0
61	1046	0
62	1046	0
64	1046	0
65	1046	0
66	1046	0
67	1046	0
68	1046	0
69	1046	0
70	1046	1
71	1046	0
72	1046	0
73	1046	0
74	1046	0
75	1046	0
76	1046	0
77	1046	0
78	1046	0
79	1046	0
80	1046	0
81	1046	0
82	1046	0
83	1046	0
84	1046	0
85	1046	0
86	1046	0
87	1046	0
88	1046	0
89	1046	0
90	1046	0
91	1046	0
92	1046	0
93	1046	0
94	1046	0
95	1046	0
96	1046	0
97	1046	0
98	1046	0
99	1046	0
100	1046	0
101	1046	0
102	1046	0
103	1046	0
104	1046	0
105	1046	0
106	1046	0
109	1046	0
111	1046	0
112	1046	0
113	1046	0
114	1046	0
115	1046	0
116	1046	0
117	1046	0
118	1046	0
119	1046	0
120	1046	0
121	1046	0
122	1046	0
123	1046	0
124	1046	0
125	1046	1
126	1046	0
127	1046	0
129	1046	0
130	1046	0
131	1046	0
132	1046	0
133	1046	0
134	1046	0
136	1046	0
137	1046	0
138	1046	0
139	1046	0
140	1046	0
141	1046	0
142	1046	0
143	1046	0
144	1046	0
145	1046	0
146	1046	0
147	1046	0
148	1046	0
149	1046	0
150	1046	0
151	1046	0
152	1046	0
153	1046	0
154	1046	0
155	1046	0
156	1046	0
157	1046	0
158	1046	0
159	1046	0
160	1046	1
161	1046	0
162	1046	0
163	1046	0
165	1046	0
166	1046	0
167	1046	0
168	1046	0
169	1046	0
170	1046	0
171	1046	0
172	1046	0
173	1046	0
174	1046	0
175	1046	0
177	1046	0
178	1046	0
179	1046	0
180	1046	0
182	1046	0
183	1046	0
184	1046	0
185	1046	0
186	1046	0
187	1046	0
188	1046	1
189	1046	0
190	1046	0
191	1046	0
192	1046	0
193	1046	0
194	1046	0
195	1046	0
196	1046	0
197	1046	0
198	1046	0
199	1046	0
200	1046	0
201	1046	0
202	1046	1
203	1046	0
204	1046	0
206	1046	0
207	1046	0
208	1046	0
210	1046	0
211	1046	0
212	1046	1
213	1046	0
214	1046	0
215	1046	0
216	1046	0
217	1046	0
218	1046	0
219	1046	0
220	1046	0
222	1046	0
223	1046	0
224	1046	1
225	1046	0
226	1046	0
227	1046	1
228	1046	0
229	1046	0
230	1046	0
231	1046	0
232	1046	0
233	1046	0
234	1046	0
235	1046	0
236	1046	0
237	1046	0
238	1046	0
239	1046	1
240	1046	0
241	1046	0
242	1046	0
244	1046	0
245	1046	0
246	1046	1
247	1046	0
248	1046	0
249	1046	0
250	1046	0
251	1046	1
252	1046	0
253	1046	0
254	1046	0
255	1046	0
256	1046	0
258	1046	0
259	1046	0
260	1046	0
261	1046	0
262	1046	0
263	1046	0
264	1046	0
265	1046	0
266	1046	0
267	1046	0
268	1046	0
269	1046	0
270	1046	0
271	1046	0
272	1046	0
274	1046	1
275	1046	1
276	1046	0
277	1046	0
278	1046	0
279	1046	0
280	1046	0
281	1046	0
282	1046	0
283	1046	0
284	1046	0
285	1046	0
286	1046	0
287	1046	0
288	1046	0
289	1046	0
290	1046	0
291	1046	0
292	1046	0
293	1046	0
294	1046	0
295	1046	0
296	1046	0
297	1046	0
298	1046	0
299	1046	1
300	1046	0
301	1046	0
302	1046	0
303	1046	0
304	1046	0
305	1046	0
306	1046	0
307	1046	0
308	1046	0
309	1046	0
310	1046	0
311	1046	0
312	1046	0
313	1046	0
314	1046	0
315	1046	0
316	1046	0
317	1046	0
318	1046	0
319	1046	0
320	1046	0
321	1046	0
322	1046	0
323	1046	0
324	1046	0
325	1046	0
326	1046	0
327	1046	0
328	1046	1
329	1046	0
330	1046	0
331	1046	0
333	1046	1
335	1046	0
336	1046	0
337	1046	0
338	1046	0
339	1046	0
340	1046	0
341	1046	0
342	1046	0
343	1046	0
344	1046	0
346	1046	0
347	1046	0
348	1046	1
349	1046	1
350	1046	0
351	1046	0
352	1046	0
354	1046	0
355	1046	0
357	1046	0
358	1046	0
359	1046	1
360	1046	0
361	1046	1
363	1046	0
364	1046	0
365	1046	0
366	1046	0
367	1046	0
368	1046	0
370	1046	1
371	1046	0
372	1046	0
373	1046	0
374	1046	0
375	1046	1
377	1046	0
378	1046	0
379	1046	0
380	1046	0
381	1046	0
382	1046	0
383	1046	0
384	1046	0
385	1046	1
386	1046	0
387	1046	0
388	1046	0
389	1046	1
390	1046	0
391	1046	0
393	1046	0
394	1046	0
395	1046	0
396	1046	0
398	1046	0
399	1046	0
400	1046	1
401	1046	0
402	1046	0
403	1046	0
404	1046	0
405	1046	0
406	1046	0
407	1046	0
408	1046	1
409	1046	0
410	1046	0
411	1046	0
412	1046	0
413	1046	1
414	1046	0
415	1046	0
416	1046	1
417	1046	0
418	1046	0
419	1046	0
420	1046	1
421	1046	0
422	1046	0
423	1046	0
424	1046	0
425	1046	0
426	1046	0
427	1046	0
428	1046	0
429	1046	0
431	1046	0
432	1046	0
433	1046	0
434	1046	0
435	1046	0
436	1046	1
437	1046	0
438	1046	0
439	1046	0
440	1046	0
441	1046	0
442	1046	0
443	1046	0
444	1046	0
445	1046	0
446	1046	0
447	1046	0
448	1046	0
449	1046	0
450	1046	0
451	1046	0
452	1046	0
453	1046	0
454	1046	0
455	1046	0
456	1046	1
457	1046	0
458	1046	0
459	1046	0
460	1046	0
461	1046	0
462	1046	0
463	1046	0
464	1046	0
465	1046	1
466	1046	0
467	1046	0
468	1046	0
469	1046	0
470	1046	0
471	1046	0
472	1046	0
473	1046	1
474	1046	1
475	1046	0
476	1046	0
477	1046	0
478	1046	0
480	1046	0
481	1046	0
482	1046	0
483	1046	0
484	1046	0
485	1046	0
486	1046	0
487	1046	0
489	1046	0
490	1046	0
491	1046	0
492	1046	0
493	1046	0
495	1046	0
496	1046	0
497	1046	0
499	1046	0
500	1046	0
501	1046	0
502	1046	0
503	1046	0
505	1046	0
506	1046	0
508	1046	0
509	1046	1
510	1046	0
511	1046	0
512	1046	1
513	1046	0
514	1046	1
515	1046	1
516	1046	0
517	1046	0
518	1046	0
519	1046	0
520	1046	0
521	1046	1
522	1046	1
523	1046	0
524	1046	1
525	1046	0
526	1046	0
527	1046	0
528	1046	0
529	1046	1
531	1046	0
533	1046	0
534	1046	0
536	1046	0
537	1046	0
538	1046	0
540	1046	0
541	1046	0
542	1046	0
543	1046	1
544	1046	1
546	1046	0
547	1046	0
548	1046	0
549	1046	1
550	1046	0
551	1046	0
553	1046	0
554	1046	0
555	1046	0
556	1046	0
557	1046	1
558	1046	0
559	1046	0
560	1046	1
561	1046	0
562	1046	0
563	1046	0
564	1046	0
565	1046	1
566	1046	0
567	1046	0
568	1046	0
569	1046	0
570	1046	0
571	1046	0
572	1046	1
574	1046	0
575	1046	0
576	1046	0
577	1046	0
578	1046	0
579	1046	0
580	1046	0
582	1046	0
583	1046	0
584	1046	1
585	1046	1
586	1046	0
587	1046	0
588	1046	0
589	1046	1
590	1046	0
591	1046	0
592	1046	0
593	1046	0
594	1046	0
595	1046	0
596	1046	0
597	1046	0
598	1046	1
599	1046	0
600	1046	0
601	1046	0
602	1046	0
604	1046	0
605	1046	0
606	1046	0
607	1046	0
608	1046	1
609	1046	0
611	1046	0
612	1046	0
613	1046	1
614	1046	0
615	1046	0
616	1046	0
617	1046	1
618	1046	0
619	1046	0
620	1046	1
621	1046	0
622	1046	0
624	1046	0
625	1046	1
626	1046	0
627	1046	0
628	1046	0
630	1046	0
631	1046	1
632	1046	0
633	1046	0
635	1046	0
636	1046	0
637	1046	1
640	1046	0
641	1046	0
642	1046	0
643	1046	1
644	1046	0
645	1046	1
646	1046	0
647	1046	0
648	1046	0
649	1046	0
650	1046	0
651	1046	0
652	1046	1
653	1046	0
654	1046	1
655	1046	1
656	1046	0
657	1046	0
658	1046	0
659	1046	0
660	1046	0
661	1046	1
662	1046	1
663	1046	1
664	1046	1
666	1046	1
667	1046	1
668	1046	0
669	1046	0
670	1046	0
671	1046	0
672	1046	0
673	1046	0
674	1046	0
675	1046	0
676	1046	0
677	1046	0
678	1046	0
679	1046	0
680	1046	0
681	1046	0
682	1046	0
683	1046	0
684	1046	0
685	1046	0
686	1046	0
687	1046	0
688	1046	0
689	1046	0
690	1046	0
691	1046	1
692	1046	0
693	1046	0
694	1046	1
695	1046	1
696	1046	0
697	1046	0
698	1046	0
699	1046	1
700	1046	0
701	1046	0
702	1046	0
703	1046	0
704	1046	0
705	1046	0
706	1046	0
707	1046	0
708	1046	0
709	1046	0
710	1046	0
711	1046	0
712	1046	0
713	1046	0
714	1046	0
715	1046	0
716	1046	0
717	1046	0
718	1046	1
719	1046	0
720	1046	0
721	1046	1
722	1046	0
723	1046	0
724	1046	0
725	1046	0
726	1046	0
727	1046	1
728	1046	0
730	1046	0
731	1046	0
732	1046	0
733	1046	0
734	1046	0
735	1046	0
736	1046	0
737	1046	0
738	1046	0
739	1046	0
740	1046	0
741	1046	0
742	1046	0
743	1046	0
744	1046	0
745	1046	0
746	1046	0
747	1046	0
748	1046	0
749	1046	0
750	1046	0
751	1046	0
752	1046	0
753	1046	0
754	1046	0
755	1046	0
756	1046	0
757	1046	0
758	1046	1
759	1046	0
760	1046	0
761	1046	0
762	1046	0
763	1046	1
764	1046	0
765	1046	0
767	1046	0
768	1046	0
769	1046	0
770	1046	0
771	1046	0
772	1046	0
773	1046	1
774	1046	1
775	1046	0
776	1046	0
777	1046	0
778	1046	0
779	1046	1
780	1046	0
782	1046	0
783	1046	0
784	1046	0
785	1046	0
786	1046	0
787	1046	0
788	1046	0
789	1046	0
790	1046	0
791	1046	0
793	1046	0
794	1046	0
795	1046	0
796	1046	0
797	1046	0
798	1046	0
799	1046	0
800	1046	0
801	1046	0
802	1046	0
803	1046	0
804	1046	0
806	1046	1
807	1046	0
808	1046	0
809	1046	0
810	1046	0
811	1046	1
812	1046	0
813	1046	1
814	1046	0
816	1046	0
817	1046	0
818	1046	0
819	1046	1
820	1046	0
821	1046	0
822	1046	0
823	1046	0
824	1046	0
825	1046	0
826	1046	0
827	1046	0
828	1046	1
829	1046	1
830	1046	1
831	1046	1
832	1046	1
833	1046	1
834	1046	0
835	1046	0
836	1046	0
837	1046	0
839	1046	0
840	1046	0
841	1046	0
842	1046	0
843	1046	0
844	1046	0
845	1046	0
846	1046	0
847	1046	1
848	1046	0
849	1046	0
850	1046	1
851	1046	0
852	1046	0
853	1046	0
854	1046	0
855	1046	0
856	1046	0
857	1046	0
858	1046	0
859	1046	0
860	1046	0
861	1046	0
862	1046	0
863	1046	0
864	1046	0
865	1046	0
866	1046	0
867	1046	0
868	1046	0
869	1046	0
870	1046	1
872	1046	0
873	1046	0
874	1046	0
875	1046	0
876	1046	0
877	1046	0
878	1046	0
879	1046	0
880	1046	0
881	1046	0
882	1046	0
883	1046	0
884	1046	0
885	1046	0
886	1046	0
887	1046	0
888	1046	1
889	1046	0
890	1046	0
891	1046	0
892	1046	0
893	1046	0
894	1046	0
895	1046	0
896	1046	0
897	1046	0
898	1046	0
900	1046	0
901	1046	0
902	1046	0
903	1046	0
904	1046	0
905	1046	0
906	1046	0
907	1046	0
908	1046	0
909	1046	1
910	1046	0
911	1046	0
912	1046	0
913	1046	0
914	1046	0
916	1046	0
917	1046	0
918	1046	0
919	1046	0
920	1046	0
921	1046	0
922	1046	0
923	1046	0
924	1046	0
925	1046	0
926	1046	0
927	1046	0
928	1046	1
930	1046	0
931	1046	0
933	1046	1
934	1046	0
935	1046	0
936	1046	0
937	1046	0
938	1046	0
939	1046	0
940	1046	0
941	1046	0
942	1046	0
943	1046	0
944	1046	1
945	1046	0
946	1046	0
947	1046	0
948	1046	0
949	1046	0
950	1046	0
952	1046	0
953	1046	0
954	1046	0
955	1046	1
956	1046	0
958	1046	0
959	1046	1
961	1046	0
962	1046	0
963	1046	0
964	1046	0
965	1046	1
967	1046	1
