0	1014	0
1	1014	0
2	1014	0
3	1014	0
4	1014	0
5	1014	0
6	1014	1
7	1014	0
8	1014	1
9	1014	1
10	1014	0
11	1014	0
12	1014	0
13	1014	0
14	1014	1
15	1014	0
16	1014	0
17	1014	0
18	1014	0
19	1014	0
20	1014	0
21	1014	0
22	1014	0
23	1014	0
24	1014	0
26	1014	1
27	1014	0
28	1014	0
29	1014	0
30	1014	0
31	1014	0
32	1014	0
33	1014	0
34	1014	0
35	1014	1
36	1014	0
37	1014	0
39	1014	0
40	1014	1
42	1014	0
43	1014	0
44	1014	0
45	1014	0
46	1014	0
47	1014	0
48	1014	0
49	1014	0
50	1014	0
51	1014	0
52	1014	0
53	1014	0
54	1014	0
55	1014	0
56	1014	0
57	1014	0
58	1014	0
59	1014	1
60	1014	0
61	1014	0
62	1014	0
64	1014	0
65	1014	0
66	1014	0
67	1014	0
68	1014	0
69	1014	1
70	1014	0
71	1014	0
72	1014	0
73	1014	0
74	1014	1
75	1014	0
76	1014	0
77	1014	1
78	1014	0
79	1014	0
80	1014	0
81	1014	1
82	1014	0
83	1014	1
84	1014	0
85	1014	1
86	1014	0
87	1014	0
88	1014	0
89	1014	0
90	1014	0
91	1014	0
92	1014	0
93	1014	0
94	1014	1
95	1014	1
96	1014	0
97	1014	0
98	1014	0
99	1014	0
100	1014	0
101	1014	0
102	1014	0
103	1014	0
104	1014	0
105	1014	0
106	1014	0
109	1014	1
111	1014	0
112	1014	0
113	1014	0
114	1014	0
115	1014	0
116	1014	0
117	1014	0
118	1014	0
119	1014	0
120	1014	1
121	1014	0
122	1014	0
123	1014	0
124	1014	0
125	1014	0
130	1014	0
131	1014	0
132	1014	0
133	1014	0
134	1014	0
136	1014	0
137	1014	0
138	1014	0
139	1014	0
140	1014	0
141	1014	0
142	1014	0
143	1014	0
144	1014	0
146	1014	0
147	1014	0
149	1014	0
150	1014	0
151	1014	0
152	1014	0
153	1014	0
154	1014	0
155	1014	0
156	1014	0
157	1014	0
158	1014	0
159	1014	0
160	1014	0
161	1014	0
162	1014	0
163	1014	0
164	1014	0
165	1014	0
166	1014	0
168	1014	0
169	1014	0
170	1014	1
171	1014	0
172	1014	0
173	1014	0
174	1014	0
175	1014	0
176	1014	0
177	1014	0
178	1014	0
179	1014	0
180	1014	0
181	1014	0
182	1014	0
183	1014	0
184	1014	0
187	1014	0
188	1014	0
189	1014	0
190	1014	0
191	1014	1
192	1014	0
193	1014	0
194	1014	0
195	1014	0
196	1014	1
197	1014	0
200	1014	0
201	1014	0
202	1014	0
203	1014	1
204	1014	0
206	1014	1
207	1014	0
208	1014	0
210	1014	0
211	1014	0
212	1014	0
213	1014	0
214	1014	0
216	1014	0
217	1014	0
218	1014	0
219	1014	0
220	1014	1
221	1014	0
222	1014	0
223	1014	0
224	1014	0
225	1014	0
226	1014	0
227	1014	0
228	1014	0
229	1014	0
230	1014	0
231	1014	0
232	1014	0
233	1014	0
234	1014	0
235	1014	0
236	1014	0
237	1014	0
238	1014	0
239	1014	0
240	1014	0
241	1014	0
242	1014	0
244	1014	0
245	1014	0
246	1014	0
247	1014	1
248	1014	0
249	1014	0
250	1014	1
251	1014	0
252	1014	0
253	1014	0
254	1014	0
255	1014	0
256	1014	0
258	1014	0
259	1014	1
260	1014	0
261	1014	0
262	1014	0
263	1014	0
264	1014	0
265	1014	0
266	1014	0
267	1014	0
268	1014	0
269	1014	0
270	1014	1
271	1014	0
272	1014	0
274	1014	1
275	1014	0
276	1014	0
277	1014	0
278	1014	0
279	1014	1
280	1014	0
281	1014	1
282	1014	0
283	1014	0
284	1014	0
285	1014	0
286	1014	0
288	1014	0
289	1014	0
290	1014	0
291	1014	0
292	1014	1
293	1014	0
294	1014	0
295	1014	0
296	1014	0
297	1014	0
298	1014	0
299	1014	0
300	1014	0
301	1014	0
302	1014	0
303	1014	0
304	1014	0
305	1014	0
306	1014	0
307	1014	0
308	1014	1
309	1014	1
310	1014	1
311	1014	0
312	1014	0
313	1014	0
314	1014	0
315	1014	0
316	1014	0
317	1014	0
318	1014	1
319	1014	1
320	1014	0
321	1014	0
322	1014	0
323	1014	0
324	1014	0
325	1014	0
326	1014	0
327	1014	0
328	1014	0
329	1014	0
330	1014	0
331	1014	0
333	1014	0
334	1014	1
335	1014	0
336	1014	0
337	1014	0
338	1014	0
339	1014	0
340	1014	0
341	1014	0
342	1014	0
343	1014	0
344	1014	1
346	1014	0
347	1014	1
348	1014	0
349	1014	1
350	1014	0
354	1014	1
355	1014	0
356	1014	0
357	1014	0
358	1014	0
359	1014	0
360	1014	1
361	1014	0
363	1014	0
364	1014	0
365	1014	1
366	1014	0
367	1014	0
368	1014	0
370	1014	1
371	1014	0
372	1014	0
373	1014	0
374	1014	0
375	1014	0
377	1014	0
378	1014	1
379	1014	0
380	1014	0
381	1014	0
382	1014	0
383	1014	0
384	1014	0
385	1014	0
386	1014	0
387	1014	0
388	1014	0
390	1014	0
391	1014	0
393	1014	0
394	1014	1
395	1014	0
396	1014	0
397	1014	0
398	1014	0
399	1014	0
400	1014	0
401	1014	0
402	1014	0
403	1014	0
404	1014	1
405	1014	0
406	1014	0
408	1014	0
409	1014	1
410	1014	0
411	1014	1
412	1014	0
413	1014	0
414	1014	0
415	1014	0
416	1014	1
417	1014	1
418	1014	0
419	1014	0
420	1014	0
421	1014	0
422	1014	0
423	1014	0
424	1014	0
425	1014	0
426	1014	0
427	1014	0
428	1014	0
429	1014	0
430	1014	0
431	1014	0
432	1014	0
433	1014	0
434	1014	0
435	1014	0
436	1014	0
437	1014	0
438	1014	0
439	1014	1
440	1014	1
441	1014	1
443	1014	0
444	1014	0
445	1014	0
446	1014	0
447	1014	0
448	1014	0
449	1014	0
450	1014	0
451	1014	0
452	1014	0
453	1014	0
454	1014	0
455	1014	0
456	1014	0
457	1014	0
458	1014	0
459	1014	0
460	1014	0
461	1014	0
462	1014	1
463	1014	0
464	1014	0
465	1014	1
466	1014	0
467	1014	0
468	1014	0
469	1014	0
470	1014	0
471	1014	0
472	1014	0
473	1014	0
474	1014	0
475	1014	0
476	1014	0
477	1014	0
478	1014	0
480	1014	0
481	1014	0
482	1014	1
483	1014	0
484	1014	0
485	1014	1
486	1014	0
487	1014	0
489	1014	0
490	1014	0
491	1014	0
492	1014	1
493	1014	0
495	1014	0
496	1014	0
497	1014	0
499	1014	0
500	1014	0
501	1014	1
503	1014	0
505	1014	0
508	1014	0
509	1014	0
510	1014	0
511	1014	0
512	1014	0
513	1014	0
514	1014	0
515	1014	1
516	1014	0
517	1014	0
518	1014	0
519	1014	0
520	1014	0
521	1014	0
522	1014	0
523	1014	0
524	1014	0
525	1014	0
526	1014	1
527	1014	0
528	1014	1
529	1014	0
533	1014	0
534	1014	0
536	1014	0
537	1014	0
538	1014	0
540	1014	0
541	1014	0
542	1014	0
543	1014	0
544	1014	0
546	1014	0
547	1014	0
548	1014	0
549	1014	0
550	1014	0
551	1014	0
553	1014	0
554	1014	0
555	1014	0
556	1014	0
557	1014	0
558	1014	0
559	1014	0
560	1014	0
561	1014	0
562	1014	0
563	1014	0
564	1014	0
565	1014	0
566	1014	0
567	1014	0
568	1014	0
569	1014	0
570	1014	0
571	1014	0
572	1014	0
573	1014	0
574	1014	0
575	1014	0
576	1014	1
577	1014	0
578	1014	0
579	1014	0
580	1014	0
582	1014	0
583	1014	0
584	1014	0
585	1014	0
586	1014	0
587	1014	0
588	1014	0
589	1014	0
590	1014	0
591	1014	0
592	1014	0
593	1014	0
594	1014	0
595	1014	0
596	1014	0
597	1014	0
598	1014	0
599	1014	0
600	1014	0
601	1014	0
602	1014	0
604	1014	0
605	1014	0
606	1014	0
607	1014	0
608	1014	0
609	1014	0
611	1014	0
612	1014	0
613	1014	0
614	1014	0
615	1014	1
616	1014	0
617	1014	0
618	1014	0
619	1014	0
620	1014	1
621	1014	0
622	1014	0
624	1014	0
625	1014	0
626	1014	0
627	1014	0
628	1014	0
630	1014	0
631	1014	0
632	1014	0
633	1014	0
635	1014	0
636	1014	0
637	1014	0
640	1014	0
641	1014	0
642	1014	0
643	1014	0
644	1014	0
645	1014	0
646	1014	0
647	1014	0
648	1014	0
649	1014	0
650	1014	0
651	1014	0
652	1014	0
654	1014	0
655	1014	0
658	1014	0
659	1014	1
661	1014	1
662	1014	0
663	1014	0
664	1014	0
666	1014	0
667	1014	0
668	1014	0
669	1014	0
670	1014	0
671	1014	0
672	1014	0
673	1014	0
674	1014	0
675	1014	0
676	1014	0
680	1014	1
682	1014	0
683	1014	0
684	1014	0
685	1014	0
686	1014	0
688	1014	0
689	1014	1
690	1014	0
691	1014	0
692	1014	0
693	1014	0
694	1014	1
695	1014	0
696	1014	0
697	1014	0
698	1014	0
699	1014	0
700	1014	0
701	1014	0
702	1014	0
703	1014	0
704	1014	0
705	1014	0
706	1014	1
707	1014	0
708	1014	0
709	1014	0
710	1014	1
711	1014	0
713	1014	0
714	1014	0
715	1014	0
716	1014	0
718	1014	0
720	1014	0
721	1014	0
722	1014	0
728	1014	0
730	1014	0
731	1014	0
732	1014	0
733	1014	0
734	1014	0
735	1014	1
736	1014	1
737	1014	0
738	1014	0
739	1014	0
740	1014	0
741	1014	0
742	1014	0
743	1014	0
744	1014	1
745	1014	0
746	1014	0
747	1014	0
748	1014	0
749	1014	0
750	1014	0
751	1014	0
752	1014	0
753	1014	0
754	1014	0
755	1014	1
756	1014	0
757	1014	0
758	1014	0
759	1014	0
760	1014	0
761	1014	0
762	1014	0
763	1014	1
764	1014	0
765	1014	0
766	1014	0
767	1014	0
768	1014	0
769	1014	0
770	1014	0
771	1014	0
772	1014	1
773	1014	0
774	1014	1
775	1014	0
776	1014	0
777	1014	0
778	1014	0
779	1014	0
780	1014	0
783	1014	0
784	1014	1
785	1014	0
786	1014	0
787	1014	0
788	1014	1
789	1014	0
790	1014	1
791	1014	1
794	1014	0
796	1014	0
797	1014	0
798	1014	0
799	1014	0
800	1014	0
801	1014	0
802	1014	1
803	1014	0
804	1014	0
806	1014	0
807	1014	0
808	1014	0
809	1014	0
810	1014	0
811	1014	0
814	1014	0
816	1014	0
817	1014	0
819	1014	0
820	1014	0
821	1014	0
824	1014	0
825	1014	0
827	1014	0
828	1014	1
829	1014	1
830	1014	1
831	1014	0
832	1014	0
833	1014	0
834	1014	0
835	1014	1
836	1014	0
837	1014	0
839	1014	0
840	1014	0
841	1014	0
843	1014	0
844	1014	0
845	1014	0
846	1014	0
847	1014	0
848	1014	0
849	1014	0
850	1014	0
851	1014	0
852	1014	0
853	1014	0
854	1014	0
855	1014	0
856	1014	1
857	1014	0
858	1014	0
859	1014	0
860	1014	0
861	1014	0
862	1014	1
863	1014	0
864	1014	0
865	1014	0
866	1014	0
867	1014	0
868	1014	0
869	1014	0
870	1014	0
872	1014	0
873	1014	0
874	1014	0
875	1014	0
876	1014	0
877	1014	0
879	1014	0
880	1014	0
881	1014	0
882	1014	0
883	1014	0
884	1014	0
885	1014	0
886	1014	0
887	1014	0
888	1014	0
889	1014	0
890	1014	0
891	1014	0
892	1014	0
893	1014	0
894	1014	1
895	1014	0
896	1014	0
897	1014	0
898	1014	0
900	1014	0
901	1014	0
902	1014	1
903	1014	0
904	1014	0
905	1014	0
906	1014	0
907	1014	0
908	1014	0
909	1014	0
911	1014	0
912	1014	0
913	1014	0
914	1014	0
916	1014	0
917	1014	1
918	1014	1
919	1014	0
920	1014	1
921	1014	0
922	1014	0
923	1014	1
924	1014	0
925	1014	0
927	1014	1
928	1014	0
930	1014	0
931	1014	0
933	1014	0
934	1014	1
936	1014	0
937	1014	0
939	1014	0
940	1014	0
941	1014	0
942	1014	0
943	1014	0
944	1014	0
945	1014	1
946	1014	1
947	1014	0
948	1014	0
949	1014	0
950	1014	0
952	1014	0
953	1014	0
954	1014	0
955	1014	0
956	1014	0
958	1014	0
961	1014	0
962	1014	0
963	1014	0
964	1014	0
965	1014	0
966	1014	0
967	1014	1
