0	1184	0
1	1184	0
2	1184	0
3	1184	0
4	1184	0
5	1184	0
6	1184	0
7	1184	0
8	1184	0
9	1184	0
10	1184	0
11	1184	1
12	1184	0
13	1184	0
16	1184	0
17	1184	0
18	1184	0
19	1184	0
20	1184	0
21	1184	1
22	1184	0
23	1184	0
24	1184	0
25	1184	0
26	1184	0
27	1184	0
30	1184	0
31	1184	1
32	1184	0
33	1184	0
34	1184	0
36	1184	0
37	1184	1
38	1184	1
39	1184	1
40	1184	0
41	1184	0
42	1184	0
43	1184	1
45	1184	0
46	1184	1
47	1184	0
48	1184	1
49	1184	0
51	1184	1
53	1184	1
54	1184	1
55	1184	0
56	1184	0
58	1184	0
59	1184	0
60	1184	0
61	1184	0
62	1184	0
63	1184	0
64	1184	0
65	1184	0
66	1184	0
67	1184	1
68	1184	0
69	1184	0
70	1184	0
71	1184	0
72	1184	1
74	1184	0
75	1184	0
77	1184	0
78	1184	1
79	1184	0
80	1184	1
81	1184	0
82	1184	1
83	1184	1
84	1184	0
85	1184	1
86	1184	0
87	1184	1
89	1184	0
90	1184	0
91	1184	1
92	1184	0
93	1184	0
94	1184	0
95	1184	1
96	1184	0
97	1184	0
98	1184	0
99	1184	0
100	1184	1
101	1184	0
102	1184	1
103	1184	0
104	1184	0
105	1184	0
106	1184	0
107	1184	0
108	1184	0
109	1184	0
110	1184	0
111	1184	1
112	1184	0
113	1184	0
114	1184	1
115	1184	1
116	1184	0
117	1184	0
118	1184	0
120	1184	0
121	1184	0
124	1184	1
125	1184	0
129	1184	0
130	1184	0
131	1184	0
132	1184	1
133	1184	0
134	1184	0
135	1184	0
136	1184	0
137	1184	0
138	1184	0
139	1184	0
140	1184	0
141	1184	1
142	1184	0
144	1184	0
145	1184	0
146	1184	0
147	1184	0
148	1184	0
149	1184	0
151	1184	0
152	1184	0
153	1184	1
154	1184	0
155	1184	0
156	1184	0
157	1184	0
158	1184	0
159	1184	0
160	1184	0
162	1184	0
163	1184	0
164	1184	0
165	1184	0
166	1184	0
167	1184	1
168	1184	0
169	1184	0
170	1184	0
171	1184	0
172	1184	0
173	1184	1
174	1184	0
175	1184	0
178	1184	0
179	1184	1
180	1184	1
181	1184	0
182	1184	0
183	1184	0
184	1184	0
185	1184	0
186	1184	0
187	1184	0
188	1184	0
190	1184	1
191	1184	0
192	1184	1
193	1184	0
194	1184	0
195	1184	0
196	1184	0
197	1184	0
198	1184	0
199	1184	1
200	1184	0
201	1184	0
202	1184	0
203	1184	0
204	1184	0
206	1184	0
208	1184	0
209	1184	0
210	1184	0
211	1184	0
212	1184	0
213	1184	0
214	1184	0
215	1184	1
216	1184	0
217	1184	0
218	1184	0
219	1184	0
221	1184	0
222	1184	1
223	1184	0
224	1184	0
225	1184	1
227	1184	0
228	1184	0
229	1184	0
230	1184	0
232	1184	0
233	1184	1
234	1184	1
235	1184	0
236	1184	1
237	1184	0
239	1184	0
240	1184	1
245	1184	0
246	1184	0
247	1184	0
248	1184	0
249	1184	0
250	1184	0
251	1184	0
252	1184	0
253	1184	0
254	1184	0
255	1184	0
256	1184	0
257	1184	0
258	1184	1
259	1184	1
260	1184	0
261	1184	0
262	1184	0
263	1184	0
264	1184	0
265	1184	0
266	1184	0
267	1184	0
268	1184	0
270	1184	0
271	1184	0
272	1184	0
273	1184	0
274	1184	0
275	1184	0
277	1184	0
280	1184	1
281	1184	0
282	1184	0
283	1184	0
284	1184	0
285	1184	0
286	1184	0
287	1184	1
288	1184	0
289	1184	0
290	1184	0
291	1184	0
293	1184	1
295	1184	0
296	1184	0
298	1184	0
302	1184	0
303	1184	1
304	1184	0
305	1184	0
306	1184	0
308	1184	0
310	1184	0
312	1184	1
313	1184	0
314	1184	0
315	1184	0
316	1184	1
317	1184	0
318	1184	0
319	1184	0
321	1184	1
322	1184	0
323	1184	0
324	1184	0
325	1184	0
326	1184	0
327	1184	0
328	1184	0
329	1184	0
330	1184	0
331	1184	1
332	1184	0
333	1184	1
334	1184	0
336	1184	0
337	1184	1
338	1184	0
340	1184	0
341	1184	0
343	1184	0
344	1184	0
345	1184	0
346	1184	1
347	1184	0
348	1184	0
350	1184	1
351	1184	0
352	1184	0
353	1184	0
354	1184	0
355	1184	0
356	1184	0
357	1184	0
358	1184	0
359	1184	0
360	1184	0
361	1184	0
362	1184	0
363	1184	0
364	1184	0
365	1184	0
366	1184	0
369	1184	0
370	1184	0
371	1184	0
372	1184	0
373	1184	0
374	1184	0
376	1184	0
377	1184	0
378	1184	0
379	1184	0
380	1184	0
381	1184	0
382	1184	0
383	1184	0
384	1184	0
385	1184	1
386	1184	0
387	1184	0
388	1184	0
389	1184	0
391	1184	0
392	1184	0
393	1184	0
394	1184	0
395	1184	0
397	1184	0
398	1184	1
399	1184	0
401	1184	0
402	1184	0
403	1184	1
404	1184	1
405	1184	0
406	1184	1
407	1184	0
409	1184	0
410	1184	0
412	1184	0
414	1184	0
415	1184	0
416	1184	0
417	1184	0
418	1184	0
420	1184	0
421	1184	0
422	1184	0
423	1184	0
424	1184	0
425	1184	1
426	1184	0
428	1184	1
429	1184	0
430	1184	0
431	1184	0
432	1184	0
433	1184	1
434	1184	0
435	1184	0
436	1184	0
438	1184	1
439	1184	0
440	1184	0
441	1184	1
442	1184	0
443	1184	0
444	1184	0
445	1184	0
446	1184	1
447	1184	1
448	1184	1
449	1184	0
450	1184	0
452	1184	1
453	1184	1
454	1184	0
455	1184	0
456	1184	0
457	1184	0
458	1184	0
459	1184	0
461	1184	0
462	1184	0
464	1184	0
465	1184	0
466	1184	0
467	1184	0
468	1184	1
469	1184	0
470	1184	0
471	1184	0
472	1184	0
473	1184	0
474	1184	0
475	1184	1
476	1184	0
477	1184	0
478	1184	0
479	1184	1
480	1184	0
481	1184	0
483	1184	0
484	1184	0
486	1184	0
487	1184	0
488	1184	0
489	1184	0
490	1184	0
492	1184	0
494	1184	0
496	1184	0
497	1184	0
498	1184	0
500	1184	0
501	1184	0
502	1184	0
503	1184	0
504	1184	0
505	1184	0
506	1184	1
507	1184	0
508	1184	0
509	1184	0
510	1184	0
511	1184	0
512	1184	0
513	1184	0
514	1184	0
515	1184	1
516	1184	0
517	1184	1
518	1184	0
519	1184	0
520	1184	0
521	1184	0
522	1184	0
523	1184	0
524	1184	0
525	1184	0
526	1184	0
527	1184	1
528	1184	0
529	1184	0
530	1184	0
531	1184	0
533	1184	0
534	1184	0
535	1184	0
536	1184	0
538	1184	0
539	1184	0
540	1184	0
541	1184	0
542	1184	0
543	1184	0
544	1184	0
545	1184	0
546	1184	0
547	1184	0
550	1184	0
553	1184	0
555	1184	0
556	1184	0
557	1184	0
558	1184	0
560	1184	0
561	1184	0
562	1184	0
563	1184	0
565	1184	0
567	1184	0
568	1184	0
569	1184	0
571	1184	0
574	1184	0
575	1184	0
576	1184	0
577	1184	0
580	1184	0
581	1184	0
582	1184	1
583	1184	1
584	1184	0
585	1184	0
586	1184	0
588	1184	0
589	1184	0
591	1184	0
593	1184	0
595	1184	0
596	1184	1
597	1184	0
598	1184	0
599	1184	1
600	1184	0
601	1184	0
602	1184	0
604	1184	0
606	1184	0
607	1184	0
608	1184	0
612	1184	0
613	1184	0
614	1184	0
615	1184	0
616	1184	0
617	1184	0
618	1184	0
619	1184	0
620	1184	0
621	1184	0
622	1184	0
624	1184	0
625	1184	0
627	1184	0
628	1184	0
630	1184	1
632	1184	0
633	1184	0
634	1184	0
635	1184	0
636	1184	0
637	1184	0
638	1184	0
639	1184	0
640	1184	0
641	1184	0
642	1184	0
643	1184	0
644	1184	0
645	1184	0
646	1184	0
648	1184	0
649	1184	1
650	1184	0
652	1184	0
653	1184	1
654	1184	0
655	1184	0
656	1184	0
657	1184	0
658	1184	1
659	1184	0
660	1184	0
661	1184	0
662	1184	1
663	1184	0
664	1184	0
665	1184	0
666	1184	0
667	1184	0
668	1184	0
669	1184	0
670	1184	0
671	1184	0
672	1184	1
673	1184	0
674	1184	1
675	1184	0
676	1184	0
677	1184	0
678	1184	0
679	1184	0
680	1184	0
681	1184	0
682	1184	0
683	1184	0
684	1184	0
685	1184	0
686	1184	0
687	1184	0
688	1184	0
689	1184	1
690	1184	0
691	1184	0
692	1184	0
693	1184	0
694	1184	0
695	1184	0
696	1184	1
698	1184	0
699	1184	1
700	1184	1
702	1184	1
703	1184	0
704	1184	0
705	1184	0
706	1184	0
707	1184	0
709	1184	0
710	1184	0
711	1184	1
712	1184	0
713	1184	0
714	1184	0
717	1184	0
718	1184	1
719	1184	0
720	1184	0
721	1184	0
722	1184	0
723	1184	0
724	1184	0
725	1184	0
726	1184	1
727	1184	0
728	1184	0
729	1184	0
730	1184	1
732	1184	0
734	1184	0
735	1184	0
736	1184	0
737	1184	0
738	1184	0
740	1184	0
741	1184	1
742	1184	0
745	1184	0
746	1184	0
747	1184	0
748	1184	0
749	1184	0
750	1184	0
753	1184	1
754	1184	0
755	1184	0
756	1184	0
757	1184	1
758	1184	0
759	1184	0
760	1184	0
761	1184	0
762	1184	1
765	1184	0
766	1184	0
767	1184	0
768	1184	0
769	1184	0
770	1184	0
771	1184	0
772	1184	1
773	1184	0
775	1184	0
776	1184	0
777	1184	0
778	1184	1
779	1184	0
780	1184	0
781	1184	0
782	1184	0
784	1184	0
785	1184	1
786	1184	0
787	1184	0
790	1184	1
792	1184	0
793	1184	0
794	1184	0
795	1184	0
796	1184	0
797	1184	0
799	1184	0
800	1184	0
801	1184	0
802	1184	0
804	1184	0
805	1184	1
806	1184	0
807	1184	0
808	1184	0
810	1184	0
811	1184	0
814	1184	0
816	1184	0
818	1184	0
819	1184	0
820	1184	0
822	1184	0
823	1184	0
824	1184	0
825	1184	0
826	1184	0
827	1184	0
829	1184	0
830	1184	0
831	1184	0
832	1184	0
833	1184	0
834	1184	0
836	1184	1
837	1184	0
838	1184	0
839	1184	0
840	1184	0
843	1184	0
845	1184	1
848	1184	0
849	1184	1
850	1184	0
852	1184	0
853	1184	0
854	1184	0
855	1184	0
856	1184	0
857	1184	1
861	1184	0
862	1184	1
863	1184	1
864	1184	0
866	1184	0
867	1184	0
868	1184	0
869	1184	0
870	1184	0
871	1184	0
872	1184	0
873	1184	0
874	1184	0
875	1184	0
876	1184	1
877	1184	0
878	1184	0
880	1184	0
881	1184	0
882	1184	0
883	1184	0
884	1184	0
885	1184	0
887	1184	0
888	1184	0
889	1184	0
890	1184	0
891	1184	0
892	1184	0
894	1184	1
895	1184	0
896	1184	0
897	1184	0
899	1184	1
900	1184	0
901	1184	0
904	1184	1
905	1184	0
910	1184	0
911	1184	0
912	1184	0
913	1184	0
914	1184	1
915	1184	0
916	1184	0
917	1184	0
918	1184	1
919	1184	0
921	1184	1
922	1184	0
923	1184	0
924	1184	0
925	1184	0
926	1184	0
927	1184	0
928	1184	0
929	1184	0
933	1184	1
934	1184	0
935	1184	0
936	1184	0
937	1184	0
938	1184	0
939	1184	0
940	1184	0
941	1184	0
943	1184	0
944	1184	0
945	1184	0
946	1184	0
948	1184	0
949	1184	0
950	1184	0
952	1184	0
953	1184	0
954	1184	0
955	1184	0
956	1184	1
957	1184	0
958	1184	0
959	1184	0
960	1184	0
961	1184	0
962	1184	0
963	1184	0
964	1184	0
965	1184	0
966	1184	0
967	1184	0
