0	1049	1
1	1049	0
2	1049	1
3	1049	0
4	1049	0
5	1049	0
6	1049	1
7	1049	0
8	1049	1
9	1049	1
10	1049	0
11	1049	0
12	1049	1
13	1049	0
14	1049	0
15	1049	0
16	1049	1
17	1049	0
18	1049	0
19	1049	0
20	1049	0
21	1049	0
22	1049	0
23	1049	0
24	1049	0
26	1049	0
27	1049	0
28	1049	1
29	1049	0
30	1049	0
31	1049	0
32	1049	0
33	1049	0
34	1049	0
35	1049	0
36	1049	0
37	1049	0
38	1049	0
39	1049	0
40	1049	0
42	1049	0
43	1049	0
44	1049	0
45	1049	0
46	1049	0
47	1049	0
48	1049	0
49	1049	0
50	1049	0
51	1049	0
52	1049	0
53	1049	0
54	1049	0
55	1049	0
56	1049	0
57	1049	0
58	1049	0
59	1049	1
60	1049	0
61	1049	0
62	1049	0
64	1049	0
65	1049	0
66	1049	0
67	1049	0
68	1049	0
69	1049	1
70	1049	0
71	1049	0
72	1049	0
73	1049	0
74	1049	0
75	1049	0
76	1049	0
77	1049	0
78	1049	0
79	1049	0
80	1049	0
81	1049	1
82	1049	0
83	1049	1
84	1049	0
85	1049	1
86	1049	0
87	1049	0
88	1049	0
89	1049	0
90	1049	0
91	1049	0
92	1049	0
93	1049	1
94	1049	0
95	1049	0
96	1049	0
97	1049	0
98	1049	0
99	1049	0
100	1049	0
101	1049	0
102	1049	1
103	1049	0
104	1049	0
105	1049	0
106	1049	0
109	1049	0
111	1049	0
112	1049	0
113	1049	0
114	1049	0
115	1049	0
116	1049	0
117	1049	0
118	1049	0
119	1049	0
120	1049	0
121	1049	0
122	1049	0
123	1049	0
124	1049	0
125	1049	0
130	1049	0
131	1049	0
132	1049	0
133	1049	1
134	1049	0
136	1049	0
137	1049	0
138	1049	0
139	1049	0
141	1049	0
142	1049	0
144	1049	0
147	1049	1
149	1049	0
150	1049	1
151	1049	0
152	1049	0
153	1049	0
154	1049	0
155	1049	0
156	1049	0
157	1049	0
158	1049	0
159	1049	0
160	1049	0
161	1049	0
162	1049	0
163	1049	0
164	1049	0
165	1049	0
166	1049	0
168	1049	0
169	1049	0
170	1049	1
171	1049	0
172	1049	0
173	1049	0
174	1049	0
175	1049	0
177	1049	1
178	1049	1
179	1049	0
180	1049	0
181	1049	0
182	1049	0
183	1049	1
184	1049	0
187	1049	0
188	1049	1
189	1049	0
190	1049	0
191	1049	0
192	1049	0
193	1049	0
194	1049	0
195	1049	0
196	1049	0
197	1049	0
200	1049	0
201	1049	0
202	1049	0
203	1049	0
204	1049	0
206	1049	1
207	1049	0
208	1049	0
210	1049	0
211	1049	0
212	1049	0
213	1049	0
214	1049	1
216	1049	1
217	1049	0
218	1049	0
219	1049	1
220	1049	1
223	1049	0
224	1049	0
225	1049	0
226	1049	0
227	1049	0
228	1049	1
229	1049	0
230	1049	0
231	1049	0
232	1049	0
233	1049	0
234	1049	0
235	1049	0
236	1049	0
237	1049	0
238	1049	0
239	1049	0
240	1049	1
241	1049	0
242	1049	0
244	1049	0
245	1049	0
246	1049	0
247	1049	0
248	1049	0
249	1049	1
251	1049	1
252	1049	0
253	1049	0
254	1049	0
255	1049	0
256	1049	0
258	1049	1
259	1049	0
260	1049	0
261	1049	0
262	1049	0
263	1049	0
264	1049	0
265	1049	0
266	1049	0
267	1049	0
268	1049	0
269	1049	0
270	1049	0
271	1049	0
272	1049	0
273	1049	0
274	1049	0
275	1049	0
276	1049	0
277	1049	0
278	1049	1
279	1049	0
280	1049	0
281	1049	0
282	1049	0
283	1049	0
284	1049	0
285	1049	0
286	1049	0
288	1049	0
289	1049	0
290	1049	0
291	1049	0
292	1049	1
293	1049	0
294	1049	0
295	1049	0
296	1049	0
297	1049	0
298	1049	1
299	1049	1
300	1049	0
301	1049	0
302	1049	0
303	1049	0
304	1049	0
306	1049	0
308	1049	0
309	1049	0
310	1049	0
311	1049	0
312	1049	0
313	1049	0
314	1049	1
315	1049	0
316	1049	0
317	1049	0
318	1049	0
319	1049	1
320	1049	0
321	1049	0
322	1049	0
323	1049	1
324	1049	0
325	1049	0
326	1049	1
327	1049	0
328	1049	1
329	1049	0
330	1049	1
331	1049	1
333	1049	0
334	1049	0
335	1049	0
336	1049	0
337	1049	0
338	1049	0
339	1049	0
340	1049	0
341	1049	0
342	1049	0
343	1049	0
344	1049	1
346	1049	0
347	1049	0
348	1049	0
349	1049	0
350	1049	0
354	1049	0
355	1049	0
356	1049	0
357	1049	0
358	1049	0
359	1049	0
360	1049	0
361	1049	0
363	1049	0
364	1049	0
365	1049	0
366	1049	0
367	1049	0
368	1049	0
370	1049	1
371	1049	0
372	1049	0
373	1049	1
374	1049	0
377	1049	0
378	1049	0
379	1049	0
380	1049	0
381	1049	0
382	1049	0
383	1049	0
384	1049	0
385	1049	0
386	1049	0
387	1049	0
388	1049	0
390	1049	0
391	1049	0
393	1049	0
394	1049	1
395	1049	1
396	1049	0
397	1049	0
398	1049	0
399	1049	0
400	1049	0
401	1049	0
402	1049	0
403	1049	0
404	1049	0
405	1049	0
406	1049	0
408	1049	0
409	1049	0
410	1049	0
411	1049	0
412	1049	0
413	1049	0
414	1049	0
415	1049	0
416	1049	1
417	1049	0
418	1049	0
419	1049	0
420	1049	0
421	1049	0
422	1049	0
423	1049	0
424	1049	0
425	1049	0
426	1049	0
427	1049	0
428	1049	0
429	1049	0
430	1049	0
431	1049	0
432	1049	1
433	1049	0
434	1049	0
435	1049	0
436	1049	0
437	1049	0
438	1049	0
439	1049	1
440	1049	0
441	1049	0
442	1049	1
443	1049	0
444	1049	0
445	1049	0
446	1049	0
447	1049	1
448	1049	0
449	1049	0
450	1049	0
451	1049	0
452	1049	0
453	1049	0
454	1049	0
455	1049	0
456	1049	0
457	1049	0
458	1049	0
459	1049	0
460	1049	1
461	1049	0
462	1049	1
463	1049	1
464	1049	0
465	1049	1
466	1049	1
467	1049	0
468	1049	0
469	1049	0
470	1049	0
471	1049	0
472	1049	0
473	1049	0
474	1049	1
475	1049	0
476	1049	0
477	1049	0
478	1049	0
480	1049	0
481	1049	0
482	1049	1
483	1049	0
484	1049	0
485	1049	0
486	1049	0
487	1049	0
489	1049	0
490	1049	0
491	1049	0
492	1049	0
493	1049	0
495	1049	1
496	1049	1
497	1049	0
499	1049	0
500	1049	0
501	1049	0
502	1049	1
503	1049	0
505	1049	0
508	1049	0
509	1049	0
510	1049	0
511	1049	0
512	1049	0
513	1049	0
514	1049	0
515	1049	0
516	1049	0
517	1049	0
518	1049	0
519	1049	0
520	1049	1
521	1049	0
522	1049	0
523	1049	0
524	1049	0
525	1049	0
527	1049	0
528	1049	0
529	1049	0
533	1049	0
534	1049	0
536	1049	0
537	1049	1
538	1049	0
540	1049	0
541	1049	0
542	1049	0
543	1049	1
544	1049	0
546	1049	0
547	1049	0
548	1049	0
549	1049	0
550	1049	0
551	1049	1
553	1049	0
554	1049	0
555	1049	0
556	1049	0
557	1049	0
558	1049	0
559	1049	0
560	1049	0
561	1049	0
562	1049	0
563	1049	0
564	1049	0
565	1049	0
566	1049	0
567	1049	0
568	1049	0
569	1049	0
570	1049	0
571	1049	0
572	1049	0
573	1049	0
574	1049	0
575	1049	0
576	1049	0
577	1049	0
578	1049	0
579	1049	1
580	1049	0
582	1049	0
583	1049	0
584	1049	0
585	1049	0
586	1049	0
587	1049	1
588	1049	0
589	1049	0
590	1049	0
592	1049	0
593	1049	0
594	1049	0
595	1049	0
596	1049	0
597	1049	0
598	1049	1
599	1049	0
600	1049	0
601	1049	0
602	1049	0
604	1049	0
605	1049	1
606	1049	0
607	1049	0
608	1049	0
609	1049	0
611	1049	0
612	1049	0
613	1049	0
614	1049	0
615	1049	1
616	1049	0
617	1049	0
618	1049	0
620	1049	0
621	1049	0
622	1049	0
624	1049	0
625	1049	0
626	1049	0
627	1049	0
628	1049	0
630	1049	0
631	1049	0
632	1049	0
633	1049	0
635	1049	0
636	1049	0
637	1049	0
640	1049	0
641	1049	0
642	1049	0
643	1049	0
644	1049	0
645	1049	0
646	1049	0
647	1049	0
648	1049	0
649	1049	0
650	1049	0
651	1049	0
652	1049	1
653	1049	0
654	1049	0
655	1049	0
658	1049	0
659	1049	0
661	1049	0
662	1049	0
663	1049	1
664	1049	1
666	1049	0
667	1049	0
668	1049	1
669	1049	0
670	1049	0
671	1049	0
672	1049	0
673	1049	0
674	1049	0
675	1049	0
676	1049	0
680	1049	0
682	1049	0
683	1049	0
684	1049	0
685	1049	0
686	1049	0
688	1049	0
689	1049	0
690	1049	0
691	1049	0
692	1049	1
693	1049	0
694	1049	1
695	1049	0
696	1049	0
697	1049	0
698	1049	0
699	1049	0
700	1049	0
701	1049	0
702	1049	0
703	1049	1
704	1049	0
705	1049	0
706	1049	0
707	1049	0
708	1049	0
709	1049	0
710	1049	0
711	1049	0
713	1049	0
714	1049	0
715	1049	0
716	1049	0
717	1049	0
718	1049	1
720	1049	0
721	1049	0
722	1049	0
728	1049	0
730	1049	0
731	1049	0
732	1049	0
733	1049	0
734	1049	0
735	1049	1
736	1049	0
737	1049	0
738	1049	0
739	1049	0
740	1049	0
741	1049	0
742	1049	0
744	1049	0
745	1049	0
746	1049	1
747	1049	0
748	1049	0
749	1049	0
750	1049	1
751	1049	1
752	1049	0
753	1049	0
754	1049	0
755	1049	0
756	1049	0
757	1049	0
758	1049	0
759	1049	1
760	1049	1
761	1049	0
762	1049	0
763	1049	0
764	1049	0
765	1049	0
766	1049	0
767	1049	0
768	1049	0
769	1049	0
770	1049	0
771	1049	0
772	1049	0
773	1049	0
774	1049	1
775	1049	1
776	1049	0
777	1049	0
778	1049	0
779	1049	0
780	1049	0
783	1049	0
784	1049	0
785	1049	0
786	1049	0
787	1049	0
788	1049	0
789	1049	0
790	1049	0
791	1049	0
794	1049	0
796	1049	0
797	1049	0
798	1049	0
799	1049	0
800	1049	1
801	1049	0
802	1049	0
803	1049	0
804	1049	0
806	1049	0
807	1049	0
808	1049	0
809	1049	0
810	1049	0
811	1049	0
814	1049	0
816	1049	0
817	1049	0
819	1049	0
820	1049	0
821	1049	0
824	1049	0
825	1049	0
827	1049	0
828	1049	0
830	1049	1
831	1049	0
832	1049	0
833	1049	0
834	1049	1
835	1049	0
836	1049	0
837	1049	0
839	1049	0
840	1049	0
841	1049	0
843	1049	0
844	1049	0
845	1049	0
846	1049	0
847	1049	0
848	1049	0
849	1049	0
850	1049	0
851	1049	0
852	1049	0
853	1049	0
854	1049	0
855	1049	0
856	1049	0
857	1049	0
858	1049	1
859	1049	0
860	1049	0
861	1049	0
862	1049	0
863	1049	1
864	1049	0
865	1049	0
866	1049	0
867	1049	0
868	1049	0
869	1049	0
870	1049	0
872	1049	0
873	1049	0
874	1049	0
875	1049	1
876	1049	0
877	1049	0
879	1049	0
880	1049	0
881	1049	0
882	1049	0
883	1049	0
884	1049	0
885	1049	0
886	1049	0
887	1049	0
888	1049	0
889	1049	0
890	1049	0
891	1049	0
892	1049	0
893	1049	1
894	1049	0
895	1049	0
896	1049	0
897	1049	0
898	1049	0
900	1049	0
901	1049	0
902	1049	0
903	1049	0
904	1049	0
905	1049	0
906	1049	0
907	1049	0
908	1049	0
909	1049	0
911	1049	0
912	1049	0
913	1049	1
914	1049	0
916	1049	0
917	1049	0
918	1049	0
919	1049	0
920	1049	0
921	1049	0
922	1049	1
923	1049	0
924	1049	0
925	1049	0
927	1049	1
928	1049	0
930	1049	0
931	1049	0
933	1049	1
934	1049	0
936	1049	0
937	1049	0
939	1049	0
940	1049	0
941	1049	0
942	1049	0
943	1049	0
944	1049	0
945	1049	0
946	1049	0
947	1049	1
948	1049	0
949	1049	0
950	1049	0
952	1049	0
953	1049	0
954	1049	0
955	1049	0
956	1049	0
958	1049	0
961	1049	0
962	1049	0
963	1049	0
964	1049	0
965	1049	0
966	1049	0
967	1049	0
