0	1127	0
1	1127	0
2	1127	0
3	1127	0
4	1127	0
5	1127	0
6	1127	0
7	1127	0
8	1127	1
9	1127	0
10	1127	0
11	1127	0
12	1127	0
13	1127	0
14	1127	0
15	1127	0
16	1127	0
17	1127	0
18	1127	0
19	1127	0
20	1127	0
21	1127	0
22	1127	0
23	1127	0
24	1127	0
26	1127	0
27	1127	0
28	1127	0
29	1127	0
30	1127	0
31	1127	1
32	1127	1
33	1127	0
34	1127	0
35	1127	0
36	1127	0
37	1127	0
38	1127	0
39	1127	1
40	1127	0
42	1127	0
43	1127	0
44	1127	0
45	1127	1
46	1127	0
47	1127	1
48	1127	0
49	1127	0
50	1127	0
51	1127	0
52	1127	0
53	1127	0
54	1127	0
55	1127	0
56	1127	0
57	1127	0
58	1127	0
59	1127	1
60	1127	0
61	1127	0
62	1127	0
64	1127	1
65	1127	0
66	1127	0
67	1127	0
68	1127	0
69	1127	0
70	1127	1
71	1127	0
72	1127	0
73	1127	0
74	1127	0
75	1127	0
76	1127	0
77	1127	0
78	1127	0
79	1127	0
80	1127	0
81	1127	0
82	1127	0
83	1127	0
84	1127	0
85	1127	0
86	1127	0
87	1127	0
88	1127	0
89	1127	0
90	1127	0
91	1127	0
92	1127	0
93	1127	0
94	1127	0
95	1127	0
96	1127	1
97	1127	0
98	1127	0
99	1127	0
100	1127	0
101	1127	0
102	1127	0
103	1127	0
104	1127	0
105	1127	0
106	1127	0
109	1127	0
111	1127	0
112	1127	0
113	1127	0
114	1127	0
115	1127	0
116	1127	0
117	1127	0
118	1127	0
119	1127	0
120	1127	0
121	1127	0
122	1127	0
123	1127	0
124	1127	0
125	1127	0
126	1127	0
127	1127	0
129	1127	0
130	1127	0
131	1127	0
132	1127	0
133	1127	0
134	1127	0
136	1127	1
137	1127	1
138	1127	1
139	1127	0
140	1127	1
141	1127	0
142	1127	0
143	1127	0
144	1127	0
145	1127	0
146	1127	0
147	1127	0
148	1127	0
149	1127	0
150	1127	1
151	1127	1
152	1127	0
153	1127	0
154	1127	1
155	1127	0
156	1127	0
157	1127	0
158	1127	0
159	1127	0
160	1127	1
161	1127	0
162	1127	0
163	1127	1
165	1127	0
166	1127	0
167	1127	0
168	1127	0
169	1127	0
170	1127	0
171	1127	0
172	1127	1
173	1127	0
174	1127	0
175	1127	0
177	1127	0
178	1127	0
179	1127	0
180	1127	0
182	1127	0
183	1127	0
184	1127	0
185	1127	0
186	1127	0
187	1127	0
188	1127	0
189	1127	0
190	1127	0
191	1127	1
192	1127	0
193	1127	0
194	1127	1
195	1127	0
196	1127	1
197	1127	1
198	1127	0
199	1127	0
200	1127	0
201	1127	0
202	1127	0
203	1127	0
204	1127	0
206	1127	1
207	1127	0
208	1127	1
210	1127	0
211	1127	0
212	1127	0
213	1127	0
214	1127	1
215	1127	0
216	1127	0
217	1127	0
218	1127	0
219	1127	0
220	1127	0
222	1127	0
223	1127	0
224	1127	0
225	1127	0
226	1127	0
227	1127	1
228	1127	0
229	1127	0
230	1127	0
231	1127	0
232	1127	0
233	1127	0
234	1127	0
235	1127	0
236	1127	0
237	1127	0
238	1127	0
239	1127	0
240	1127	0
241	1127	0
242	1127	0
244	1127	0
245	1127	0
246	1127	0
247	1127	0
248	1127	0
249	1127	0
250	1127	0
251	1127	0
252	1127	0
253	1127	0
254	1127	0
255	1127	1
256	1127	0
258	1127	0
259	1127	0
260	1127	0
261	1127	0
262	1127	0
263	1127	1
264	1127	0
265	1127	0
266	1127	0
267	1127	0
268	1127	0
269	1127	0
270	1127	0
271	1127	0
272	1127	0
274	1127	0
275	1127	0
276	1127	0
277	1127	0
278	1127	0
279	1127	0
280	1127	1
281	1127	0
282	1127	0
283	1127	0
284	1127	0
285	1127	0
286	1127	0
287	1127	0
288	1127	0
289	1127	0
290	1127	0
291	1127	0
292	1127	0
293	1127	0
294	1127	0
295	1127	0
296	1127	0
297	1127	0
298	1127	0
299	1127	0
300	1127	0
301	1127	0
302	1127	0
303	1127	0
304	1127	0
305	1127	1
306	1127	0
307	1127	0
308	1127	0
309	1127	0
310	1127	0
311	1127	0
312	1127	0
313	1127	0
314	1127	0
315	1127	0
316	1127	0
317	1127	0
318	1127	0
319	1127	0
320	1127	0
321	1127	0
322	1127	0
323	1127	0
324	1127	0
325	1127	0
326	1127	0
327	1127	0
328	1127	1
329	1127	0
330	1127	0
331	1127	0
333	1127	0
335	1127	0
336	1127	0
337	1127	0
338	1127	0
339	1127	0
340	1127	1
341	1127	1
342	1127	0
343	1127	0
344	1127	0
346	1127	0
347	1127	0
348	1127	0
349	1127	0
350	1127	0
351	1127	0
352	1127	0
354	1127	0
355	1127	0
357	1127	0
358	1127	0
359	1127	1
360	1127	0
361	1127	1
363	1127	0
364	1127	0
365	1127	0
366	1127	0
367	1127	0
368	1127	0
370	1127	1
371	1127	0
372	1127	0
373	1127	1
374	1127	1
375	1127	0
377	1127	1
378	1127	0
379	1127	0
380	1127	1
381	1127	0
382	1127	0
383	1127	0
384	1127	0
385	1127	0
386	1127	0
387	1127	0
388	1127	0
389	1127	0
390	1127	1
391	1127	0
393	1127	0
394	1127	0
395	1127	1
396	1127	0
398	1127	0
399	1127	0
400	1127	0
401	1127	0
402	1127	0
403	1127	0
404	1127	1
405	1127	0
406	1127	0
407	1127	0
408	1127	0
409	1127	0
410	1127	0
411	1127	0
412	1127	0
413	1127	0
414	1127	0
415	1127	0
416	1127	0
417	1127	0
418	1127	0
419	1127	0
420	1127	0
421	1127	0
422	1127	0
423	1127	0
424	1127	0
425	1127	0
426	1127	0
427	1127	0
428	1127	0
429	1127	0
431	1127	0
432	1127	0
433	1127	0
434	1127	0
435	1127	0
436	1127	1
437	1127	0
438	1127	1
439	1127	0
440	1127	0
441	1127	0
442	1127	0
443	1127	0
444	1127	0
445	1127	0
446	1127	0
447	1127	0
448	1127	0
449	1127	0
450	1127	0
451	1127	0
452	1127	0
453	1127	0
454	1127	0
455	1127	0
456	1127	0
457	1127	0
458	1127	0
459	1127	0
460	1127	0
461	1127	0
462	1127	0
463	1127	0
464	1127	0
465	1127	0
466	1127	0
467	1127	0
468	1127	0
469	1127	0
470	1127	0
471	1127	0
472	1127	0
473	1127	0
474	1127	0
475	1127	0
476	1127	0
477	1127	1
478	1127	0
480	1127	0
481	1127	0
482	1127	0
483	1127	0
484	1127	0
485	1127	0
486	1127	0
487	1127	0
489	1127	0
490	1127	0
491	1127	0
492	1127	0
493	1127	0
495	1127	0
496	1127	1
497	1127	1
499	1127	0
500	1127	0
501	1127	0
502	1127	0
503	1127	0
505	1127	1
506	1127	1
508	1127	0
509	1127	0
510	1127	0
511	1127	0
512	1127	0
513	1127	0
514	1127	0
515	1127	0
516	1127	0
517	1127	0
518	1127	1
519	1127	0
520	1127	1
521	1127	0
522	1127	0
523	1127	0
524	1127	0
525	1127	0
527	1127	0
528	1127	0
529	1127	0
531	1127	0
533	1127	0
534	1127	0
536	1127	0
537	1127	0
538	1127	0
540	1127	0
541	1127	0
542	1127	0
543	1127	0
544	1127	0
546	1127	0
547	1127	0
548	1127	0
549	1127	0
550	1127	0
551	1127	0
553	1127	0
554	1127	0
555	1127	0
556	1127	0
557	1127	0
558	1127	0
559	1127	0
560	1127	0
561	1127	0
562	1127	0
563	1127	0
564	1127	0
565	1127	0
566	1127	0
567	1127	0
568	1127	0
569	1127	0
570	1127	0
571	1127	0
572	1127	0
574	1127	0
575	1127	0
576	1127	0
577	1127	0
578	1127	0
579	1127	0
580	1127	0
582	1127	0
583	1127	0
584	1127	0
585	1127	1
586	1127	0
587	1127	0
588	1127	0
589	1127	0
590	1127	0
591	1127	0
592	1127	0
593	1127	0
594	1127	0
595	1127	0
596	1127	0
597	1127	0
598	1127	0
599	1127	0
600	1127	0
601	1127	0
602	1127	0
604	1127	0
605	1127	0
606	1127	0
607	1127	0
608	1127	0
609	1127	0
611	1127	0
612	1127	1
613	1127	0
614	1127	0
615	1127	0
616	1127	1
617	1127	0
618	1127	0
619	1127	0
620	1127	1
621	1127	0
622	1127	0
624	1127	0
625	1127	0
626	1127	0
627	1127	0
628	1127	0
630	1127	0
631	1127	0
632	1127	0
633	1127	0
635	1127	0
636	1127	0
637	1127	1
640	1127	0
641	1127	0
642	1127	0
643	1127	0
644	1127	1
645	1127	0
646	1127	0
647	1127	0
648	1127	0
649	1127	0
650	1127	0
651	1127	0
652	1127	1
653	1127	0
654	1127	0
655	1127	0
656	1127	0
657	1127	0
658	1127	0
659	1127	0
660	1127	0
661	1127	0
662	1127	0
663	1127	0
664	1127	1
666	1127	0
667	1127	1
668	1127	0
669	1127	0
670	1127	0
671	1127	0
672	1127	0
673	1127	0
674	1127	0
675	1127	0
676	1127	0
677	1127	0
678	1127	0
679	1127	0
680	1127	0
681	1127	0
682	1127	0
683	1127	0
684	1127	0
685	1127	0
686	1127	0
687	1127	0
688	1127	0
689	1127	0
690	1127	0
691	1127	0
692	1127	0
693	1127	0
694	1127	1
695	1127	0
696	1127	0
697	1127	0
698	1127	0
699	1127	0
700	1127	0
701	1127	0
702	1127	0
703	1127	0
704	1127	0
705	1127	0
706	1127	0
707	1127	0
708	1127	0
709	1127	0
710	1127	1
711	1127	0
712	1127	0
713	1127	0
714	1127	0
715	1127	1
716	1127	0
717	1127	0
718	1127	0
719	1127	0
720	1127	0
721	1127	1
722	1127	0
723	1127	0
724	1127	0
725	1127	0
726	1127	0
727	1127	0
728	1127	0
730	1127	0
731	1127	0
732	1127	1
733	1127	0
734	1127	0
735	1127	0
736	1127	0
737	1127	0
738	1127	0
739	1127	0
740	1127	0
741	1127	0
742	1127	0
743	1127	0
744	1127	0
745	1127	0
746	1127	0
747	1127	0
748	1127	1
749	1127	0
750	1127	1
751	1127	0
752	1127	0
753	1127	0
754	1127	0
755	1127	0
756	1127	0
757	1127	0
758	1127	0
759	1127	1
760	1127	0
761	1127	0
762	1127	0
763	1127	1
764	1127	0
765	1127	0
767	1127	0
768	1127	0
769	1127	0
770	1127	0
771	1127	0
772	1127	0
773	1127	0
774	1127	0
775	1127	0
776	1127	0
777	1127	0
778	1127	0
779	1127	0
780	1127	0
782	1127	0
783	1127	0
784	1127	0
785	1127	0
786	1127	0
787	1127	0
788	1127	0
789	1127	0
790	1127	0
791	1127	0
793	1127	0
794	1127	0
795	1127	0
796	1127	0
797	1127	0
798	1127	0
799	1127	0
800	1127	0
801	1127	0
802	1127	0
803	1127	0
804	1127	0
806	1127	0
807	1127	0
808	1127	1
809	1127	0
810	1127	0
811	1127	0
812	1127	0
813	1127	1
814	1127	0
816	1127	0
817	1127	0
818	1127	0
819	1127	0
820	1127	0
821	1127	0
822	1127	0
823	1127	0
824	1127	0
825	1127	0
826	1127	0
827	1127	1
828	1127	1
829	1127	0
830	1127	0
831	1127	0
832	1127	0
833	1127	1
834	1127	1
835	1127	0
836	1127	0
837	1127	0
839	1127	1
840	1127	0
841	1127	0
842	1127	0
843	1127	0
844	1127	0
845	1127	0
846	1127	0
847	1127	0
848	1127	0
849	1127	0
850	1127	0
851	1127	0
852	1127	0
853	1127	0
854	1127	0
855	1127	0
856	1127	0
857	1127	0
858	1127	0
859	1127	0
860	1127	0
861	1127	0
862	1127	0
863	1127	0
864	1127	0
865	1127	0
866	1127	0
867	1127	0
868	1127	0
869	1127	0
870	1127	0
872	1127	0
873	1127	0
874	1127	0
875	1127	0
876	1127	0
877	1127	0
878	1127	0
879	1127	0
880	1127	0
881	1127	0
882	1127	0
883	1127	0
884	1127	0
885	1127	0
886	1127	0
887	1127	0
888	1127	0
889	1127	0
890	1127	0
891	1127	0
892	1127	0
893	1127	0
894	1127	0
895	1127	1
896	1127	0
897	1127	0
898	1127	0
900	1127	0
901	1127	0
902	1127	0
903	1127	1
904	1127	0
905	1127	0
906	1127	0
907	1127	0
908	1127	0
909	1127	0
910	1127	0
911	1127	0
912	1127	1
913	1127	0
914	1127	0
916	1127	0
917	1127	1
918	1127	0
919	1127	0
920	1127	0
921	1127	0
922	1127	0
923	1127	0
924	1127	0
925	1127	0
926	1127	0
927	1127	0
928	1127	0
930	1127	0
931	1127	0
933	1127	1
934	1127	0
935	1127	0
936	1127	0
937	1127	1
938	1127	0
939	1127	0
940	1127	0
941	1127	0
942	1127	0
943	1127	1
944	1127	0
945	1127	0
946	1127	0
947	1127	0
948	1127	0
949	1127	0
950	1127	0
952	1127	0
953	1127	0
954	1127	0
955	1127	0
956	1127	0
958	1127	1
959	1127	0
961	1127	0
962	1127	0
963	1127	1
964	1127	0
965	1127	1
967	1127	1
