1	1205	0
4	1205	0
6	1205	1
10	1205	1
11	1205	0
12	1205	0
13	1205	0
16	1205	0
17	1205	1
19	1205	1
20	1205	1
22	1205	0
24	1205	0
25	1205	0
26	1205	0
27	1205	0
28	1205	0
31	1205	0
32	1205	1
34	1205	1
37	1205	0
38	1205	0
39	1205	1
44	1205	0
47	1205	1
49	1205	0
53	1205	0
55	1205	0
59	1205	1
60	1205	0
61	1205	1
62	1205	0
67	1205	0
68	1205	1
75	1205	0
77	1205	0
79	1205	0
83	1205	1
86	1205	0
91	1205	1
92	1205	0
93	1205	0
95	1205	0
98	1205	0
102	1205	0
103	1205	0
104	1205	1
105	1205	0
106	1205	0
107	1205	0
113	1205	0
118	1205	0
120	1205	1
122	1205	0
124	1205	0
131	1205	0
132	1205	1
136	1205	0
139	1205	0
140	1205	0
141	1205	0
143	1205	0
144	1205	0
145	1205	1
147	1205	0
148	1205	0
151	1205	1
153	1205	0
156	1205	1
159	1205	0
160	1205	0
161	1205	0
163	1205	1
165	1205	0
166	1205	1
167	1205	1
174	1205	0
178	1205	1
183	1205	0
185	1205	1
186	1205	0
187	1205	0
188	1205	1
189	1205	0
190	1205	0
191	1205	0
192	1205	0
193	1205	1
194	1205	0
195	1205	1
196	1205	1
197	1205	1
198	1205	1
199	1205	0
200	1205	1
201	1205	1
202	1205	1
203	1205	0
204	1205	0
207	1205	1
209	1205	1
210	1205	1
212	1205	1
214	1205	1
215	1205	0
216	1205	0
220	1205	1
222	1205	0
224	1205	0
228	1205	0
231	1205	0
232	1205	1
233	1205	1
235	1205	0
236	1205	0
237	1205	0
238	1205	0
239	1205	0
240	1205	0
241	1205	0
242	1205	0
243	1205	0
245	1205	0
246	1205	0
247	1205	0
250	1205	0
251	1205	1
254	1205	0
256	1205	0
257	1205	0
259	1205	0
260	1205	0
264	1205	0
265	1205	0
266	1205	0
268	1205	0
271	1205	0
272	1205	0
273	1205	0
276	1205	1
277	1205	0
280	1205	0
281	1205	0
285	1205	0
287	1205	1
288	1205	0
301	1205	1
302	1205	0
304	1205	0
306	1205	0
307	1205	0
308	1205	0
310	1205	0
311	1205	0
313	1205	1
314	1205	0
317	1205	0
319	1205	1
322	1205	0
323	1205	1
325	1205	0
326	1205	0
328	1205	0
329	1205	1
333	1205	1
335	1205	0
338	1205	1
339	1205	0
341	1205	0
344	1205	0
346	1205	0
351	1205	0
352	1205	1
355	1205	0
356	1205	0
357	1205	1
359	1205	1
362	1205	1
363	1205	0
365	1205	1
366	1205	1
367	1205	1
376	1205	0
377	1205	1
379	1205	0
381	1205	0
382	1205	0
385	1205	0
388	1205	0
391	1205	1
401	1205	1
403	1205	0
405	1205	0
407	1205	1
410	1205	0
412	1205	0
415	1205	0
416	1205	0
422	1205	0
425	1205	0
426	1205	0
427	1205	0
428	1205	0
429	1205	1
430	1205	1
431	1205	0
432	1205	0
433	1205	0
434	1205	0
438	1205	1
439	1205	0
443	1205	0
445	1205	0
447	1205	0
448	1205	1
449	1205	0
450	1205	0
451	1205	0
452	1205	0
454	1205	0
461	1205	0
462	1205	0
464	1205	1
469	1205	0
471	1205	0
474	1205	0
475	1205	0
481	1205	1
483	1205	0
484	1205	1
485	1205	0
487	1205	0
494	1205	0
497	1205	1
499	1205	1
500	1205	1
501	1205	0
502	1205	1
515	1205	0
516	1205	0
518	1205	1
519	1205	1
520	1205	1
521	1205	0
522	1205	0
524	1205	0
525	1205	1
527	1205	1
528	1205	1
529	1205	1
530	1205	0
531	1205	0
536	1205	0
538	1205	1
540	1205	0
541	1205	0
544	1205	1
546	1205	0
547	1205	0
550	1205	0
551	1205	0
553	1205	0
555	1205	0
557	1205	1
560	1205	0
561	1205	1
562	1205	0
563	1205	0
569	1205	1
570	1205	0
571	1205	0
572	1205	0
574	1205	0
575	1205	0
581	1205	0
583	1205	0
586	1205	1
587	1205	0
589	1205	1
595	1205	0
596	1205	0
599	1205	1
604	1205	0
605	1205	0
608	1205	0
611	1205	0
612	1205	0
616	1205	1
619	1205	0
622	1205	0
627	1205	0
630	1205	0
632	1205	1
633	1205	0
636	1205	0
637	1205	1
638	1205	1
639	1205	0
642	1205	0
643	1205	0
644	1205	0
646	1205	1
647	1205	1
648	1205	0
649	1205	1
650	1205	0
651	1205	0
654	1205	1
655	1205	0
657	1205	0
660	1205	0
662	1205	1
663	1205	1
664	1205	1
667	1205	1
670	1205	0
672	1205	0
674	1205	0
677	1205	0
678	1205	0
679	1205	0
680	1205	0
681	1205	0
682	1205	0
683	1205	0
685	1205	0
686	1205	0
687	1205	1
688	1205	0
690	1205	0
698	1205	0
703	1205	0
707	1205	0
709	1205	0
710	1205	0
712	1205	1
715	1205	0
717	1205	0
719	1205	0
722	1205	0
723	1205	0
724	1205	0
725	1205	0
726	1205	0
727	1205	0
730	1205	0
734	1205	1
735	1205	0
736	1205	0
738	1205	1
740	1205	1
741	1205	0
742	1205	0
743	1205	1
748	1205	1
749	1205	1
750	1205	1
752	1205	1
753	1205	0
754	1205	0
759	1205	1
761	1205	0
764	1205	0
766	1205	0
768	1205	0
769	1205	0
770	1205	0
772	1205	0
773	1205	0
777	1205	0
778	1205	0
779	1205	0
781	1205	0
782	1205	0
784	1205	0
785	1205	0
786	1205	0
787	1205	1
789	1205	0
790	1205	0
791	1205	0
793	1205	0
794	1205	0
795	1205	0
796	1205	0
797	1205	0
798	1205	0
800	1205	0
802	1205	0
805	1205	1
806	1205	0
808	1205	0
810	1205	1
811	1205	1
816	1205	0
818	1205	1
823	1205	1
825	1205	0
826	1205	0
829	1205	1
834	1205	1
835	1205	0
843	1205	0
848	1205	0
849	1205	1
850	1205	0
852	1205	1
853	1205	0
854	1205	0
855	1205	0
859	1205	0
861	1205	0
864	1205	1
868	1205	0
870	1205	1
873	1205	0
874	1205	1
876	1205	0
878	1205	0
880	1205	0
882	1205	1
883	1205	0
885	1205	0
887	1205	0
889	1205	1
890	1205	1
891	1205	0
892	1205	1
893	1205	0
894	1205	0
895	1205	1
896	1205	0
898	1205	1
905	1205	0
907	1205	0
910	1205	0
911	1205	0
912	1205	0
913	1205	0
915	1205	0
916	1205	0
917	1205	1
918	1205	0
919	1205	0
920	1205	0
921	1205	0
923	1205	1
926	1205	0
929	1205	0
934	1205	0
935	1205	0
936	1205	0
941	1205	0
943	1205	1
944	1205	1
945	1205	0
953	1205	1
955	1205	0
957	1205	1
959	1205	1
961	1205	0
964	1205	0
965	1205	1
966	1205	1
