0	1009	0
1	1009	0
2	1009	0
3	1009	0
4	1009	0
5	1009	0
6	1009	1
7	1009	0
8	1009	0
9	1009	1
10	1009	0
11	1009	0
12	1009	0
13	1009	0
14	1009	1
15	1009	0
16	1009	0
17	1009	0
18	1009	0
19	1009	1
20	1009	0
21	1009	0
22	1009	1
23	1009	0
24	1009	0
26	1009	0
27	1009	0
28	1009	0
29	1009	0
30	1009	1
31	1009	0
32	1009	0
33	1009	0
34	1009	0
35	1009	0
36	1009	0
37	1009	0
38	1009	0
39	1009	0
40	1009	0
42	1009	0
44	1009	0
45	1009	0
46	1009	0
47	1009	0
48	1009	0
49	1009	0
50	1009	0
51	1009	1
52	1009	0
53	1009	0
54	1009	0
55	1009	0
56	1009	0
57	1009	0
58	1009	0
59	1009	0
60	1009	0
61	1009	0
62	1009	0
64	1009	0
65	1009	0
66	1009	0
67	1009	0
68	1009	0
69	1009	0
70	1009	0
71	1009	0
72	1009	0
73	1009	0
74	1009	0
75	1009	0
76	1009	0
77	1009	0
78	1009	0
79	1009	0
80	1009	0
81	1009	0
82	1009	0
83	1009	0
84	1009	0
85	1009	0
86	1009	0
87	1009	0
88	1009	0
89	1009	0
90	1009	0
91	1009	0
92	1009	0
93	1009	0
94	1009	0
95	1009	0
96	1009	1
97	1009	0
98	1009	0
99	1009	0
100	1009	0
101	1009	0
102	1009	0
103	1009	0
104	1009	0
105	1009	0
106	1009	0
109	1009	0
111	1009	0
112	1009	0
113	1009	0
114	1009	0
115	1009	1
116	1009	0
117	1009	0
118	1009	0
119	1009	0
120	1009	0
121	1009	0
122	1009	0
123	1009	0
124	1009	0
125	1009	0
130	1009	0
131	1009	0
132	1009	0
133	1009	0
134	1009	0
136	1009	0
137	1009	0
138	1009	0
139	1009	0
141	1009	0
142	1009	0
144	1009	0
146	1009	0
147	1009	0
149	1009	0
150	1009	1
151	1009	0
152	1009	0
153	1009	0
154	1009	0
155	1009	0
156	1009	0
157	1009	0
158	1009	0
159	1009	0
160	1009	0
161	1009	0
162	1009	0
163	1009	0
164	1009	0
165	1009	0
166	1009	0
168	1009	0
169	1009	0
170	1009	1
171	1009	0
172	1009	0
173	1009	0
174	1009	0
175	1009	0
177	1009	0
178	1009	0
179	1009	0
180	1009	0
181	1009	0
182	1009	0
183	1009	0
184	1009	0
187	1009	0
188	1009	0
189	1009	0
190	1009	0
191	1009	1
192	1009	0
193	1009	1
194	1009	0
195	1009	0
196	1009	0
197	1009	0
200	1009	1
201	1009	0
202	1009	0
203	1009	0
204	1009	0
206	1009	1
207	1009	1
208	1009	0
210	1009	0
211	1009	0
212	1009	0
213	1009	0
214	1009	0
216	1009	0
217	1009	0
218	1009	0
219	1009	0
220	1009	0
222	1009	0
223	1009	0
224	1009	0
225	1009	0
226	1009	0
227	1009	0
228	1009	0
229	1009	0
230	1009	0
231	1009	0
232	1009	0
233	1009	0
234	1009	0
235	1009	0
236	1009	0
237	1009	0
238	1009	0
239	1009	0
240	1009	0
241	1009	0
242	1009	0
244	1009	0
245	1009	0
246	1009	0
247	1009	0
248	1009	0
249	1009	0
250	1009	0
251	1009	0
252	1009	0
253	1009	0
254	1009	0
255	1009	0
256	1009	0
258	1009	0
259	1009	0
260	1009	0
261	1009	0
262	1009	0
263	1009	0
264	1009	0
265	1009	0
266	1009	0
267	1009	0
268	1009	0
269	1009	0
270	1009	0
271	1009	0
272	1009	0
273	1009	0
274	1009	0
275	1009	0
276	1009	0
277	1009	0
278	1009	0
279	1009	0
280	1009	0
281	1009	0
282	1009	0
283	1009	0
284	1009	0
285	1009	0
286	1009	0
288	1009	1
289	1009	0
290	1009	0
291	1009	0
292	1009	1
293	1009	0
294	1009	0
295	1009	0
296	1009	0
297	1009	0
298	1009	0
299	1009	0
300	1009	0
301	1009	0
302	1009	0
303	1009	0
304	1009	0
306	1009	0
307	1009	0
308	1009	0
309	1009	0
310	1009	0
311	1009	0
312	1009	1
313	1009	0
314	1009	0
315	1009	0
316	1009	1
317	1009	0
318	1009	0
319	1009	0
320	1009	0
321	1009	0
322	1009	0
323	1009	0
324	1009	0
325	1009	0
326	1009	0
327	1009	0
328	1009	1
329	1009	0
330	1009	0
331	1009	0
333	1009	1
334	1009	0
335	1009	0
336	1009	0
337	1009	0
338	1009	0
339	1009	0
340	1009	0
341	1009	0
342	1009	0
343	1009	0
344	1009	0
346	1009	0
347	1009	0
348	1009	0
349	1009	0
350	1009	0
354	1009	1
355	1009	0
356	1009	1
357	1009	0
358	1009	0
359	1009	0
360	1009	0
361	1009	0
363	1009	0
364	1009	0
365	1009	0
366	1009	0
367	1009	0
368	1009	0
370	1009	0
371	1009	0
372	1009	0
373	1009	0
374	1009	0
377	1009	0
378	1009	0
379	1009	0
380	1009	0
381	1009	1
382	1009	0
383	1009	0
384	1009	0
385	1009	0
386	1009	0
387	1009	0
388	1009	0
390	1009	0
391	1009	0
393	1009	0
394	1009	0
395	1009	0
396	1009	0
397	1009	0
398	1009	0
399	1009	0
400	1009	0
401	1009	0
402	1009	1
403	1009	0
404	1009	0
405	1009	0
406	1009	0
408	1009	0
409	1009	0
410	1009	0
411	1009	0
412	1009	0
413	1009	1
414	1009	0
415	1009	0
416	1009	0
417	1009	1
418	1009	0
419	1009	0
420	1009	0
421	1009	0
422	1009	0
423	1009	0
424	1009	0
425	1009	0
426	1009	0
427	1009	0
428	1009	0
429	1009	0
430	1009	0
431	1009	0
432	1009	0
433	1009	0
434	1009	0
435	1009	1
436	1009	0
437	1009	0
438	1009	1
439	1009	0
440	1009	0
441	1009	0
442	1009	0
443	1009	0
444	1009	0
445	1009	0
446	1009	0
447	1009	0
448	1009	0
449	1009	0
450	1009	0
451	1009	0
452	1009	0
453	1009	0
454	1009	0
455	1009	0
456	1009	1
457	1009	0
458	1009	0
459	1009	0
460	1009	0
461	1009	0
462	1009	0
463	1009	0
464	1009	0
465	1009	0
466	1009	1
467	1009	0
468	1009	0
469	1009	0
470	1009	0
471	1009	0
472	1009	0
473	1009	0
474	1009	0
475	1009	0
476	1009	0
477	1009	0
478	1009	0
480	1009	1
481	1009	0
482	1009	0
483	1009	0
484	1009	0
485	1009	0
486	1009	1
487	1009	0
489	1009	0
490	1009	0
491	1009	1
492	1009	0
493	1009	0
495	1009	0
496	1009	0
497	1009	0
499	1009	0
500	1009	0
501	1009	0
502	1009	0
503	1009	0
505	1009	0
508	1009	0
509	1009	0
510	1009	0
511	1009	0
512	1009	0
513	1009	0
514	1009	1
515	1009	0
516	1009	0
517	1009	0
518	1009	1
519	1009	0
520	1009	0
521	1009	0
522	1009	0
523	1009	0
524	1009	0
525	1009	0
527	1009	0
528	1009	0
529	1009	0
533	1009	0
534	1009	0
536	1009	0
537	1009	0
538	1009	0
540	1009	0
541	1009	0
542	1009	0
543	1009	0
544	1009	0
546	1009	0
547	1009	0
548	1009	0
549	1009	0
550	1009	0
551	1009	0
553	1009	0
554	1009	0
555	1009	0
556	1009	0
557	1009	0
558	1009	0
559	1009	0
560	1009	0
561	1009	0
562	1009	0
563	1009	0
564	1009	0
565	1009	0
566	1009	0
567	1009	0
568	1009	0
569	1009	0
570	1009	0
571	1009	0
572	1009	0
573	1009	0
574	1009	0
575	1009	0
576	1009	0
577	1009	0
578	1009	0
579	1009	0
580	1009	0
582	1009	0
583	1009	0
584	1009	0
585	1009	0
586	1009	1
587	1009	0
588	1009	0
589	1009	0
590	1009	0
591	1009	0
592	1009	0
593	1009	0
594	1009	1
595	1009	0
596	1009	0
597	1009	0
598	1009	0
599	1009	0
600	1009	0
601	1009	0
602	1009	0
604	1009	0
605	1009	0
606	1009	0
607	1009	0
608	1009	0
609	1009	0
611	1009	0
612	1009	0
613	1009	0
614	1009	0
615	1009	0
616	1009	0
617	1009	0
618	1009	0
620	1009	0
621	1009	0
622	1009	0
624	1009	0
625	1009	0
626	1009	0
627	1009	0
628	1009	0
630	1009	0
631	1009	0
632	1009	1
633	1009	0
635	1009	0
636	1009	0
637	1009	0
640	1009	0
641	1009	0
642	1009	0
643	1009	0
644	1009	0
645	1009	0
646	1009	0
647	1009	0
648	1009	0
649	1009	0
650	1009	0
651	1009	1
652	1009	0
653	1009	0
654	1009	0
655	1009	0
658	1009	0
659	1009	0
661	1009	0
662	1009	0
663	1009	0
664	1009	1
666	1009	0
667	1009	1
668	1009	0
669	1009	0
670	1009	0
671	1009	0
672	1009	0
673	1009	0
674	1009	0
675	1009	0
676	1009	0
680	1009	0
682	1009	0
683	1009	0
684	1009	0
685	1009	0
686	1009	0
688	1009	0
689	1009	0
690	1009	0
691	1009	0
692	1009	0
693	1009	0
694	1009	0
695	1009	1
696	1009	0
697	1009	0
698	1009	0
699	1009	0
700	1009	0
701	1009	0
702	1009	0
703	1009	0
704	1009	0
705	1009	0
706	1009	0
707	1009	0
708	1009	0
709	1009	0
710	1009	0
711	1009	0
713	1009	0
714	1009	0
715	1009	0
716	1009	0
717	1009	0
718	1009	1
720	1009	0
721	1009	0
722	1009	0
728	1009	0
730	1009	0
731	1009	0
732	1009	1
733	1009	0
734	1009	0
735	1009	0
736	1009	0
737	1009	0
738	1009	1
739	1009	0
740	1009	0
741	1009	0
742	1009	0
744	1009	0
745	1009	0
746	1009	0
747	1009	0
748	1009	0
749	1009	0
750	1009	0
751	1009	0
752	1009	0
753	1009	0
754	1009	0
755	1009	0
756	1009	0
757	1009	0
758	1009	0
759	1009	1
760	1009	0
761	1009	0
762	1009	0
763	1009	0
764	1009	0
765	1009	0
766	1009	0
767	1009	0
768	1009	0
769	1009	0
770	1009	0
771	1009	0
772	1009	0
773	1009	0
774	1009	0
775	1009	0
776	1009	0
777	1009	0
778	1009	0
779	1009	0
780	1009	0
783	1009	0
784	1009	0
785	1009	1
786	1009	0
787	1009	0
788	1009	0
789	1009	0
790	1009	0
791	1009	0
794	1009	0
796	1009	0
797	1009	0
798	1009	0
799	1009	0
800	1009	0
801	1009	0
802	1009	0
803	1009	1
804	1009	0
806	1009	0
807	1009	0
808	1009	0
809	1009	0
810	1009	0
811	1009	1
814	1009	0
816	1009	0
817	1009	0
819	1009	0
820	1009	0
821	1009	0
824	1009	0
825	1009	0
827	1009	1
828	1009	0
830	1009	0
831	1009	0
832	1009	1
833	1009	0
834	1009	0
835	1009	0
836	1009	0
837	1009	1
839	1009	0
840	1009	0
841	1009	0
843	1009	0
844	1009	0
845	1009	0
846	1009	0
847	1009	0
848	1009	0
849	1009	1
850	1009	0
851	1009	0
852	1009	0
853	1009	0
854	1009	0
855	1009	0
856	1009	0
857	1009	0
858	1009	0
859	1009	0
860	1009	0
861	1009	0
862	1009	1
863	1009	0
864	1009	1
865	1009	0
866	1009	0
867	1009	0
868	1009	0
869	1009	0
870	1009	0
872	1009	0
873	1009	0
874	1009	0
875	1009	0
876	1009	0
877	1009	0
879	1009	0
880	1009	0
881	1009	0
882	1009	1
883	1009	0
884	1009	0
885	1009	0
886	1009	0
887	1009	0
888	1009	0
889	1009	0
890	1009	0
891	1009	1
892	1009	0
893	1009	0
894	1009	0
895	1009	0
896	1009	0
897	1009	0
898	1009	0
900	1009	0
901	1009	0
902	1009	0
903	1009	0
904	1009	0
905	1009	0
906	1009	0
907	1009	0
908	1009	0
909	1009	0
911	1009	0
912	1009	0
913	1009	0
914	1009	0
916	1009	0
917	1009	0
918	1009	0
919	1009	0
920	1009	0
921	1009	0
922	1009	1
923	1009	0
924	1009	0
925	1009	0
927	1009	0
928	1009	0
930	1009	0
931	1009	0
933	1009	0
934	1009	0
936	1009	0
937	1009	0
939	1009	0
940	1009	0
941	1009	0
942	1009	0
943	1009	0
944	1009	0
945	1009	0
946	1009	0
947	1009	0
948	1009	0
949	1009	0
950	1009	0
952	1009	0
953	1009	0
954	1009	0
955	1009	0
956	1009	0
958	1009	0
961	1009	0
962	1009	1
963	1009	0
964	1009	0
965	1009	1
966	1009	0
967	1009	0
