0	1069	0
1	1069	0
2	1069	0
3	1069	0
4	1069	0
5	1069	0
6	1069	0
7	1069	0
8	1069	1
9	1069	1
10	1069	0
11	1069	0
12	1069	0
13	1069	0
14	1069	0
15	1069	0
16	1069	0
17	1069	0
18	1069	0
19	1069	0
20	1069	0
21	1069	0
22	1069	0
23	1069	0
24	1069	0
26	1069	0
27	1069	0
28	1069	0
29	1069	0
30	1069	0
31	1069	1
32	1069	1
33	1069	0
34	1069	0
35	1069	0
36	1069	0
37	1069	0
38	1069	0
39	1069	1
40	1069	0
42	1069	0
43	1069	0
44	1069	0
45	1069	0
46	1069	0
47	1069	1
48	1069	0
49	1069	0
50	1069	0
51	1069	0
52	1069	0
53	1069	0
54	1069	0
55	1069	0
56	1069	0
57	1069	0
58	1069	0
59	1069	0
60	1069	0
61	1069	0
62	1069	0
64	1069	0
65	1069	0
66	1069	0
67	1069	0
68	1069	0
69	1069	0
70	1069	1
71	1069	0
72	1069	0
73	1069	0
74	1069	0
75	1069	0
76	1069	0
77	1069	0
78	1069	0
79	1069	0
80	1069	0
81	1069	0
82	1069	0
83	1069	0
84	1069	0
85	1069	0
86	1069	0
87	1069	0
88	1069	0
89	1069	0
90	1069	0
91	1069	0
92	1069	0
93	1069	0
94	1069	0
95	1069	1
96	1069	0
97	1069	0
98	1069	0
99	1069	0
100	1069	0
102	1069	1
103	1069	0
104	1069	0
105	1069	0
106	1069	0
109	1069	0
111	1069	0
112	1069	0
113	1069	1
114	1069	0
115	1069	0
116	1069	0
117	1069	0
118	1069	0
119	1069	0
120	1069	0
121	1069	0
122	1069	0
123	1069	0
124	1069	0
125	1069	0
126	1069	0
127	1069	0
129	1069	0
130	1069	0
131	1069	0
132	1069	0
133	1069	0
134	1069	0
136	1069	0
137	1069	0
138	1069	1
139	1069	0
140	1069	0
141	1069	0
142	1069	0
143	1069	0
144	1069	0
145	1069	0
146	1069	0
147	1069	0
148	1069	1
149	1069	0
150	1069	0
151	1069	0
152	1069	0
153	1069	0
154	1069	0
155	1069	0
156	1069	0
157	1069	0
158	1069	0
159	1069	0
160	1069	0
161	1069	0
162	1069	0
163	1069	1
165	1069	0
166	1069	0
167	1069	0
168	1069	1
169	1069	0
170	1069	0
171	1069	0
172	1069	1
173	1069	0
174	1069	0
175	1069	0
177	1069	1
178	1069	0
179	1069	0
180	1069	0
182	1069	0
183	1069	0
184	1069	0
185	1069	0
186	1069	0
187	1069	0
188	1069	0
189	1069	1
190	1069	0
191	1069	0
192	1069	0
193	1069	0
194	1069	0
195	1069	0
196	1069	0
197	1069	0
198	1069	0
199	1069	0
200	1069	0
201	1069	0
202	1069	0
203	1069	0
204	1069	0
206	1069	1
207	1069	0
208	1069	0
210	1069	0
211	1069	0
212	1069	0
213	1069	0
214	1069	0
215	1069	0
216	1069	0
217	1069	0
218	1069	0
219	1069	0
220	1069	0
222	1069	0
223	1069	0
224	1069	0
225	1069	0
226	1069	0
227	1069	0
228	1069	0
229	1069	0
230	1069	0
231	1069	0
232	1069	0
233	1069	0
234	1069	0
235	1069	0
236	1069	0
237	1069	0
238	1069	0
239	1069	0
240	1069	0
241	1069	0
242	1069	1
244	1069	0
245	1069	0
246	1069	0
247	1069	0
248	1069	0
249	1069	0
250	1069	0
251	1069	0
252	1069	0
253	1069	1
254	1069	0
255	1069	0
256	1069	0
258	1069	1
259	1069	0
260	1069	0
261	1069	0
262	1069	0
263	1069	0
264	1069	0
265	1069	0
266	1069	0
267	1069	0
268	1069	0
269	1069	0
270	1069	0
271	1069	0
272	1069	1
273	1069	0
274	1069	0
275	1069	1
276	1069	0
277	1069	0
278	1069	0
279	1069	0
280	1069	0
281	1069	0
282	1069	0
283	1069	0
284	1069	0
285	1069	0
286	1069	0
287	1069	0
288	1069	0
289	1069	0
290	1069	0
291	1069	0
292	1069	0
293	1069	0
294	1069	0
295	1069	0
296	1069	0
297	1069	0
298	1069	0
299	1069	0
300	1069	0
301	1069	1
302	1069	0
303	1069	0
304	1069	0
305	1069	0
306	1069	0
307	1069	0
308	1069	0
309	1069	0
310	1069	0
311	1069	0
312	1069	0
313	1069	0
314	1069	0
315	1069	0
316	1069	0
317	1069	1
318	1069	0
319	1069	0
320	1069	0
321	1069	0
322	1069	0
323	1069	0
324	1069	0
325	1069	0
326	1069	0
327	1069	1
328	1069	0
329	1069	0
330	1069	0
331	1069	0
333	1069	0
335	1069	0
336	1069	0
337	1069	0
338	1069	0
339	1069	0
340	1069	0
341	1069	0
342	1069	0
343	1069	0
344	1069	0
346	1069	0
347	1069	0
348	1069	0
349	1069	0
350	1069	0
351	1069	0
352	1069	0
354	1069	0
355	1069	0
357	1069	0
358	1069	0
359	1069	0
360	1069	0
361	1069	0
363	1069	0
364	1069	0
365	1069	0
366	1069	0
367	1069	0
368	1069	0
371	1069	0
372	1069	0
373	1069	1
374	1069	0
375	1069	1
377	1069	0
378	1069	1
379	1069	0
380	1069	0
381	1069	0
382	1069	0
383	1069	1
384	1069	0
385	1069	0
386	1069	0
387	1069	0
388	1069	0
389	1069	0
390	1069	0
391	1069	0
393	1069	0
394	1069	0
395	1069	0
397	1069	0
398	1069	0
399	1069	1
400	1069	0
401	1069	0
402	1069	0
403	1069	0
404	1069	0
405	1069	0
406	1069	0
407	1069	1
408	1069	0
409	1069	0
410	1069	0
411	1069	0
412	1069	0
413	1069	0
414	1069	0
415	1069	0
416	1069	0
417	1069	0
418	1069	1
419	1069	0
420	1069	0
421	1069	0
422	1069	0
423	1069	0
424	1069	0
425	1069	0
426	1069	1
427	1069	0
428	1069	0
429	1069	0
430	1069	0
431	1069	0
432	1069	0
433	1069	0
434	1069	0
435	1069	0
436	1069	0
437	1069	0
438	1069	0
439	1069	0
440	1069	0
441	1069	0
442	1069	0
443	1069	1
444	1069	0
445	1069	0
446	1069	1
447	1069	0
448	1069	0
449	1069	0
450	1069	0
451	1069	0
452	1069	0
453	1069	0
454	1069	0
455	1069	0
456	1069	0
457	1069	0
458	1069	0
459	1069	0
460	1069	0
461	1069	0
462	1069	0
463	1069	0
464	1069	0
465	1069	1
466	1069	0
467	1069	0
468	1069	0
469	1069	1
470	1069	0
471	1069	0
472	1069	0
473	1069	1
474	1069	0
475	1069	0
476	1069	0
477	1069	1
478	1069	0
480	1069	0
481	1069	0
482	1069	0
483	1069	0
484	1069	0
485	1069	0
486	1069	0
487	1069	0
489	1069	0
490	1069	0
491	1069	0
492	1069	0
493	1069	1
495	1069	0
496	1069	0
497	1069	0
499	1069	0
500	1069	0
501	1069	0
502	1069	0
503	1069	1
505	1069	0
506	1069	0
508	1069	1
509	1069	0
510	1069	0
511	1069	0
512	1069	0
513	1069	0
514	1069	1
515	1069	0
516	1069	0
517	1069	0
518	1069	1
519	1069	0
520	1069	1
521	1069	0
523	1069	0
524	1069	0
525	1069	0
526	1069	0
527	1069	0
528	1069	0
529	1069	0
531	1069	0
533	1069	0
534	1069	0
536	1069	0
537	1069	0
538	1069	0
540	1069	0
541	1069	0
542	1069	0
543	1069	0
544	1069	0
546	1069	1
547	1069	0
548	1069	0
549	1069	0
550	1069	0
551	1069	1
553	1069	0
554	1069	0
555	1069	0
556	1069	0
557	1069	0
558	1069	0
559	1069	0
560	1069	1
561	1069	0
562	1069	0
564	1069	0
565	1069	0
566	1069	0
567	1069	1
568	1069	0
569	1069	0
570	1069	0
571	1069	1
572	1069	0
574	1069	0
575	1069	0
576	1069	0
577	1069	0
578	1069	0
579	1069	1
580	1069	0
582	1069	0
583	1069	1
584	1069	0
585	1069	1
586	1069	0
587	1069	0
588	1069	0
589	1069	0
590	1069	0
591	1069	0
592	1069	0
593	1069	1
594	1069	0
595	1069	0
596	1069	0
597	1069	0
598	1069	0
599	1069	0
600	1069	0
601	1069	0
602	1069	0
604	1069	0
605	1069	0
606	1069	0
607	1069	0
609	1069	1
611	1069	0
612	1069	0
613	1069	0
614	1069	0
615	1069	0
616	1069	0
617	1069	0
618	1069	0
619	1069	0
620	1069	0
621	1069	1
622	1069	0
624	1069	0
625	1069	0
626	1069	0
627	1069	0
628	1069	0
630	1069	1
631	1069	0
632	1069	0
633	1069	0
635	1069	0
636	1069	0
637	1069	0
640	1069	0
641	1069	0
642	1069	0
643	1069	0
644	1069	0
645	1069	1
646	1069	1
647	1069	0
648	1069	0
649	1069	0
650	1069	0
651	1069	0
652	1069	0
653	1069	0
654	1069	0
655	1069	0
656	1069	1
657	1069	0
658	1069	0
659	1069	0
660	1069	0
661	1069	0
662	1069	0
663	1069	0
664	1069	0
666	1069	1
667	1069	0
668	1069	0
669	1069	0
670	1069	0
671	1069	0
672	1069	0
673	1069	0
674	1069	0
675	1069	0
676	1069	0
677	1069	0
678	1069	0
679	1069	1
680	1069	0
681	1069	0
682	1069	0
683	1069	0
684	1069	0
685	1069	0
686	1069	0
687	1069	0
688	1069	0
689	1069	0
690	1069	0
691	1069	1
692	1069	0
693	1069	0
694	1069	0
695	1069	0
696	1069	0
697	1069	0
698	1069	0
699	1069	0
700	1069	1
701	1069	1
702	1069	0
703	1069	1
704	1069	0
705	1069	0
706	1069	0
707	1069	0
708	1069	0
709	1069	0
710	1069	0
711	1069	0
712	1069	0
713	1069	1
714	1069	0
715	1069	0
716	1069	0
717	1069	0
718	1069	0
719	1069	0
720	1069	0
721	1069	0
722	1069	0
723	1069	1
724	1069	1
725	1069	0
726	1069	0
727	1069	0
728	1069	0
730	1069	0
731	1069	0
732	1069	0
733	1069	0
734	1069	0
735	1069	0
736	1069	0
737	1069	0
738	1069	0
739	1069	0
740	1069	0
741	1069	0
742	1069	1
743	1069	0
744	1069	0
745	1069	0
746	1069	0
747	1069	0
748	1069	1
749	1069	0
750	1069	0
751	1069	0
752	1069	0
753	1069	0
754	1069	0
755	1069	0
756	1069	0
757	1069	0
759	1069	0
760	1069	0
761	1069	0
762	1069	0
763	1069	0
764	1069	0
765	1069	1
766	1069	0
767	1069	0
768	1069	0
769	1069	0
770	1069	0
771	1069	0
772	1069	0
773	1069	0
774	1069	0
775	1069	0
776	1069	0
777	1069	0
778	1069	0
779	1069	0
780	1069	0
782	1069	0
783	1069	0
784	1069	0
785	1069	0
786	1069	0
787	1069	0
788	1069	0
789	1069	0
790	1069	0
791	1069	0
793	1069	0
794	1069	0
795	1069	0
796	1069	0
797	1069	0
798	1069	0
799	1069	0
800	1069	0
801	1069	1
802	1069	0
803	1069	0
804	1069	0
806	1069	0
807	1069	0
808	1069	1
809	1069	0
810	1069	0
811	1069	1
812	1069	1
813	1069	0
814	1069	0
816	1069	0
817	1069	0
818	1069	0
819	1069	0
820	1069	0
821	1069	1
822	1069	0
823	1069	0
824	1069	0
825	1069	0
826	1069	0
827	1069	1
828	1069	0
829	1069	0
830	1069	0
831	1069	0
832	1069	1
833	1069	1
834	1069	0
835	1069	0
836	1069	0
837	1069	1
839	1069	0
840	1069	1
841	1069	0
842	1069	0
843	1069	0
844	1069	0
845	1069	0
846	1069	0
847	1069	0
848	1069	0
849	1069	0
850	1069	0
851	1069	0
852	1069	0
853	1069	1
854	1069	0
855	1069	0
856	1069	0
857	1069	0
858	1069	0
859	1069	0
860	1069	1
861	1069	0
862	1069	0
863	1069	0
864	1069	1
865	1069	0
866	1069	0
867	1069	0
868	1069	0
869	1069	0
870	1069	0
872	1069	0
873	1069	0
874	1069	0
875	1069	0
876	1069	0
877	1069	1
878	1069	0
879	1069	0
880	1069	0
881	1069	0
882	1069	0
883	1069	0
884	1069	0
885	1069	0
886	1069	0
887	1069	0
888	1069	1
889	1069	0
890	1069	0
891	1069	1
892	1069	1
893	1069	0
894	1069	0
895	1069	0
896	1069	0
897	1069	0
898	1069	0
900	1069	0
901	1069	0
902	1069	0
903	1069	0
904	1069	0
905	1069	0
906	1069	0
907	1069	0
908	1069	0
909	1069	0
910	1069	0
911	1069	0
912	1069	0
913	1069	0
914	1069	0
916	1069	1
917	1069	1
918	1069	0
919	1069	1
920	1069	0
921	1069	0
922	1069	0
923	1069	0
924	1069	0
925	1069	0
926	1069	0
927	1069	0
928	1069	0
930	1069	1
931	1069	0
933	1069	1
934	1069	0
935	1069	0
936	1069	0
937	1069	0
938	1069	0
939	1069	0
940	1069	0
941	1069	0
942	1069	0
943	1069	0
944	1069	0
945	1069	0
946	1069	0
947	1069	0
948	1069	0
949	1069	0
950	1069	0
952	1069	0
953	1069	0
954	1069	0
955	1069	0
956	1069	1
958	1069	1
959	1069	0
960	1069	0
961	1069	0
962	1069	0
963	1069	1
964	1069	0
965	1069	0
966	1069	0
967	1069	0
