8	1001	1
10	1001	0
13	1001	0
16	1001	0
18	1001	0
20	1001	0
21	1001	0
24	1001	0
31	1001	0
32	1001	0
33	1001	0
34	1001	0
36	1001	0
39	1001	0
42	1001	0
43	1001	0
44	1001	0
45	1001	0
47	1001	0
48	1001	0
49	1001	0
59	1001	1
61	1001	0
64	1001	0
67	1001	0
71	1001	0
76	1001	0
87	1001	0
93	1001	0
96	1001	0
98	1001	0
101	1001	0
106	1001	0
109	1001	0
112	1001	0
113	1001	0
117	1001	0
120	1001	0
121	1001	0
122	1001	0
125	1001	0
130	1001	0
131	1001	0
133	1001	0
134	1001	0
137	1001	0
138	1001	0
139	1001	0
140	1001	0
141	1001	0
142	1001	0
143	1001	0
144	1001	0
146	1001	0
147	1001	0
151	1001	0
152	1001	0
154	1001	0
156	1001	0
157	1001	0
159	1001	0
162	1001	0
163	1001	0
164	1001	1
168	1001	0
170	1001	0
171	1001	0
172	1001	0
174	1001	0
176	1001	0
182	1001	0
183	1001	0
184	1001	0
188	1001	1
190	1001	0
191	1001	0
192	1001	1
193	1001	0
194	1001	0
195	1001	0
196	1001	0
197	1001	0
201	1001	0
202	1001	0
203	1001	0
204	1001	0
205	1001	0
206	1001	0
207	1001	0
208	1001	0
209	1001	0
210	1001	0
211	1001	0
214	1001	0
221	1001	1
222	1001	0
224	1001	0
225	1001	0
227	1001	0
228	1001	0
230	1001	0
232	1001	0
233	1001	0
234	1001	0
251	1001	0
252	1001	0
253	1001	0
255	1001	0
263	1001	0
267	1001	0
269	1001	0
274	1001	1
275	1001	0
276	1001	0
282	1001	0
283	1001	0
289	1001	0
290	1001	0
296	1001	0
301	1001	0
310	1001	0
316	1001	0
328	1001	1
334	1001	0
336	1001	0
338	1001	0
339	1001	0
340	1001	0
341	1001	0
343	1001	0
358	1001	0
359	1001	0
360	1001	0
363	1001	0
364	1001	0
365	1001	0
367	1001	0
368	1001	0
370	1001	1
371	1001	0
372	1001	0
373	1001	0
375	1001	0
377	1001	0
378	1001	0
379	1001	0
380	1001	0
381	1001	0
382	1001	0
384	1001	0
385	1001	0
386	1001	0
390	1001	0
391	1001	0
393	1001	0
401	1001	0
402	1001	1
404	1001	0
405	1001	0
406	1001	0
420	1001	0
421	1001	0
422	1001	0
423	1001	0
424	1001	0
425	1001	0
426	1001	0
427	1001	0
428	1001	0
429	1001	0
430	1001	1
431	1001	0
432	1001	0
433	1001	0
435	1001	0
436	1001	0
443	1001	0
446	1001	0
448	1001	0
449	1001	0
450	1001	0
451	1001	0
453	1001	0
454	1001	0
455	1001	0
457	1001	0
458	1001	0
459	1001	0
461	1001	0
464	1001	0
465	1001	1
475	1001	0
476	1001	0
478	1001	0
486	1001	0
487	1001	0
489	1001	0
496	1001	1
497	1001	0
499	1001	0
500	1001	0
503	1001	1
505	1001	0
508	1001	0
509	1001	0
510	1001	0
511	1001	0
512	1001	0
514	1001	1
515	1001	0
516	1001	0
517	1001	0
518	1001	0
519	1001	0
520	1001	0
521	1001	0
522	1001	1
523	1001	0
524	1001	1
525	1001	0
526	1001	0
527	1001	0
528	1001	0
529	1001	0
534	1001	0
536	1001	0
537	1001	0
538	1001	0
540	1001	0
541	1001	0
542	1001	1
544	1001	0
549	1001	0
551	1001	0
554	1001	0
557	1001	0
561	1001	0
565	1001	0
566	1001	0
567	1001	0
568	1001	0
569	1001	0
573	1001	0
574	1001	0
584	1001	0
585	1001	1
588	1001	0
589	1001	0
592	1001	0
593	1001	0
595	1001	0
597	1001	0
607	1001	0
608	1001	0
610	1001	0
612	1001	1
613	1001	0
616	1001	0
617	1001	0
620	1001	0
625	1001	0
626	1001	0
627	1001	0
630	1001	0
631	1001	0
633	1001	0
637	1001	1
640	1001	0
641	1001	1
642	1001	0
643	1001	0
644	1001	0
645	1001	0
646	1001	0
647	1001	1
648	1001	0
649	1001	0
650	1001	0
651	1001	0
652	1001	0
661	1001	1
662	1001	0
663	1001	0
664	1001	0
666	1001	0
667	1001	0
672	1001	0
673	1001	1
674	1001	0
683	1001	1
692	1001	0
693	1001	0
694	1001	0
713	1001	0
715	1001	0
718	1001	0
720	1001	0
721	1001	0
722	1001	0
728	1001	0
732	1001	0
737	1001	0
738	1001	0
741	1001	0
742	1001	1
743	1001	0
745	1001	0
747	1001	1
748	1001	0
749	1001	0
750	1001	0
754	1001	0
758	1001	0
761	1001	0
763	1001	1
767	1001	0
768	1001	0
769	1001	0
771	1001	0
772	1001	0
773	1001	0
774	1001	1
778	1001	0
780	1001	0
784	1001	0
786	1001	0
787	1001	0
796	1001	0
798	1001	0
799	1001	0
802	1001	0
803	1001	0
805	1001	0
808	1001	0
810	1001	0
824	1001	0
827	1001	0
828	1001	1
830	1001	1
831	1001	1
833	1001	1
834	1001	1
837	1001	0
839	1001	0
840	1001	0
855	1001	0
859	1001	0
862	1001	0
863	1001	0
870	1001	0
871	1001	0
873	1001	0
874	1001	0
876	1001	0
877	1001	0
879	1001	0
880	1001	0
881	1001	0
882	1001	0
883	1001	0
885	1001	0
887	1001	0
888	1001	0
889	1001	0
890	1001	0
895	1001	0
900	1001	0
901	1001	0
904	1001	0
906	1001	0
911	1001	0
912	1001	0
913	1001	0
917	1001	0
923	1001	0
924	1001	1
928	1001	0
937	1001	0
943	1001	0
944	1001	0
947	1001	1
949	1001	0
952	1001	0
953	1001	0
954	1001	0
955	1001	1
956	1001	0
958	1001	0
963	1001	0
964	1001	0
965	1001	0
967	1001	0
