0	1051	0
1	1051	0
2	1051	0
3	1051	0
4	1051	0
5	1051	0
6	1051	0
7	1051	0
8	1051	1
9	1051	1
10	1051	0
11	1051	0
12	1051	0
13	1051	0
14	1051	0
15	1051	0
16	1051	0
17	1051	0
18	1051	0
19	1051	0
20	1051	0
21	1051	1
22	1051	0
23	1051	0
24	1051	0
26	1051	0
27	1051	0
28	1051	0
29	1051	0
30	1051	0
31	1051	1
32	1051	1
33	1051	0
34	1051	0
35	1051	0
36	1051	0
37	1051	0
38	1051	0
39	1051	0
40	1051	0
42	1051	0
43	1051	0
44	1051	0
45	1051	0
46	1051	0
47	1051	0
48	1051	0
49	1051	0
50	1051	0
51	1051	0
52	1051	0
53	1051	0
54	1051	0
55	1051	0
56	1051	0
57	1051	0
58	1051	0
59	1051	0
60	1051	0
61	1051	0
62	1051	0
64	1051	0
65	1051	0
66	1051	0
67	1051	0
68	1051	0
69	1051	0
70	1051	0
71	1051	1
72	1051	0
73	1051	0
74	1051	0
75	1051	0
76	1051	0
77	1051	0
78	1051	0
79	1051	0
80	1051	0
81	1051	0
82	1051	0
83	1051	0
84	1051	0
85	1051	1
86	1051	0
87	1051	0
88	1051	0
89	1051	0
90	1051	0
91	1051	0
92	1051	0
93	1051	0
94	1051	0
95	1051	0
96	1051	1
97	1051	0
98	1051	1
99	1051	0
100	1051	1
101	1051	0
102	1051	1
103	1051	0
104	1051	0
105	1051	0
106	1051	0
109	1051	1
111	1051	1
112	1051	0
113	1051	0
114	1051	0
115	1051	1
116	1051	0
117	1051	0
118	1051	0
119	1051	0
120	1051	0
121	1051	0
122	1051	0
123	1051	0
124	1051	0
125	1051	0
130	1051	0
131	1051	0
132	1051	0
133	1051	0
134	1051	0
136	1051	0
137	1051	0
138	1051	0
139	1051	0
141	1051	0
142	1051	0
144	1051	0
146	1051	0
147	1051	0
149	1051	0
150	1051	1
151	1051	0
152	1051	0
153	1051	0
154	1051	0
155	1051	0
156	1051	0
157	1051	0
158	1051	0
159	1051	0
160	1051	0
161	1051	0
162	1051	0
163	1051	1
164	1051	0
165	1051	0
166	1051	0
168	1051	0
169	1051	0
170	1051	0
171	1051	0
172	1051	0
173	1051	0
174	1051	0
175	1051	0
177	1051	0
178	1051	0
179	1051	0
180	1051	0
181	1051	0
182	1051	0
183	1051	0
184	1051	0
187	1051	0
188	1051	0
189	1051	0
190	1051	0
191	1051	0
192	1051	0
193	1051	1
194	1051	0
195	1051	0
196	1051	0
197	1051	0
200	1051	0
201	1051	0
202	1051	0
203	1051	0
204	1051	0
206	1051	1
207	1051	0
208	1051	0
210	1051	0
211	1051	0
212	1051	0
213	1051	0
214	1051	0
216	1051	0
217	1051	0
218	1051	0
219	1051	1
220	1051	0
222	1051	0
223	1051	0
224	1051	0
225	1051	0
226	1051	0
227	1051	1
228	1051	0
229	1051	0
230	1051	0
231	1051	0
232	1051	0
233	1051	0
234	1051	0
235	1051	0
236	1051	0
237	1051	0
238	1051	0
239	1051	0
240	1051	0
241	1051	0
242	1051	0
244	1051	0
245	1051	0
246	1051	0
247	1051	1
248	1051	0
249	1051	0
250	1051	0
251	1051	1
252	1051	0
253	1051	0
254	1051	0
255	1051	0
256	1051	0
258	1051	0
259	1051	0
260	1051	0
261	1051	0
262	1051	0
263	1051	0
264	1051	0
265	1051	0
266	1051	1
267	1051	0
268	1051	0
269	1051	0
270	1051	0
271	1051	0
272	1051	0
273	1051	0
274	1051	0
275	1051	0
276	1051	0
277	1051	0
278	1051	0
279	1051	0
280	1051	0
281	1051	0
282	1051	0
283	1051	0
284	1051	0
285	1051	0
286	1051	0
288	1051	1
289	1051	1
290	1051	0
291	1051	0
292	1051	0
293	1051	0
294	1051	0
295	1051	0
296	1051	0
297	1051	0
298	1051	0
299	1051	1
300	1051	0
301	1051	0
302	1051	0
303	1051	0
304	1051	0
306	1051	0
307	1051	0
308	1051	0
309	1051	0
310	1051	0
311	1051	0
312	1051	0
313	1051	0
314	1051	0
315	1051	0
316	1051	1
317	1051	0
318	1051	0
319	1051	0
320	1051	0
321	1051	0
322	1051	0
323	1051	0
324	1051	0
325	1051	0
326	1051	0
327	1051	0
328	1051	0
329	1051	0
330	1051	0
331	1051	0
333	1051	0
334	1051	0
335	1051	1
336	1051	0
337	1051	0
338	1051	0
339	1051	0
340	1051	0
341	1051	0
342	1051	0
343	1051	0
344	1051	0
346	1051	1
347	1051	0
348	1051	0
349	1051	0
350	1051	0
354	1051	1
355	1051	0
356	1051	1
357	1051	0
358	1051	0
359	1051	0
360	1051	0
361	1051	1
363	1051	0
364	1051	0
365	1051	0
366	1051	0
367	1051	0
368	1051	0
370	1051	1
371	1051	0
372	1051	0
373	1051	1
374	1051	0
377	1051	0
378	1051	1
379	1051	0
380	1051	0
381	1051	0
382	1051	0
383	1051	0
384	1051	0
385	1051	0
386	1051	0
387	1051	0
388	1051	0
390	1051	0
391	1051	0
393	1051	0
394	1051	0
395	1051	0
396	1051	0
397	1051	0
398	1051	0
399	1051	0
400	1051	0
401	1051	0
402	1051	0
403	1051	0
404	1051	0
405	1051	0
406	1051	0
408	1051	0
409	1051	0
410	1051	0
411	1051	0
412	1051	0
413	1051	0
414	1051	0
415	1051	0
416	1051	0
417	1051	0
418	1051	0
419	1051	0
420	1051	0
421	1051	0
422	1051	0
423	1051	0
424	1051	0
425	1051	0
426	1051	0
427	1051	0
428	1051	0
429	1051	0
430	1051	1
431	1051	0
432	1051	0
433	1051	0
434	1051	0
435	1051	1
436	1051	1
437	1051	0
438	1051	0
439	1051	0
440	1051	0
441	1051	0
442	1051	0
443	1051	0
444	1051	0
445	1051	0
446	1051	1
447	1051	0
448	1051	1
449	1051	0
450	1051	0
451	1051	0
452	1051	0
453	1051	0
454	1051	0
455	1051	0
456	1051	0
457	1051	0
458	1051	0
459	1051	0
460	1051	0
461	1051	0
462	1051	0
463	1051	0
464	1051	0
465	1051	0
466	1051	0
467	1051	0
468	1051	0
469	1051	0
470	1051	0
471	1051	0
472	1051	0
473	1051	0
474	1051	0
475	1051	0
476	1051	0
477	1051	0
478	1051	0
480	1051	0
481	1051	0
482	1051	0
483	1051	0
484	1051	0
485	1051	0
486	1051	0
487	1051	0
489	1051	0
490	1051	0
491	1051	0
492	1051	0
493	1051	0
495	1051	0
496	1051	0
497	1051	0
499	1051	0
500	1051	0
501	1051	0
502	1051	0
503	1051	0
505	1051	1
508	1051	0
509	1051	0
510	1051	0
511	1051	0
512	1051	0
513	1051	0
514	1051	1
515	1051	0
516	1051	0
517	1051	0
518	1051	1
519	1051	0
520	1051	1
521	1051	0
522	1051	0
523	1051	0
524	1051	0
525	1051	0
527	1051	0
528	1051	0
529	1051	0
533	1051	0
534	1051	0
536	1051	0
537	1051	0
538	1051	0
540	1051	0
541	1051	0
542	1051	1
543	1051	0
544	1051	0
546	1051	0
547	1051	0
548	1051	0
549	1051	0
550	1051	0
551	1051	0
553	1051	0
554	1051	0
555	1051	0
556	1051	0
557	1051	0
558	1051	0
559	1051	0
560	1051	0
561	1051	0
562	1051	0
563	1051	0
564	1051	0
565	1051	0
566	1051	0
567	1051	0
568	1051	0
569	1051	0
570	1051	0
571	1051	1
572	1051	0
573	1051	0
574	1051	1
575	1051	0
576	1051	0
577	1051	0
578	1051	0
579	1051	0
580	1051	0
582	1051	0
583	1051	0
584	1051	0
585	1051	1
586	1051	0
587	1051	1
588	1051	0
589	1051	0
590	1051	0
591	1051	0
592	1051	0
593	1051	0
594	1051	0
595	1051	0
596	1051	0
597	1051	0
598	1051	0
599	1051	0
600	1051	0
601	1051	0
602	1051	0
604	1051	0
605	1051	0
606	1051	0
607	1051	0
608	1051	0
609	1051	0
611	1051	0
612	1051	0
613	1051	0
614	1051	0
615	1051	1
616	1051	0
617	1051	0
618	1051	0
620	1051	0
621	1051	0
622	1051	0
624	1051	0
625	1051	0
626	1051	0
627	1051	0
628	1051	1
630	1051	0
631	1051	0
632	1051	1
633	1051	0
635	1051	0
636	1051	0
637	1051	0
640	1051	0
641	1051	0
642	1051	0
643	1051	0
644	1051	0
645	1051	1
646	1051	0
647	1051	0
648	1051	0
649	1051	0
650	1051	1
651	1051	0
652	1051	1
653	1051	0
654	1051	0
655	1051	0
658	1051	0
659	1051	0
661	1051	0
662	1051	0
663	1051	1
664	1051	0
666	1051	0
667	1051	0
668	1051	0
669	1051	0
670	1051	0
671	1051	0
672	1051	0
673	1051	0
674	1051	0
675	1051	0
676	1051	0
680	1051	0
682	1051	0
683	1051	0
684	1051	1
685	1051	0
686	1051	0
688	1051	0
689	1051	0
690	1051	0
691	1051	0
692	1051	1
693	1051	0
694	1051	1
695	1051	0
696	1051	0
697	1051	0
698	1051	0
699	1051	0
700	1051	0
701	1051	0
702	1051	0
703	1051	0
704	1051	0
705	1051	0
706	1051	0
707	1051	0
708	1051	0
709	1051	0
710	1051	1
711	1051	0
713	1051	0
714	1051	0
715	1051	0
716	1051	0
717	1051	0
718	1051	0
720	1051	0
721	1051	0
722	1051	0
728	1051	0
730	1051	0
731	1051	0
732	1051	0
733	1051	0
734	1051	0
735	1051	0
736	1051	0
737	1051	1
738	1051	0
739	1051	0
740	1051	0
741	1051	0
742	1051	0
744	1051	0
745	1051	0
746	1051	0
747	1051	0
748	1051	1
749	1051	0
750	1051	1
751	1051	1
752	1051	0
753	1051	0
754	1051	0
755	1051	0
756	1051	0
757	1051	0
758	1051	0
759	1051	1
760	1051	0
761	1051	0
762	1051	0
763	1051	0
764	1051	0
765	1051	0
766	1051	0
767	1051	0
768	1051	0
769	1051	0
770	1051	0
771	1051	0
772	1051	0
773	1051	0
774	1051	1
775	1051	0
776	1051	0
777	1051	0
778	1051	0
779	1051	0
780	1051	0
783	1051	0
784	1051	0
785	1051	0
786	1051	0
787	1051	0
788	1051	0
789	1051	0
790	1051	0
791	1051	0
794	1051	0
796	1051	1
797	1051	0
798	1051	0
799	1051	0
800	1051	0
801	1051	0
802	1051	0
803	1051	0
804	1051	0
806	1051	0
807	1051	0
808	1051	0
809	1051	0
810	1051	0
811	1051	0
814	1051	0
816	1051	0
817	1051	1
819	1051	0
820	1051	0
821	1051	0
824	1051	0
825	1051	0
827	1051	1
828	1051	0
830	1051	1
831	1051	0
832	1051	1
833	1051	1
834	1051	1
835	1051	0
836	1051	0
837	1051	1
839	1051	0
840	1051	0
841	1051	0
843	1051	0
844	1051	0
845	1051	0
846	1051	0
847	1051	0
848	1051	0
849	1051	1
850	1051	0
851	1051	0
852	1051	0
853	1051	0
854	1051	0
855	1051	0
856	1051	0
857	1051	0
858	1051	1
859	1051	0
860	1051	0
861	1051	0
862	1051	0
863	1051	0
864	1051	0
865	1051	0
866	1051	0
867	1051	0
868	1051	0
869	1051	0
870	1051	0
872	1051	0
873	1051	1
874	1051	0
875	1051	0
876	1051	0
877	1051	0
879	1051	0
880	1051	0
881	1051	0
882	1051	1
883	1051	0
884	1051	0
885	1051	0
886	1051	0
887	1051	0
888	1051	0
889	1051	0
890	1051	0
891	1051	0
892	1051	0
893	1051	0
894	1051	1
895	1051	0
896	1051	0
897	1051	0
898	1051	0
900	1051	0
901	1051	0
902	1051	0
903	1051	0
904	1051	0
905	1051	0
906	1051	0
907	1051	0
908	1051	0
909	1051	0
911	1051	0
912	1051	0
913	1051	0
914	1051	0
916	1051	0
917	1051	0
918	1051	0
919	1051	0
920	1051	0
921	1051	0
922	1051	0
923	1051	0
924	1051	0
925	1051	0
927	1051	0
928	1051	0
930	1051	0
931	1051	0
933	1051	0
934	1051	0
936	1051	0
937	1051	0
939	1051	0
940	1051	0
941	1051	0
942	1051	0
943	1051	0
944	1051	0
945	1051	1
946	1051	0
947	1051	1
948	1051	0
949	1051	0
950	1051	0
952	1051	0
953	1051	0
954	1051	0
955	1051	0
956	1051	0
958	1051	1
961	1051	0
962	1051	0
963	1051	1
964	1051	0
965	1051	1
966	1051	0
967	1051	0
