0	1093	0
1	1093	0
2	1093	0
3	1093	0
4	1093	0
5	1093	1
6	1093	0
7	1093	0
8	1093	0
9	1093	0
10	1093	0
11	1093	0
12	1093	0
13	1093	0
14	1093	0
15	1093	0
16	1093	0
17	1093	0
18	1093	0
19	1093	0
20	1093	0
21	1093	0
22	1093	0
23	1093	0
24	1093	0
26	1093	0
28	1093	0
29	1093	0
30	1093	0
31	1093	1
32	1093	1
33	1093	0
34	1093	0
35	1093	0
36	1093	0
37	1093	0
38	1093	0
39	1093	0
40	1093	0
42	1093	0
43	1093	0
44	1093	0
45	1093	0
46	1093	0
47	1093	1
48	1093	0
49	1093	0
50	1093	0
51	1093	0
52	1093	0
53	1093	0
54	1093	0
55	1093	0
56	1093	0
57	1093	0
58	1093	0
59	1093	1
60	1093	0
61	1093	0
62	1093	0
64	1093	1
65	1093	0
66	1093	0
67	1093	0
68	1093	0
69	1093	0
70	1093	0
71	1093	1
72	1093	0
73	1093	0
74	1093	0
75	1093	0
76	1093	0
77	1093	0
78	1093	0
79	1093	0
80	1093	0
81	1093	0
82	1093	0
83	1093	0
84	1093	0
85	1093	0
86	1093	0
87	1093	0
88	1093	0
90	1093	0
91	1093	0
92	1093	0
93	1093	0
94	1093	0
95	1093	0
96	1093	1
97	1093	0
98	1093	0
99	1093	0
100	1093	0
101	1093	0
102	1093	0
103	1093	0
104	1093	0
105	1093	0
106	1093	0
109	1093	0
111	1093	0
112	1093	0
113	1093	0
114	1093	0
115	1093	0
116	1093	0
117	1093	0
118	1093	0
119	1093	0
120	1093	0
121	1093	0
122	1093	0
123	1093	0
124	1093	0
125	1093	0
126	1093	1
129	1093	1
131	1093	0
132	1093	0
133	1093	0
134	1093	0
136	1093	0
138	1093	0
139	1093	0
140	1093	0
141	1093	0
142	1093	0
144	1093	0
145	1093	0
146	1093	0
147	1093	0
148	1093	0
149	1093	0
150	1093	0
151	1093	0
152	1093	1
153	1093	0
154	1093	0
155	1093	0
156	1093	0
157	1093	0
158	1093	0
159	1093	0
160	1093	0
161	1093	0
162	1093	0
163	1093	1
166	1093	0
167	1093	0
168	1093	0
169	1093	0
170	1093	0
172	1093	0
173	1093	0
174	1093	0
175	1093	0
177	1093	0
178	1093	0
179	1093	0
180	1093	0
182	1093	0
183	1093	0
184	1093	0
185	1093	0
186	1093	0
187	1093	0
188	1093	1
189	1093	0
190	1093	0
191	1093	0
192	1093	0
193	1093	0
194	1093	1
195	1093	0
196	1093	1
197	1093	0
198	1093	0
199	1093	0
200	1093	0
201	1093	0
202	1093	0
203	1093	0
204	1093	0
206	1093	0
207	1093	0
208	1093	1
210	1093	0
211	1093	0
212	1093	0
213	1093	0
214	1093	0
215	1093	0
216	1093	0
217	1093	0
218	1093	0
219	1093	0
220	1093	0
222	1093	0
223	1093	0
224	1093	0
225	1093	0
226	1093	0
227	1093	0
228	1093	0
229	1093	0
230	1093	0
231	1093	0
232	1093	0
233	1093	0
234	1093	0
235	1093	0
236	1093	0
237	1093	0
238	1093	0
239	1093	1
240	1093	0
241	1093	0
242	1093	0
244	1093	0
245	1093	0
247	1093	1
248	1093	0
249	1093	0
250	1093	0
251	1093	0
252	1093	0
253	1093	0
254	1093	0
255	1093	0
256	1093	0
258	1093	0
259	1093	0
260	1093	0
261	1093	1
262	1093	0
263	1093	0
264	1093	0
265	1093	0
266	1093	0
267	1093	0
268	1093	0
269	1093	0
270	1093	0
271	1093	0
272	1093	0
273	1093	0
274	1093	0
275	1093	0
276	1093	0
277	1093	0
278	1093	0
279	1093	0
280	1093	0
281	1093	0
282	1093	0
283	1093	0
284	1093	0
285	1093	0
286	1093	0
287	1093	0
288	1093	0
289	1093	0
290	1093	0
291	1093	0
292	1093	0
293	1093	0
294	1093	0
295	1093	0
296	1093	0
297	1093	0
298	1093	0
299	1093	0
300	1093	0
301	1093	0
302	1093	0
303	1093	0
304	1093	0
305	1093	0
306	1093	0
307	1093	0
308	1093	0
309	1093	0
311	1093	0
312	1093	0
313	1093	0
314	1093	0
315	1093	0
316	1093	0
317	1093	0
318	1093	0
319	1093	0
320	1093	0
321	1093	0
322	1093	0
323	1093	0
324	1093	0
325	1093	0
326	1093	0
327	1093	0
328	1093	0
329	1093	0
330	1093	0
331	1093	0
333	1093	0
335	1093	0
336	1093	0
337	1093	0
338	1093	0
339	1093	0
340	1093	1
341	1093	0
342	1093	0
343	1093	0
344	1093	0
346	1093	1
347	1093	0
348	1093	0
349	1093	0
350	1093	0
351	1093	0
352	1093	0
354	1093	0
355	1093	0
357	1093	0
358	1093	0
359	1093	0
360	1093	1
361	1093	1
363	1093	0
364	1093	0
365	1093	0
366	1093	0
367	1093	0
368	1093	0
371	1093	0
372	1093	0
373	1093	1
374	1093	0
377	1093	0
378	1093	0
379	1093	0
380	1093	0
381	1093	0
382	1093	0
383	1093	0
384	1093	0
385	1093	0
386	1093	0
387	1093	0
388	1093	0
389	1093	0
390	1093	1
391	1093	0
393	1093	0
394	1093	0
395	1093	1
396	1093	0
398	1093	0
399	1093	0
401	1093	0
402	1093	0
403	1093	0
404	1093	1
405	1093	0
406	1093	0
407	1093	0
408	1093	0
409	1093	0
410	1093	0
411	1093	0
412	1093	0
413	1093	0
414	1093	0
415	1093	0
416	1093	0
417	1093	0
418	1093	0
419	1093	0
420	1093	0
421	1093	0
422	1093	0
423	1093	0
424	1093	0
425	1093	0
426	1093	0
427	1093	0
428	1093	0
429	1093	0
430	1093	0
431	1093	0
432	1093	0
433	1093	0
434	1093	0
435	1093	0
436	1093	0
437	1093	0
438	1093	0
439	1093	0
440	1093	0
441	1093	0
442	1093	0
443	1093	0
444	1093	0
445	1093	0
446	1093	1
447	1093	0
448	1093	0
449	1093	0
450	1093	0
451	1093	0
452	1093	0
453	1093	0
454	1093	0
455	1093	0
456	1093	0
457	1093	0
458	1093	0
459	1093	0
460	1093	0
461	1093	0
462	1093	0
463	1093	0
464	1093	0
465	1093	1
466	1093	0
467	1093	0
468	1093	0
469	1093	0
470	1093	0
471	1093	0
472	1093	0
473	1093	1
474	1093	0
475	1093	0
476	1093	0
477	1093	0
478	1093	0
480	1093	0
481	1093	0
482	1093	0
483	1093	0
484	1093	0
485	1093	0
486	1093	0
487	1093	0
489	1093	1
490	1093	0
491	1093	0
492	1093	0
493	1093	0
495	1093	0
496	1093	0
497	1093	1
499	1093	0
500	1093	0
501	1093	0
502	1093	0
503	1093	0
505	1093	1
506	1093	1
508	1093	0
509	1093	0
510	1093	0
511	1093	0
512	1093	0
513	1093	0
514	1093	1
515	1093	0
516	1093	0
517	1093	0
518	1093	0
519	1093	1
520	1093	1
521	1093	0
522	1093	0
523	1093	1
524	1093	1
526	1093	0
527	1093	0
529	1093	0
531	1093	0
533	1093	0
534	1093	0
536	1093	0
537	1093	0
538	1093	0
540	1093	0
541	1093	0
542	1093	0
543	1093	0
544	1093	0
546	1093	0
547	1093	0
548	1093	0
549	1093	0
550	1093	0
551	1093	0
553	1093	0
554	1093	0
555	1093	0
556	1093	0
557	1093	0
558	1093	0
559	1093	0
560	1093	0
561	1093	0
562	1093	0
563	1093	0
564	1093	0
565	1093	0
566	1093	0
567	1093	0
568	1093	0
569	1093	0
570	1093	0
571	1093	0
572	1093	0
573	1093	0
574	1093	0
575	1093	0
576	1093	0
577	1093	0
578	1093	0
579	1093	0
580	1093	0
582	1093	0
583	1093	0
584	1093	0
585	1093	0
586	1093	0
587	1093	0
588	1093	0
589	1093	0
590	1093	0
591	1093	0
592	1093	0
593	1093	1
594	1093	0
595	1093	0
596	1093	0
597	1093	0
598	1093	0
599	1093	0
600	1093	0
601	1093	0
602	1093	0
604	1093	0
605	1093	1
606	1093	0
607	1093	0
608	1093	0
609	1093	0
611	1093	0
612	1093	0
613	1093	0
614	1093	0
615	1093	1
616	1093	0
617	1093	0
618	1093	0
619	1093	0
620	1093	0
621	1093	0
622	1093	0
624	1093	0
626	1093	0
627	1093	0
628	1093	0
630	1093	0
631	1093	0
632	1093	1
633	1093	0
635	1093	0
636	1093	0
637	1093	1
640	1093	0
641	1093	0
642	1093	0
643	1093	0
644	1093	0
645	1093	0
646	1093	0
647	1093	0
648	1093	0
649	1093	0
650	1093	0
651	1093	0
652	1093	1
653	1093	0
654	1093	0
655	1093	0
656	1093	0
657	1093	1
658	1093	1
659	1093	0
660	1093	0
661	1093	0
662	1093	0
663	1093	1
664	1093	1
666	1093	0
667	1093	0
668	1093	0
669	1093	0
670	1093	0
671	1093	0
673	1093	0
674	1093	0
675	1093	0
676	1093	0
677	1093	0
678	1093	0
679	1093	0
680	1093	0
681	1093	0
682	1093	0
683	1093	0
684	1093	0
685	1093	0
686	1093	0
687	1093	0
688	1093	0
689	1093	0
690	1093	0
691	1093	1
692	1093	0
693	1093	0
694	1093	1
695	1093	1
696	1093	0
697	1093	0
698	1093	0
699	1093	0
700	1093	0
701	1093	0
702	1093	0
703	1093	0
704	1093	0
705	1093	0
706	1093	0
707	1093	0
708	1093	0
709	1093	0
710	1093	1
711	1093	0
712	1093	0
713	1093	1
714	1093	0
715	1093	0
716	1093	0
717	1093	0
718	1093	0
719	1093	0
720	1093	0
721	1093	0
722	1093	0
723	1093	0
724	1093	0
725	1093	0
726	1093	0
727	1093	0
728	1093	0
730	1093	0
731	1093	0
732	1093	0
733	1093	0
734	1093	0
735	1093	0
736	1093	0
737	1093	1
738	1093	0
739	1093	0
740	1093	0
741	1093	0
742	1093	0
743	1093	0
744	1093	0
745	1093	0
746	1093	0
747	1093	0
748	1093	1
749	1093	0
750	1093	1
751	1093	0
752	1093	0
753	1093	0
754	1093	0
755	1093	0
756	1093	0
757	1093	0
758	1093	0
759	1093	1
760	1093	0
761	1093	0
762	1093	0
763	1093	0
764	1093	0
765	1093	0
767	1093	0
768	1093	0
769	1093	0
770	1093	0
772	1093	0
773	1093	0
774	1093	1
775	1093	0
776	1093	0
777	1093	0
778	1093	0
779	1093	0
780	1093	0
782	1093	0
783	1093	0
784	1093	0
785	1093	0
786	1093	0
787	1093	0
788	1093	0
789	1093	0
790	1093	0
791	1093	0
793	1093	0
794	1093	0
795	1093	0
796	1093	0
797	1093	0
798	1093	0
799	1093	0
800	1093	0
801	1093	0
802	1093	0
803	1093	0
804	1093	0
806	1093	0
807	1093	0
808	1093	1
809	1093	0
810	1093	0
812	1093	0
813	1093	0
814	1093	0
816	1093	0
817	1093	0
818	1093	0
819	1093	0
820	1093	0
821	1093	0
822	1093	0
823	1093	0
824	1093	0
825	1093	0
826	1093	0
827	1093	1
828	1093	0
829	1093	1
830	1093	1
831	1093	1
832	1093	1
833	1093	1
834	1093	1
835	1093	0
836	1093	0
837	1093	0
839	1093	0
840	1093	1
841	1093	0
842	1093	0
843	1093	0
844	1093	0
845	1093	0
846	1093	0
847	1093	0
848	1093	0
849	1093	0
850	1093	0
851	1093	0
852	1093	0
853	1093	0
854	1093	0
855	1093	0
856	1093	0
857	1093	0
858	1093	0
859	1093	0
860	1093	0
861	1093	0
862	1093	1
863	1093	0
864	1093	0
865	1093	0
866	1093	0
867	1093	0
868	1093	0
869	1093	0
870	1093	0
872	1093	0
873	1093	0
874	1093	0
875	1093	0
876	1093	0
877	1093	1
878	1093	0
880	1093	0
881	1093	0
882	1093	0
883	1093	0
884	1093	0
885	1093	0
886	1093	0
887	1093	0
888	1093	0
889	1093	0
890	1093	0
891	1093	0
892	1093	0
893	1093	0
894	1093	0
895	1093	0
896	1093	0
897	1093	0
900	1093	0
901	1093	0
902	1093	0
903	1093	0
904	1093	0
905	1093	0
906	1093	0
907	1093	0
908	1093	0
909	1093	0
910	1093	0
911	1093	0
912	1093	1
913	1093	1
914	1093	0
916	1093	0
917	1093	1
918	1093	0
919	1093	0
920	1093	0
921	1093	0
922	1093	0
923	1093	0
924	1093	0
925	1093	0
926	1093	0
928	1093	1
930	1093	0
931	1093	0
933	1093	1
934	1093	0
935	1093	0
936	1093	0
937	1093	0
938	1093	0
939	1093	0
940	1093	0
941	1093	0
942	1093	0
943	1093	0
944	1093	0
945	1093	0
946	1093	0
947	1093	0
948	1093	0
949	1093	0
950	1093	0
952	1093	0
953	1093	0
954	1093	0
955	1093	0
956	1093	0
958	1093	1
959	1093	0
961	1093	0
962	1093	0
963	1093	1
964	1093	0
965	1093	1
967	1093	0
