0	1152	0
1	1152	0
2	1152	0
3	1152	0
4	1152	0
5	1152	0
6	1152	0
7	1152	0
8	1152	1
10	1152	0
11	1152	0
12	1152	0
13	1152	0
15	1152	0
16	1152	0
17	1152	0
18	1152	0
19	1152	1
20	1152	0
21	1152	1
22	1152	0
23	1152	0
24	1152	0
25	1152	0
27	1152	0
28	1152	0
29	1152	1
30	1152	0
31	1152	0
32	1152	1
33	1152	0
34	1152	0
35	1152	0
36	1152	0
37	1152	0
38	1152	0
39	1152	1
40	1152	0
41	1152	0
42	1152	1
43	1152	0
44	1152	0
45	1152	0
47	1152	1
48	1152	0
49	1152	0
51	1152	0
53	1152	1
55	1152	0
56	1152	0
58	1152	1
59	1152	0
60	1152	0
61	1152	0
62	1152	0
63	1152	0
64	1152	1
65	1152	0
66	1152	1
67	1152	0
68	1152	0
69	1152	0
70	1152	1
71	1152	0
72	1152	0
73	1152	0
74	1152	0
75	1152	0
77	1152	1
78	1152	0
79	1152	1
80	1152	0
81	1152	0
83	1152	0
84	1152	0
85	1152	0
86	1152	0
87	1152	0
89	1152	0
90	1152	0
91	1152	0
92	1152	0
93	1152	0
94	1152	0
95	1152	0
96	1152	0
97	1152	0
98	1152	0
100	1152	1
101	1152	0
102	1152	0
103	1152	0
104	1152	0
105	1152	0
106	1152	0
107	1152	0
108	1152	0
109	1152	0
110	1152	1
111	1152	0
112	1152	0
113	1152	0
114	1152	0
115	1152	0
116	1152	0
117	1152	0
118	1152	0
120	1152	0
121	1152	0
124	1152	0
125	1152	0
129	1152	0
130	1152	0
131	1152	0
132	1152	0
133	1152	0
134	1152	0
135	1152	0
136	1152	0
137	1152	0
138	1152	1
139	1152	0
140	1152	0
141	1152	0
142	1152	0
143	1152	0
144	1152	0
145	1152	0
146	1152	0
147	1152	0
148	1152	0
149	1152	0
150	1152	0
151	1152	0
152	1152	0
153	1152	0
154	1152	0
155	1152	0
156	1152	0
157	1152	0
158	1152	0
159	1152	0
160	1152	0
161	1152	0
162	1152	0
163	1152	0
164	1152	0
165	1152	1
166	1152	0
167	1152	0
168	1152	0
169	1152	0
170	1152	0
171	1152	0
172	1152	0
173	1152	0
174	1152	0
175	1152	0
177	1152	0
178	1152	0
179	1152	0
180	1152	0
181	1152	0
182	1152	0
183	1152	0
184	1152	1
185	1152	0
186	1152	0
187	1152	0
188	1152	0
189	1152	0
190	1152	1
191	1152	0
193	1152	0
194	1152	0
195	1152	0
196	1152	0
197	1152	0
198	1152	0
199	1152	0
200	1152	0
201	1152	0
202	1152	0
203	1152	0
204	1152	0
206	1152	0
207	1152	0
208	1152	0
209	1152	0
210	1152	0
211	1152	0
212	1152	0
213	1152	1
214	1152	1
215	1152	0
216	1152	0
217	1152	0
218	1152	0
219	1152	0
220	1152	0
221	1152	0
222	1152	0
224	1152	0
225	1152	0
227	1152	0
228	1152	0
229	1152	0
230	1152	0
232	1152	0
233	1152	0
235	1152	0
237	1152	0
238	1152	0
239	1152	0
240	1152	0
245	1152	0
246	1152	0
247	1152	1
248	1152	1
249	1152	0
250	1152	0
251	1152	0
252	1152	0
253	1152	0
254	1152	1
255	1152	0
256	1152	0
257	1152	0
258	1152	0
259	1152	0
260	1152	0
261	1152	1
262	1152	0
263	1152	0
264	1152	0
265	1152	0
266	1152	0
267	1152	0
268	1152	0
271	1152	0
272	1152	0
273	1152	0
274	1152	0
275	1152	0
276	1152	0
277	1152	0
278	1152	0
280	1152	0
281	1152	0
282	1152	0
283	1152	0
284	1152	0
285	1152	0
286	1152	0
287	1152	1
288	1152	0
289	1152	0
290	1152	0
292	1152	0
293	1152	0
295	1152	0
296	1152	0
297	1152	0
298	1152	0
302	1152	0
303	1152	0
304	1152	0
305	1152	0
306	1152	0
308	1152	0
310	1152	0
311	1152	1
312	1152	1
313	1152	0
314	1152	0
315	1152	0
317	1152	0
318	1152	0
319	1152	0
321	1152	0
322	1152	0
323	1152	0
324	1152	0
325	1152	0
326	1152	0
327	1152	0
328	1152	0
329	1152	0
330	1152	0
331	1152	0
332	1152	1
333	1152	0
334	1152	0
336	1152	0
337	1152	1
338	1152	0
340	1152	0
341	1152	0
344	1152	0
345	1152	1
346	1152	0
347	1152	0
348	1152	0
349	1152	0
350	1152	0
351	1152	0
352	1152	0
353	1152	0
354	1152	1
355	1152	1
356	1152	1
357	1152	0
358	1152	0
359	1152	0
360	1152	0
361	1152	0
362	1152	0
363	1152	1
364	1152	1
365	1152	1
366	1152	0
367	1152	0
369	1152	0
370	1152	1
371	1152	0
372	1152	0
373	1152	0
374	1152	0
375	1152	0
376	1152	0
377	1152	0
378	1152	1
379	1152	0
381	1152	0
382	1152	0
383	1152	0
384	1152	0
385	1152	0
386	1152	0
387	1152	0
388	1152	0
389	1152	0
390	1152	1
391	1152	0
392	1152	0
393	1152	0
394	1152	1
395	1152	0
397	1152	0
398	1152	0
399	1152	0
401	1152	0
402	1152	0
403	1152	0
404	1152	1
405	1152	0
406	1152	0
407	1152	0
408	1152	0
409	1152	1
410	1152	0
412	1152	0
414	1152	1
415	1152	0
416	1152	0
417	1152	0
418	1152	0
419	1152	0
420	1152	0
421	1152	0
422	1152	0
423	1152	0
424	1152	1
425	1152	0
426	1152	0
427	1152	1
428	1152	0
429	1152	0
430	1152	0
431	1152	1
432	1152	0
434	1152	0
436	1152	0
437	1152	0
438	1152	0
439	1152	0
440	1152	0
441	1152	0
442	1152	0
444	1152	0
445	1152	1
446	1152	0
447	1152	0
449	1152	0
450	1152	0
451	1152	0
452	1152	0
453	1152	0
454	1152	0
455	1152	0
456	1152	0
457	1152	0
458	1152	0
459	1152	0
461	1152	0
462	1152	0
463	1152	0
464	1152	0
465	1152	0
466	1152	0
468	1152	0
469	1152	0
470	1152	0
471	1152	0
472	1152	0
473	1152	0
474	1152	0
475	1152	0
476	1152	0
477	1152	0
478	1152	1
479	1152	0
480	1152	0
481	1152	0
482	1152	0
483	1152	0
484	1152	0
486	1152	0
487	1152	0
488	1152	0
489	1152	0
490	1152	0
492	1152	0
493	1152	0
494	1152	0
496	1152	0
497	1152	1
498	1152	0
499	1152	0
500	1152	0
501	1152	0
502	1152	0
503	1152	0
504	1152	0
505	1152	0
506	1152	0
507	1152	1
508	1152	0
509	1152	0
510	1152	0
511	1152	0
512	1152	0
513	1152	0
514	1152	0
515	1152	0
516	1152	1
518	1152	0
519	1152	0
520	1152	0
521	1152	0
522	1152	0
523	1152	0
524	1152	0
525	1152	0
526	1152	0
527	1152	0
528	1152	0
530	1152	0
531	1152	0
533	1152	0
534	1152	0
535	1152	0
536	1152	0
538	1152	0
539	1152	0
541	1152	0
542	1152	0
543	1152	0
544	1152	0
545	1152	0
546	1152	0
547	1152	0
549	1152	0
550	1152	0
551	1152	0
553	1152	0
554	1152	0
555	1152	0
556	1152	0
557	1152	0
558	1152	0
559	1152	0
560	1152	0
561	1152	0
562	1152	0
563	1152	0
565	1152	0
566	1152	0
567	1152	0
568	1152	0
569	1152	0
571	1152	0
573	1152	0
574	1152	0
575	1152	0
576	1152	0
577	1152	0
578	1152	0
580	1152	0
583	1152	0
584	1152	1
585	1152	0
586	1152	0
587	1152	0
588	1152	0
589	1152	0
591	1152	0
593	1152	0
595	1152	0
596	1152	0
597	1152	0
598	1152	0
599	1152	0
600	1152	0
601	1152	0
602	1152	0
604	1152	0
605	1152	1
606	1152	0
607	1152	0
608	1152	0
609	1152	0
611	1152	0
612	1152	0
613	1152	0
614	1152	0
616	1152	0
617	1152	0
618	1152	0
619	1152	0
620	1152	0
621	1152	0
622	1152	0
624	1152	0
625	1152	0
626	1152	0
627	1152	0
628	1152	0
630	1152	0
632	1152	0
633	1152	0
634	1152	0
635	1152	0
636	1152	0
637	1152	0
638	1152	0
639	1152	0
640	1152	0
641	1152	0
642	1152	0
643	1152	0
644	1152	0
645	1152	0
646	1152	0
647	1152	0
648	1152	0
649	1152	0
650	1152	0
651	1152	0
652	1152	0
654	1152	0
655	1152	0
656	1152	0
657	1152	0
659	1152	0
660	1152	0
661	1152	0
662	1152	0
663	1152	0
664	1152	1
665	1152	1
666	1152	0
667	1152	0
668	1152	0
669	1152	0
670	1152	1
671	1152	0
672	1152	0
673	1152	0
674	1152	0
676	1152	0
677	1152	0
678	1152	0
679	1152	0
680	1152	0
681	1152	0
683	1152	0
684	1152	0
685	1152	0
686	1152	0
687	1152	0
688	1152	0
689	1152	0
690	1152	1
691	1152	0
692	1152	0
693	1152	0
694	1152	0
695	1152	0
696	1152	0
697	1152	0
698	1152	0
699	1152	0
700	1152	0
701	1152	0
703	1152	1
705	1152	0
706	1152	0
707	1152	0
709	1152	1
710	1152	1
711	1152	0
712	1152	0
713	1152	0
714	1152	0
715	1152	0
717	1152	0
718	1152	0
719	1152	0
720	1152	0
721	1152	0
722	1152	0
723	1152	0
724	1152	0
725	1152	0
726	1152	1
727	1152	0
728	1152	0
729	1152	0
730	1152	0
732	1152	0
734	1152	0
735	1152	0
736	1152	0
737	1152	0
738	1152	0
739	1152	0
740	1152	0
741	1152	0
742	1152	0
743	1152	0
744	1152	0
745	1152	0
746	1152	0
747	1152	0
748	1152	0
749	1152	1
752	1152	0
753	1152	0
754	1152	0
755	1152	0
756	1152	0
757	1152	1
758	1152	0
759	1152	0
760	1152	0
762	1152	0
764	1152	0
765	1152	0
766	1152	0
767	1152	0
768	1152	0
769	1152	0
770	1152	0
771	1152	0
772	1152	0
773	1152	0
775	1152	0
776	1152	0
777	1152	0
778	1152	0
780	1152	0
781	1152	0
782	1152	0
783	1152	0
784	1152	1
786	1152	0
787	1152	0
788	1152	0
790	1152	0
791	1152	0
792	1152	0
793	1152	0
794	1152	0
795	1152	0
796	1152	0
797	1152	0
798	1152	0
799	1152	0
800	1152	0
801	1152	0
802	1152	0
803	1152	0
804	1152	0
806	1152	0
807	1152	1
808	1152	0
810	1152	0
811	1152	0
814	1152	0
816	1152	0
818	1152	0
819	1152	0
820	1152	0
822	1152	0
823	1152	0
824	1152	0
825	1152	0
826	1152	0
827	1152	0
830	1152	1
831	1152	0
832	1152	0
833	1152	0
835	1152	0
836	1152	0
837	1152	0
838	1152	0
839	1152	0
840	1152	0
843	1152	0
844	1152	1
845	1152	0
848	1152	0
849	1152	0
850	1152	0
851	1152	0
852	1152	0
853	1152	0
854	1152	0
855	1152	0
856	1152	1
857	1152	0
861	1152	0
862	1152	0
863	1152	0
864	1152	0
866	1152	0
867	1152	0
868	1152	0
869	1152	0
871	1152	0
873	1152	0
875	1152	0
876	1152	0
877	1152	0
878	1152	0
880	1152	0
881	1152	0
882	1152	0
883	1152	0
884	1152	0
885	1152	0
887	1152	0
888	1152	0
889	1152	0
890	1152	0
891	1152	0
892	1152	1
893	1152	0
894	1152	1
895	1152	0
896	1152	0
897	1152	0
898	1152	0
899	1152	0
900	1152	0
901	1152	0
903	1152	0
904	1152	0
905	1152	0
907	1152	0
908	1152	0
909	1152	0
910	1152	0
911	1152	0
912	1152	0
913	1152	0
915	1152	0
916	1152	0
917	1152	0
918	1152	0
919	1152	0
920	1152	0
921	1152	1
922	1152	0
923	1152	0
924	1152	1
925	1152	0
926	1152	0
927	1152	0
928	1152	0
929	1152	0
934	1152	0
935	1152	0
936	1152	0
937	1152	0
939	1152	0
940	1152	0
941	1152	0
942	1152	0
943	1152	0
944	1152	0
945	1152	1
946	1152	0
948	1152	0
949	1152	0
950	1152	0
952	1152	0
953	1152	0
954	1152	0
955	1152	0
956	1152	0
957	1152	0
958	1152	0
959	1152	0
960	1152	0
961	1152	0
962	1152	0
963	1152	0
964	1152	0
965	1152	0
966	1152	0
967	1152	0
