1	1216	0
2	1216	0
3	1216	1
4	1216	0
5	1216	1
6	1216	1
7	1216	0
8	1216	1
9	1216	0
10	1216	0
11	1216	0
12	1216	0
13	1216	1
14	1216	0
15	1216	1
16	1216	1
17	1216	0
18	1216	1
19	1216	0
20	1216	0
21	1216	0
22	1216	1
23	1216	0
24	1216	1
25	1216	0
26	1216	1
27	1216	0
28	1216	0
29	1216	0
31	1216	0
32	1216	0
33	1216	0
34	1216	0
35	1216	1
36	1216	0
37	1216	0
38	1216	0
39	1216	0
40	1216	0
41	1216	1
42	1216	0
43	1216	1
44	1216	0
45	1216	0
46	1216	0
47	1216	0
48	1216	0
49	1216	0
50	1216	0
51	1216	1
52	1216	1
53	1216	0
54	1216	0
55	1216	0
56	1216	0
58	1216	0
59	1216	1
60	1216	0
61	1216	0
62	1216	0
63	1216	0
64	1216	0
65	1216	1
66	1216	0
67	1216	0
68	1216	0
69	1216	0
70	1216	1
71	1216	0
72	1216	0
73	1216	0
74	1216	1
75	1216	0
77	1216	0
78	1216	1
79	1216	0
80	1216	1
81	1216	0
82	1216	0
83	1216	0
84	1216	0
85	1216	0
86	1216	0
87	1216	0
88	1216	0
89	1216	0
90	1216	0
91	1216	0
92	1216	0
93	1216	0
94	1216	0
95	1216	0
96	1216	0
97	1216	0
98	1216	0
99	1216	1
100	1216	0
101	1216	0
102	1216	1
103	1216	0
104	1216	1
105	1216	1
106	1216	1
107	1216	1
108	1216	1
109	1216	0
110	1216	1
111	1216	1
112	1216	0
113	1216	0
114	1216	1
115	1216	0
116	1216	0
117	1216	0
118	1216	0
119	1216	0
120	1216	1
121	1216	0
122	1216	0
123	1216	0
124	1216	0
125	1216	0
128	1216	0
129	1216	0
130	1216	0
131	1216	0
132	1216	0
133	1216	1
134	1216	0
135	1216	0
136	1216	1
137	1216	0
138	1216	0
139	1216	1
140	1216	0
141	1216	0
142	1216	0
143	1216	0
144	1216	0
145	1216	0
146	1216	0
147	1216	0
148	1216	0
150	1216	0
151	1216	0
152	1216	1
153	1216	0
154	1216	0
155	1216	1
156	1216	0
157	1216	0
158	1216	0
159	1216	0
161	1216	0
162	1216	0
163	1216	0
165	1216	0
166	1216	1
167	1216	1
168	1216	0
169	1216	0
170	1216	0
171	1216	0
172	1216	0
173	1216	1
174	1216	0
175	1216	0
177	1216	0
178	1216	0
179	1216	0
180	1216	0
181	1216	0
182	1216	0
183	1216	0
184	1216	1
185	1216	0
186	1216	1
187	1216	0
188	1216	1
189	1216	0
190	1216	0
191	1216	1
192	1216	0
193	1216	1
194	1216	1
195	1216	0
196	1216	1
197	1216	0
198	1216	1
199	1216	1
200	1216	1
201	1216	0
202	1216	0
203	1216	1
204	1216	0
206	1216	0
207	1216	0
208	1216	0
209	1216	0
210	1216	1
211	1216	1
212	1216	1
213	1216	0
214	1216	0
215	1216	1
216	1216	1
217	1216	0
218	1216	1
219	1216	1
220	1216	0
221	1216	0
222	1216	0
223	1216	0
224	1216	0
226	1216	0
227	1216	1
228	1216	1
230	1216	0
231	1216	1
232	1216	0
233	1216	1
234	1216	1
235	1216	1
236	1216	0
237	1216	1
238	1216	0
239	1216	1
240	1216	0
241	1216	0
242	1216	1
243	1216	0
244	1216	0
245	1216	0
246	1216	1
247	1216	0
248	1216	0
249	1216	1
250	1216	0
251	1216	0
252	1216	0
253	1216	1
254	1216	1
255	1216	0
256	1216	1
257	1216	0
258	1216	0
259	1216	0
260	1216	0
261	1216	0
262	1216	0
263	1216	1
264	1216	1
265	1216	0
266	1216	0
267	1216	0
268	1216	0
270	1216	1
271	1216	0
272	1216	0
273	1216	0
274	1216	1
275	1216	0
277	1216	0
278	1216	1
280	1216	1
281	1216	0
282	1216	0
283	1216	0
284	1216	0
285	1216	0
286	1216	0
287	1216	0
289	1216	0
290	1216	0
291	1216	0
292	1216	0
293	1216	0
294	1216	0
295	1216	1
296	1216	0
297	1216	1
298	1216	0
300	1216	0
301	1216	0
302	1216	0
303	1216	0
304	1216	1
305	1216	0
306	1216	0
307	1216	1
308	1216	0
309	1216	0
310	1216	1
311	1216	0
312	1216	1
313	1216	1
314	1216	0
315	1216	0
316	1216	1
317	1216	0
318	1216	0
320	1216	0
321	1216	0
322	1216	0
323	1216	0
324	1216	0
325	1216	0
326	1216	1
327	1216	1
328	1216	0
329	1216	0
330	1216	0
331	1216	0
332	1216	0
333	1216	1
334	1216	0
336	1216	0
337	1216	0
338	1216	1
339	1216	0
340	1216	0
341	1216	0
342	1216	0
343	1216	0
344	1216	0
345	1216	1
346	1216	0
347	1216	0
348	1216	1
349	1216	1
350	1216	0
351	1216	0
352	1216	0
353	1216	0
355	1216	0
356	1216	1
357	1216	0
358	1216	0
359	1216	0
360	1216	1
361	1216	0
362	1216	1
363	1216	0
364	1216	1
365	1216	0
366	1216	0
367	1216	0
368	1216	0
369	1216	0
370	1216	1
371	1216	0
372	1216	0
373	1216	1
374	1216	1
375	1216	1
376	1216	0
377	1216	1
378	1216	1
379	1216	0
380	1216	0
381	1216	0
382	1216	0
383	1216	0
384	1216	0
385	1216	0
386	1216	0
388	1216	0
389	1216	1
391	1216	0
392	1216	1
393	1216	0
394	1216	1
395	1216	0
396	1216	0
397	1216	0
398	1216	0
399	1216	0
400	1216	0
401	1216	0
402	1216	0
403	1216	0
404	1216	1
405	1216	0
406	1216	1
407	1216	0
408	1216	1
410	1216	0
411	1216	1
412	1216	0
413	1216	0
414	1216	0
415	1216	0
416	1216	1
417	1216	0
418	1216	0
419	1216	0
420	1216	0
421	1216	1
422	1216	0
423	1216	0
424	1216	1
425	1216	0
426	1216	0
427	1216	0
428	1216	0
429	1216	1
430	1216	0
431	1216	0
432	1216	0
433	1216	1
434	1216	1
435	1216	1
436	1216	0
437	1216	0
438	1216	1
439	1216	0
440	1216	1
441	1216	0
442	1216	0
443	1216	0
444	1216	1
445	1216	1
446	1216	0
447	1216	0
448	1216	0
449	1216	0
450	1216	0
451	1216	0
452	1216	0
453	1216	0
454	1216	1
455	1216	0
456	1216	0
457	1216	0
458	1216	0
459	1216	0
460	1216	0
461	1216	0
462	1216	0
463	1216	0
464	1216	0
465	1216	1
466	1216	0
467	1216	1
468	1216	0
469	1216	0
470	1216	0
471	1216	0
472	1216	1
473	1216	0
474	1216	0
475	1216	1
476	1216	0
477	1216	0
478	1216	1
479	1216	1
480	1216	0
481	1216	1
482	1216	0
483	1216	0
484	1216	0
485	1216	0
486	1216	0
487	1216	0
488	1216	0
489	1216	1
490	1216	1
491	1216	0
493	1216	0
494	1216	0
495	1216	0
496	1216	1
497	1216	0
499	1216	0
500	1216	0
501	1216	0
502	1216	0
503	1216	1
504	1216	0
505	1216	1
506	1216	0
507	1216	1
508	1216	0
509	1216	0
510	1216	0
511	1216	0
512	1216	0
513	1216	0
514	1216	0
515	1216	1
516	1216	0
517	1216	0
518	1216	0
519	1216	0
520	1216	0
521	1216	0
522	1216	0
523	1216	0
524	1216	0
525	1216	0
526	1216	0
527	1216	1
529	1216	1
530	1216	0
531	1216	0
533	1216	0
534	1216	0
535	1216	0
536	1216	0
537	1216	0
538	1216	0
539	1216	0
540	1216	0
541	1216	1
542	1216	1
543	1216	0
544	1216	0
545	1216	0
546	1216	0
547	1216	0
548	1216	0
549	1216	0
550	1216	1
551	1216	1
553	1216	1
554	1216	1
555	1216	0
556	1216	0
557	1216	0
558	1216	1
560	1216	1
561	1216	0
562	1216	0
563	1216	1
564	1216	0
565	1216	0
566	1216	0
567	1216	0
568	1216	0
569	1216	0
570	1216	0
571	1216	1
572	1216	0
574	1216	1
575	1216	1
576	1216	0
577	1216	0
578	1216	0
579	1216	0
581	1216	0
582	1216	1
583	1216	0
584	1216	0
585	1216	0
586	1216	1
587	1216	1
588	1216	0
589	1216	0
590	1216	1
591	1216	0
593	1216	0
595	1216	0
596	1216	1
597	1216	0
598	1216	0
599	1216	1
600	1216	0
601	1216	0
602	1216	0
604	1216	1
605	1216	0
606	1216	0
607	1216	0
608	1216	0
609	1216	1
611	1216	0
612	1216	0
614	1216	0
615	1216	0
616	1216	0
617	1216	0
618	1216	0
619	1216	1
621	1216	0
622	1216	1
624	1216	0
625	1216	0
626	1216	1
627	1216	0
628	1216	0
630	1216	0
632	1216	0
633	1216	0
634	1216	0
635	1216	0
636	1216	0
637	1216	0
638	1216	0
639	1216	0
640	1216	0
641	1216	1
642	1216	1
645	1216	0
646	1216	0
647	1216	0
648	1216	0
649	1216	1
650	1216	0
651	1216	0
652	1216	1
653	1216	1
654	1216	1
655	1216	0
656	1216	0
657	1216	1
658	1216	0
659	1216	0
660	1216	1
661	1216	0
662	1216	0
663	1216	0
664	1216	0
666	1216	1
667	1216	0
668	1216	0
669	1216	1
670	1216	0
671	1216	1
672	1216	0
673	1216	1
674	1216	0
675	1216	1
676	1216	0
677	1216	1
678	1216	0
679	1216	0
680	1216	0
681	1216	0
682	1216	1
683	1216	0
684	1216	1
685	1216	0
686	1216	0
687	1216	0
688	1216	0
689	1216	0
690	1216	0
691	1216	0
692	1216	1
693	1216	0
694	1216	1
696	1216	0
697	1216	0
698	1216	0
699	1216	0
701	1216	1
702	1216	0
703	1216	1
704	1216	0
705	1216	0
706	1216	0
707	1216	0
708	1216	0
709	1216	0
710	1216	0
711	1216	0
712	1216	0
713	1216	0
714	1216	1
715	1216	1
716	1216	0
717	1216	1
718	1216	1
719	1216	0
720	1216	0
721	1216	0
722	1216	0
723	1216	0
724	1216	0
725	1216	1
726	1216	0
727	1216	1
728	1216	0
729	1216	0
730	1216	0
731	1216	1
732	1216	0
733	1216	0
734	1216	0
735	1216	0
736	1216	0
737	1216	0
738	1216	1
739	1216	0
740	1216	0
741	1216	0
742	1216	0
743	1216	1
744	1216	0
745	1216	0
746	1216	1
747	1216	1
748	1216	0
749	1216	0
750	1216	0
751	1216	0
752	1216	1
753	1216	1
754	1216	0
755	1216	0
756	1216	0
757	1216	1
758	1216	1
759	1216	0
760	1216	0
761	1216	0
762	1216	0
764	1216	0
765	1216	0
766	1216	0
767	1216	0
768	1216	1
769	1216	0
770	1216	1
771	1216	1
772	1216	0
773	1216	0
775	1216	0
776	1216	0
777	1216	0
778	1216	0
779	1216	1
780	1216	0
781	1216	0
782	1216	0
783	1216	0
784	1216	0
785	1216	0
786	1216	1
787	1216	1
788	1216	0
789	1216	0
790	1216	0
791	1216	0
792	1216	1
793	1216	0
794	1216	1
795	1216	0
796	1216	1
797	1216	0
798	1216	0
799	1216	0
800	1216	0
801	1216	0
802	1216	1
803	1216	0
804	1216	0
805	1216	0
806	1216	0
807	1216	0
808	1216	0
809	1216	0
810	1216	0
811	1216	0
812	1216	1
814	1216	0
816	1216	0
817	1216	0
818	1216	0
819	1216	0
820	1216	0
822	1216	0
823	1216	0
824	1216	0
825	1216	0
826	1216	1
827	1216	1
829	1216	0
830	1216	1
831	1216	1
832	1216	1
833	1216	0
834	1216	1
835	1216	1
836	1216	0
838	1216	1
839	1216	0
840	1216	0
841	1216	1
842	1216	0
843	1216	0
844	1216	0
845	1216	0
846	1216	0
847	1216	0
848	1216	0
849	1216	0
850	1216	0
851	1216	0
852	1216	1
853	1216	0
854	1216	0
855	1216	0
856	1216	0
857	1216	1
858	1216	0
859	1216	0
860	1216	1
861	1216	1
862	1216	0
863	1216	0
864	1216	1
865	1216	0
866	1216	0
867	1216	0
868	1216	0
869	1216	1
870	1216	0
871	1216	0
872	1216	0
873	1216	1
874	1216	0
875	1216	0
876	1216	0
877	1216	0
878	1216	1
880	1216	0
881	1216	0
882	1216	0
883	1216	0
884	1216	1
885	1216	1
886	1216	1
887	1216	0
888	1216	0
889	1216	1
890	1216	0
891	1216	0
892	1216	0
893	1216	0
894	1216	1
895	1216	0
896	1216	0
897	1216	0
898	1216	0
899	1216	1
900	1216	0
901	1216	0
902	1216	0
903	1216	0
904	1216	0
905	1216	1
907	1216	0
908	1216	1
909	1216	0
910	1216	0
911	1216	0
912	1216	1
913	1216	0
915	1216	0
916	1216	0
917	1216	1
918	1216	1
919	1216	1
920	1216	0
921	1216	1
922	1216	1
923	1216	0
924	1216	0
925	1216	1
926	1216	0
927	1216	1
928	1216	0
929	1216	0
930	1216	0
931	1216	1
933	1216	0
935	1216	0
936	1216	0
937	1216	0
939	1216	0
940	1216	0
941	1216	0
942	1216	0
943	1216	0
944	1216	0
945	1216	0
946	1216	0
947	1216	1
948	1216	0
949	1216	0
953	1216	0
954	1216	1
955	1216	0
957	1216	0
958	1216	0
959	1216	0
960	1216	1
961	1216	0
962	1216	0
963	1216	0
964	1216	0
965	1216	1
966	1216	0
967	1216	1
