1	1193	0
4	1193	0
6	1193	0
10	1193	0
11	1193	0
12	1193	0
13	1193	0
15	1193	0
16	1193	0
17	1193	0
19	1193	0
20	1193	0
22	1193	0
24	1193	0
25	1193	0
26	1193	0
27	1193	0
28	1193	1
30	1193	1
31	1193	1
32	1193	1
34	1193	0
37	1193	0
38	1193	0
39	1193	0
40	1193	0
44	1193	0
47	1193	1
49	1193	0
53	1193	0
55	1193	0
59	1193	1
60	1193	0
61	1193	0
62	1193	0
67	1193	0
68	1193	0
75	1193	0
77	1193	1
79	1193	0
83	1193	0
86	1193	0
90	1193	0
91	1193	0
92	1193	0
93	1193	0
95	1193	0
98	1193	0
102	1193	1
103	1193	0
104	1193	0
105	1193	0
106	1193	0
107	1193	0
113	1193	0
117	1193	0
118	1193	0
120	1193	1
122	1193	0
124	1193	0
131	1193	0
132	1193	0
136	1193	0
139	1193	0
140	1193	0
141	1193	0
143	1193	0
144	1193	0
145	1193	0
147	1193	0
148	1193	0
151	1193	0
153	1193	0
156	1193	0
159	1193	0
160	1193	0
161	1193	0
163	1193	0
165	1193	0
166	1193	0
167	1193	1
174	1193	0
178	1193	0
183	1193	0
185	1193	0
186	1193	0
187	1193	0
188	1193	1
189	1193	0
190	1193	0
191	1193	0
192	1193	1
193	1193	0
194	1193	0
195	1193	0
196	1193	1
197	1193	1
198	1193	0
199	1193	0
200	1193	0
201	1193	0
202	1193	0
203	1193	0
204	1193	0
207	1193	0
209	1193	0
210	1193	0
212	1193	0
213	1193	0
214	1193	0
215	1193	0
216	1193	0
220	1193	0
222	1193	0
224	1193	0
228	1193	0
231	1193	0
232	1193	0
233	1193	0
235	1193	0
236	1193	0
237	1193	0
238	1193	0
239	1193	0
240	1193	0
241	1193	0
242	1193	0
243	1193	0
245	1193	0
246	1193	0
247	1193	0
250	1193	0
251	1193	0
254	1193	0
256	1193	0
257	1193	0
259	1193	0
260	1193	0
264	1193	0
265	1193	0
266	1193	0
268	1193	0
271	1193	0
272	1193	0
273	1193	0
274	1193	0
275	1193	0
276	1193	0
277	1193	0
280	1193	0
281	1193	0
285	1193	0
287	1193	0
288	1193	1
301	1193	0
302	1193	0
304	1193	0
306	1193	0
307	1193	0
308	1193	0
310	1193	1
311	1193	0
313	1193	0
314	1193	0
317	1193	0
319	1193	0
322	1193	0
323	1193	0
325	1193	0
326	1193	0
327	1193	0
328	1193	0
329	1193	0
330	1193	0
333	1193	0
335	1193	0
338	1193	0
339	1193	0
341	1193	0
344	1193	0
346	1193	0
351	1193	0
352	1193	0
355	1193	0
356	1193	0
357	1193	0
359	1193	0
362	1193	0
363	1193	0
365	1193	0
366	1193	0
367	1193	0
376	1193	0
377	1193	0
379	1193	0
381	1193	0
382	1193	0
385	1193	0
388	1193	0
391	1193	0
401	1193	0
403	1193	0
405	1193	0
407	1193	0
409	1193	0
410	1193	0
412	1193	0
414	1193	0
415	1193	0
416	1193	0
422	1193	0
425	1193	0
426	1193	1
427	1193	0
428	1193	0
429	1193	0
430	1193	0
431	1193	0
432	1193	0
433	1193	0
434	1193	0
438	1193	0
439	1193	0
443	1193	0
445	1193	0
447	1193	0
448	1193	0
449	1193	0
450	1193	0
451	1193	0
452	1193	0
454	1193	0
459	1193	0
461	1193	1
462	1193	0
464	1193	1
469	1193	0
471	1193	0
474	1193	0
475	1193	0
481	1193	1
483	1193	0
484	1193	0
485	1193	0
487	1193	0
492	1193	0
494	1193	0
497	1193	0
499	1193	0
500	1193	0
501	1193	0
502	1193	0
515	1193	0
516	1193	0
518	1193	1
519	1193	0
520	1193	1
521	1193	0
522	1193	1
524	1193	0
525	1193	1
527	1193	0
528	1193	0
529	1193	0
530	1193	0
531	1193	0
536	1193	0
538	1193	0
540	1193	0
541	1193	0
544	1193	0
546	1193	0
547	1193	0
550	1193	0
551	1193	0
553	1193	0
555	1193	0
557	1193	0
560	1193	0
561	1193	0
562	1193	0
563	1193	0
569	1193	0
570	1193	0
571	1193	0
572	1193	0
574	1193	0
575	1193	0
581	1193	0
583	1193	0
586	1193	0
587	1193	0
589	1193	0
595	1193	0
596	1193	0
599	1193	0
604	1193	0
605	1193	1
608	1193	0
611	1193	0
612	1193	0
616	1193	1
619	1193	0
622	1193	0
626	1193	0
627	1193	0
630	1193	0
632	1193	0
633	1193	0
636	1193	0
637	1193	1
638	1193	1
639	1193	0
641	1193	1
642	1193	0
643	1193	0
644	1193	0
646	1193	0
647	1193	0
648	1193	0
649	1193	0
650	1193	0
651	1193	1
654	1193	0
655	1193	0
657	1193	0
660	1193	0
662	1193	0
663	1193	0
664	1193	0
665	1193	1
667	1193	0
670	1193	0
672	1193	0
674	1193	0
677	1193	0
678	1193	0
679	1193	1
680	1193	0
681	1193	0
682	1193	0
683	1193	0
685	1193	0
686	1193	0
687	1193	0
688	1193	0
690	1193	0
698	1193	0
703	1193	0
707	1193	0
709	1193	0
710	1193	0
712	1193	0
714	1193	0
715	1193	0
717	1193	0
719	1193	0
722	1193	0
723	1193	0
724	1193	0
725	1193	0
726	1193	0
730	1193	0
734	1193	0
735	1193	0
736	1193	0
738	1193	1
740	1193	0
741	1193	0
742	1193	0
746	1193	0
748	1193	0
749	1193	0
750	1193	1
752	1193	0
753	1193	0
754	1193	0
758	1193	0
759	1193	0
761	1193	0
764	1193	0
766	1193	0
768	1193	0
769	1193	0
770	1193	0
772	1193	0
773	1193	0
777	1193	0
778	1193	0
779	1193	0
781	1193	0
782	1193	0
784	1193	0
785	1193	0
786	1193	0
787	1193	1
789	1193	0
790	1193	0
791	1193	0
793	1193	0
794	1193	0
795	1193	0
796	1193	0
797	1193	0
798	1193	1
800	1193	0
802	1193	0
805	1193	0
806	1193	0
808	1193	0
810	1193	0
811	1193	1
816	1193	0
818	1193	0
823	1193	0
824	1193	0
825	1193	0
826	1193	0
829	1193	0
834	1193	0
835	1193	0
843	1193	0
848	1193	0
849	1193	0
850	1193	0
852	1193	1
853	1193	0
854	1193	0
855	1193	0
859	1193	0
861	1193	0
864	1193	0
865	1193	0
868	1193	0
870	1193	0
873	1193	0
874	1193	0
876	1193	0
878	1193	0
880	1193	0
882	1193	0
883	1193	0
885	1193	0
887	1193	0
889	1193	0
890	1193	0
891	1193	0
892	1193	0
893	1193	0
894	1193	0
895	1193	1
896	1193	0
898	1193	0
905	1193	0
907	1193	0
910	1193	0
911	1193	0
912	1193	0
913	1193	0
915	1193	0
916	1193	0
917	1193	0
918	1193	0
919	1193	0
920	1193	0
921	1193	0
923	1193	0
926	1193	0
929	1193	0
934	1193	0
935	1193	0
936	1193	0
941	1193	0
943	1193	1
944	1193	0
945	1193	0
953	1193	0
954	1193	0
955	1193	0
956	1193	1
957	1193	0
959	1193	0
961	1193	0
964	1193	0
965	1193	1
966	1193	0
