0	1126	0
1	1126	0
2	1126	0
3	1126	0
4	1126	0
5	1126	1
6	1126	0
7	1126	0
8	1126	1
9	1126	1
10	1126	1
11	1126	0
12	1126	0
13	1126	0
14	1126	1
15	1126	1
16	1126	0
17	1126	1
18	1126	1
19	1126	0
20	1126	1
21	1126	0
22	1126	0
23	1126	1
24	1126	0
26	1126	0
27	1126	0
28	1126	0
29	1126	0
30	1126	0
31	1126	1
32	1126	1
33	1126	1
34	1126	1
35	1126	0
36	1126	1
37	1126	0
38	1126	0
39	1126	0
40	1126	0
42	1126	0
43	1126	0
44	1126	0
45	1126	1
46	1126	0
47	1126	1
48	1126	0
49	1126	0
50	1126	0
51	1126	0
52	1126	0
53	1126	0
54	1126	1
55	1126	0
56	1126	0
57	1126	0
58	1126	0
59	1126	1
60	1126	0
61	1126	0
62	1126	0
64	1126	1
65	1126	0
66	1126	0
67	1126	0
68	1126	0
69	1126	0
70	1126	1
71	1126	1
72	1126	0
73	1126	0
74	1126	0
75	1126	1
76	1126	0
77	1126	0
78	1126	0
79	1126	1
80	1126	0
81	1126	0
82	1126	0
83	1126	0
84	1126	0
85	1126	0
86	1126	0
87	1126	0
88	1126	0
89	1126	0
90	1126	0
91	1126	0
92	1126	0
93	1126	0
94	1126	0
95	1126	0
96	1126	1
97	1126	0
98	1126	1
99	1126	0
100	1126	1
101	1126	1
102	1126	1
103	1126	0
104	1126	0
105	1126	0
106	1126	0
109	1126	1
111	1126	0
112	1126	0
113	1126	1
114	1126	0
115	1126	0
116	1126	0
117	1126	1
118	1126	0
119	1126	1
120	1126	0
121	1126	0
122	1126	0
123	1126	1
124	1126	1
125	1126	0
126	1126	1
127	1126	1
129	1126	1
130	1126	0
131	1126	0
132	1126	0
133	1126	0
134	1126	0
136	1126	1
137	1126	1
138	1126	1
139	1126	0
140	1126	1
141	1126	0
142	1126	0
143	1126	1
144	1126	1
145	1126	1
146	1126	1
147	1126	0
148	1126	1
149	1126	0
150	1126	1
151	1126	1
152	1126	0
153	1126	0
154	1126	1
155	1126	0
156	1126	0
157	1126	0
158	1126	0
159	1126	0
160	1126	1
161	1126	0
162	1126	0
163	1126	1
165	1126	0
166	1126	0
167	1126	0
168	1126	0
169	1126	0
170	1126	1
171	1126	1
172	1126	1
173	1126	0
174	1126	0
175	1126	1
177	1126	0
178	1126	0
179	1126	0
180	1126	0
182	1126	0
183	1126	0
184	1126	1
185	1126	1
186	1126	1
187	1126	0
188	1126	1
189	1126	1
190	1126	0
191	1126	1
192	1126	1
193	1126	0
194	1126	1
195	1126	0
196	1126	1
197	1126	1
198	1126	1
199	1126	0
200	1126	1
201	1126	0
202	1126	0
203	1126	1
204	1126	1
206	1126	1
207	1126	0
208	1126	1
210	1126	0
211	1126	1
212	1126	1
213	1126	0
214	1126	1
215	1126	0
216	1126	0
217	1126	0
218	1126	0
219	1126	0
220	1126	1
222	1126	0
223	1126	1
224	1126	0
225	1126	1
226	1126	0
227	1126	1
228	1126	1
229	1126	0
230	1126	0
231	1126	0
232	1126	1
233	1126	0
234	1126	0
235	1126	0
236	1126	0
237	1126	0
238	1126	0
239	1126	1
240	1126	1
241	1126	0
242	1126	0
244	1126	0
245	1126	1
246	1126	1
247	1126	0
248	1126	0
249	1126	0
250	1126	0
251	1126	1
252	1126	0
253	1126	1
254	1126	0
255	1126	1
256	1126	0
258	1126	1
259	1126	0
260	1126	0
261	1126	0
262	1126	0
263	1126	0
264	1126	0
265	1126	0
266	1126	0
267	1126	1
268	1126	0
269	1126	0
270	1126	1
271	1126	0
272	1126	0
274	1126	1
275	1126	1
276	1126	0
277	1126	0
278	1126	0
279	1126	0
280	1126	1
281	1126	0
282	1126	1
283	1126	0
284	1126	0
285	1126	0
286	1126	0
287	1126	1
288	1126	1
289	1126	1
290	1126	1
291	1126	0
292	1126	0
293	1126	0
294	1126	0
295	1126	0
296	1126	0
297	1126	0
298	1126	0
299	1126	1
300	1126	0
301	1126	1
302	1126	0
303	1126	0
304	1126	1
305	1126	0
306	1126	0
307	1126	1
308	1126	0
309	1126	0
310	1126	1
311	1126	0
312	1126	0
313	1126	0
314	1126	0
315	1126	0
316	1126	0
317	1126	0
318	1126	0
319	1126	0
320	1126	1
321	1126	1
322	1126	0
323	1126	0
324	1126	0
325	1126	1
326	1126	0
327	1126	1
328	1126	1
329	1126	0
330	1126	0
331	1126	0
333	1126	1
335	1126	0
336	1126	1
337	1126	0
338	1126	0
339	1126	0
340	1126	1
341	1126	1
342	1126	0
343	1126	1
344	1126	0
346	1126	0
347	1126	0
348	1126	0
349	1126	0
350	1126	1
351	1126	0
352	1126	0
354	1126	0
355	1126	0
357	1126	0
358	1126	0
359	1126	1
360	1126	1
361	1126	1
363	1126	1
364	1126	0
365	1126	1
366	1126	0
367	1126	0
368	1126	0
370	1126	1
371	1126	1
372	1126	0
373	1126	1
374	1126	1
375	1126	1
377	1126	1
378	1126	1
379	1126	0
380	1126	1
381	1126	0
382	1126	0
383	1126	0
384	1126	1
385	1126	0
386	1126	1
387	1126	0
388	1126	0
389	1126	1
390	1126	1
391	1126	0
393	1126	0
394	1126	0
395	1126	1
396	1126	0
398	1126	1
399	1126	1
400	1126	1
401	1126	0
402	1126	1
403	1126	0
404	1126	1
405	1126	0
406	1126	0
407	1126	1
408	1126	0
409	1126	1
410	1126	0
411	1126	0
412	1126	0
413	1126	0
414	1126	0
415	1126	1
416	1126	1
417	1126	0
418	1126	0
419	1126	0
420	1126	0
421	1126	1
422	1126	0
423	1126	1
424	1126	1
425	1126	0
426	1126	1
427	1126	0
428	1126	0
429	1126	0
431	1126	0
432	1126	0
433	1126	0
434	1126	0
435	1126	0
436	1126	1
437	1126	1
438	1126	1
439	1126	0
440	1126	0
441	1126	0
442	1126	1
443	1126	1
444	1126	0
445	1126	0
446	1126	1
447	1126	0
448	1126	0
449	1126	1
450	1126	0
451	1126	0
452	1126	0
453	1126	0
454	1126	0
455	1126	1
456	1126	1
457	1126	0
458	1126	0
459	1126	0
460	1126	0
461	1126	0
462	1126	1
463	1126	0
464	1126	1
465	1126	1
466	1126	0
467	1126	0
468	1126	0
469	1126	0
470	1126	0
471	1126	0
472	1126	0
473	1126	0
474	1126	1
475	1126	0
476	1126	0
477	1126	1
478	1126	1
480	1126	0
481	1126	0
482	1126	0
483	1126	0
484	1126	0
485	1126	0
486	1126	0
487	1126	0
489	1126	1
490	1126	0
491	1126	0
492	1126	0
493	1126	0
495	1126	0
496	1126	1
497	1126	1
499	1126	0
500	1126	1
501	1126	1
502	1126	1
503	1126	1
505	1126	1
506	1126	1
508	1126	1
509	1126	0
510	1126	0
511	1126	0
512	1126	1
513	1126	0
514	1126	1
515	1126	1
516	1126	1
517	1126	0
518	1126	1
519	1126	1
520	1126	1
521	1126	0
522	1126	1
523	1126	1
524	1126	1
525	1126	0
526	1126	1
527	1126	0
528	1126	0
529	1126	1
531	1126	1
533	1126	0
534	1126	1
536	1126	1
537	1126	0
538	1126	0
540	1126	0
541	1126	0
542	1126	1
543	1126	0
544	1126	0
546	1126	1
547	1126	0
548	1126	0
549	1126	1
550	1126	0
551	1126	1
553	1126	0
554	1126	0
555	1126	0
556	1126	0
557	1126	1
558	1126	1
559	1126	0
560	1126	1
561	1126	0
562	1126	1
563	1126	0
564	1126	0
565	1126	0
566	1126	0
567	1126	0
568	1126	1
569	1126	0
570	1126	0
571	1126	1
572	1126	1
574	1126	0
575	1126	0
576	1126	0
577	1126	0
578	1126	0
579	1126	1
580	1126	0
582	1126	0
583	1126	1
584	1126	1
585	1126	0
586	1126	0
587	1126	0
588	1126	1
589	1126	0
590	1126	0
591	1126	0
592	1126	0
593	1126	1
594	1126	0
595	1126	0
596	1126	0
597	1126	1
598	1126	0
599	1126	0
600	1126	0
601	1126	0
602	1126	0
604	1126	0
605	1126	0
606	1126	0
607	1126	0
608	1126	0
609	1126	1
611	1126	0
612	1126	1
613	1126	1
614	1126	1
615	1126	0
616	1126	1
617	1126	0
618	1126	0
619	1126	0
620	1126	1
621	1126	1
622	1126	1
624	1126	0
625	1126	1
626	1126	0
627	1126	0
628	1126	0
630	1126	1
631	1126	1
632	1126	1
633	1126	0
635	1126	0
636	1126	0
637	1126	1
640	1126	1
641	1126	0
642	1126	0
643	1126	0
644	1126	0
645	1126	1
646	1126	1
647	1126	0
648	1126	1
649	1126	0
650	1126	1
651	1126	0
652	1126	1
653	1126	0
654	1126	0
655	1126	0
656	1126	1
657	1126	1
658	1126	0
659	1126	0
660	1126	0
661	1126	1
662	1126	1
663	1126	1
664	1126	1
666	1126	1
667	1126	1
668	1126	0
669	1126	0
670	1126	0
671	1126	0
672	1126	1
673	1126	1
674	1126	0
675	1126	0
676	1126	0
677	1126	0
678	1126	0
679	1126	1
680	1126	0
681	1126	0
682	1126	0
683	1126	0
684	1126	0
685	1126	0
686	1126	0
687	1126	0
688	1126	0
689	1126	0
690	1126	0
691	1126	1
692	1126	1
693	1126	0
694	1126	1
695	1126	1
696	1126	1
697	1126	0
698	1126	0
699	1126	1
700	1126	0
701	1126	0
702	1126	0
703	1126	1
704	1126	0
705	1126	0
706	1126	0
707	1126	0
708	1126	0
709	1126	1
710	1126	0
711	1126	0
712	1126	0
713	1126	1
714	1126	0
715	1126	0
716	1126	0
717	1126	0
718	1126	1
719	1126	0
720	1126	0
721	1126	1
722	1126	0
723	1126	1
724	1126	0
725	1126	0
726	1126	1
727	1126	1
728	1126	0
730	1126	0
731	1126	1
732	1126	1
733	1126	0
734	1126	0
735	1126	0
736	1126	0
737	1126	1
738	1126	0
739	1126	0
740	1126	0
741	1126	1
742	1126	0
743	1126	0
744	1126	0
745	1126	1
746	1126	1
747	1126	1
748	1126	1
749	1126	0
750	1126	1
751	1126	0
752	1126	0
753	1126	1
754	1126	1
755	1126	0
756	1126	0
757	1126	0
758	1126	0
759	1126	1
760	1126	0
761	1126	0
762	1126	1
763	1126	1
764	1126	0
765	1126	1
767	1126	0
768	1126	1
769	1126	1
770	1126	0
771	1126	1
772	1126	0
773	1126	0
774	1126	1
775	1126	0
776	1126	0
777	1126	1
778	1126	0
779	1126	0
780	1126	0
782	1126	0
783	1126	0
784	1126	1
785	1126	0
786	1126	0
787	1126	0
788	1126	0
789	1126	0
790	1126	0
791	1126	1
793	1126	0
794	1126	0
795	1126	0
796	1126	1
797	1126	1
798	1126	0
799	1126	0
800	1126	1
801	1126	1
802	1126	0
803	1126	0
804	1126	0
806	1126	1
807	1126	0
808	1126	1
809	1126	0
810	1126	0
811	1126	1
812	1126	0
813	1126	0
814	1126	0
816	1126	0
817	1126	1
818	1126	0
819	1126	1
820	1126	0
821	1126	0
822	1126	0
823	1126	0
824	1126	0
825	1126	0
826	1126	0
827	1126	1
828	1126	1
829	1126	1
830	1126	1
831	1126	1
832	1126	1
833	1126	1
834	1126	1
835	1126	0
836	1126	0
837	1126	1
839	1126	1
840	1126	1
841	1126	0
842	1126	0
843	1126	1
844	1126	0
845	1126	0
846	1126	0
847	1126	0
848	1126	0
849	1126	1
850	1126	0
851	1126	0
852	1126	0
853	1126	1
854	1126	0
855	1126	0
856	1126	0
857	1126	0
858	1126	0
859	1126	0
860	1126	0
861	1126	0
862	1126	1
863	1126	0
864	1126	1
865	1126	0
866	1126	0
867	1126	0
868	1126	0
869	1126	0
870	1126	0
872	1126	0
873	1126	0
874	1126	0
875	1126	0
876	1126	0
877	1126	1
878	1126	0
879	1126	1
880	1126	0
881	1126	0
882	1126	0
883	1126	0
884	1126	0
885	1126	0
886	1126	0
887	1126	0
888	1126	1
889	1126	0
890	1126	0
891	1126	1
892	1126	0
893	1126	0
894	1126	0
895	1126	0
896	1126	0
897	1126	0
898	1126	0
900	1126	0
901	1126	1
902	1126	0
903	1126	1
904	1126	0
905	1126	0
906	1126	0
907	1126	0
908	1126	1
909	1126	0
910	1126	0
911	1126	0
912	1126	1
913	1126	1
914	1126	0
916	1126	1
917	1126	1
918	1126	1
919	1126	1
920	1126	0
921	1126	1
922	1126	1
923	1126	1
924	1126	0
925	1126	0
926	1126	1
927	1126	1
928	1126	1
930	1126	1
931	1126	1
933	1126	1
934	1126	0
935	1126	1
936	1126	0
937	1126	1
938	1126	1
939	1126	0
940	1126	0
941	1126	1
942	1126	1
943	1126	0
944	1126	1
945	1126	0
946	1126	0
947	1126	1
948	1126	0
949	1126	1
950	1126	0
952	1126	1
953	1126	1
954	1126	0
955	1126	0
956	1126	0
958	1126	1
959	1126	1
961	1126	0
962	1126	0
963	1126	1
964	1126	0
965	1126	1
967	1126	1
