0	1164	0
1	1164	0
2	1164	0
3	1164	0
4	1164	0
5	1164	1
6	1164	0
7	1164	0
8	1164	0
10	1164	0
11	1164	0
12	1164	0
13	1164	0
15	1164	0
16	1164	0
17	1164	0
18	1164	0
19	1164	0
20	1164	1
21	1164	0
22	1164	0
23	1164	1
24	1164	1
25	1164	0
27	1164	0
28	1164	0
29	1164	1
30	1164	0
31	1164	0
32	1164	0
33	1164	0
34	1164	0
35	1164	0
36	1164	0
37	1164	0
38	1164	0
39	1164	0
40	1164	1
41	1164	0
42	1164	1
43	1164	0
44	1164	1
45	1164	0
47	1164	0
48	1164	0
49	1164	0
51	1164	0
53	1164	0
55	1164	0
56	1164	1
58	1164	1
59	1164	0
60	1164	1
61	1164	1
62	1164	0
63	1164	0
64	1164	0
65	1164	0
66	1164	1
67	1164	0
68	1164	0
69	1164	0
70	1164	1
71	1164	0
72	1164	1
73	1164	0
74	1164	0
75	1164	0
77	1164	1
78	1164	1
79	1164	1
80	1164	1
81	1164	0
83	1164	0
84	1164	0
85	1164	0
86	1164	1
87	1164	0
89	1164	0
90	1164	0
91	1164	0
92	1164	1
93	1164	0
94	1164	0
95	1164	1
96	1164	0
97	1164	0
98	1164	0
100	1164	1
101	1164	0
102	1164	0
103	1164	0
104	1164	0
105	1164	0
106	1164	0
107	1164	0
108	1164	1
109	1164	0
110	1164	0
111	1164	0
112	1164	0
113	1164	0
114	1164	1
115	1164	0
116	1164	0
117	1164	0
118	1164	0
120	1164	0
121	1164	0
124	1164	0
125	1164	0
129	1164	0
130	1164	0
131	1164	0
132	1164	0
133	1164	0
134	1164	0
135	1164	0
136	1164	0
137	1164	0
138	1164	0
139	1164	1
140	1164	0
141	1164	0
142	1164	0
143	1164	0
144	1164	0
145	1164	0
146	1164	0
147	1164	0
148	1164	0
149	1164	0
150	1164	0
151	1164	0
152	1164	0
153	1164	0
154	1164	0
155	1164	0
156	1164	0
157	1164	0
158	1164	0
159	1164	0
160	1164	0
161	1164	0
162	1164	0
163	1164	0
164	1164	0
165	1164	1
166	1164	1
167	1164	1
168	1164	1
169	1164	1
170	1164	0
171	1164	0
172	1164	0
173	1164	0
174	1164	1
175	1164	0
177	1164	0
178	1164	1
179	1164	1
180	1164	0
181	1164	0
182	1164	0
183	1164	1
184	1164	0
185	1164	1
186	1164	0
187	1164	0
188	1164	0
189	1164	1
190	1164	0
191	1164	0
193	1164	1
194	1164	0
195	1164	0
196	1164	0
197	1164	0
198	1164	1
199	1164	0
200	1164	0
201	1164	1
202	1164	0
203	1164	0
204	1164	0
206	1164	0
207	1164	0
208	1164	0
209	1164	0
210	1164	0
211	1164	0
212	1164	0
213	1164	1
214	1164	0
215	1164	0
216	1164	0
217	1164	0
218	1164	0
219	1164	0
220	1164	0
221	1164	0
222	1164	0
224	1164	0
225	1164	1
227	1164	0
228	1164	0
229	1164	0
230	1164	0
232	1164	0
233	1164	0
235	1164	0
237	1164	0
238	1164	0
239	1164	0
240	1164	0
245	1164	0
246	1164	1
247	1164	1
248	1164	1
249	1164	0
250	1164	0
251	1164	0
252	1164	0
253	1164	0
254	1164	1
255	1164	0
256	1164	0
257	1164	0
258	1164	1
259	1164	0
260	1164	1
261	1164	1
262	1164	1
263	1164	0
264	1164	0
265	1164	1
266	1164	0
267	1164	0
268	1164	1
271	1164	0
272	1164	0
273	1164	1
274	1164	1
275	1164	1
276	1164	0
277	1164	0
278	1164	0
280	1164	0
281	1164	0
282	1164	0
283	1164	0
284	1164	1
285	1164	0
286	1164	0
287	1164	0
288	1164	0
289	1164	0
290	1164	0
292	1164	0
293	1164	1
295	1164	1
296	1164	0
297	1164	0
298	1164	0
302	1164	0
303	1164	0
304	1164	0
305	1164	0
306	1164	0
308	1164	1
310	1164	0
311	1164	1
312	1164	0
313	1164	1
314	1164	0
315	1164	0
317	1164	0
318	1164	1
319	1164	0
321	1164	0
322	1164	0
323	1164	0
324	1164	0
325	1164	0
326	1164	0
327	1164	1
328	1164	0
329	1164	0
330	1164	0
331	1164	0
332	1164	1
333	1164	0
334	1164	0
336	1164	0
337	1164	0
338	1164	0
340	1164	0
341	1164	0
344	1164	0
345	1164	0
346	1164	1
347	1164	0
348	1164	0
349	1164	0
350	1164	0
351	1164	1
352	1164	0
353	1164	1
354	1164	1
355	1164	1
356	1164	1
357	1164	0
358	1164	0
359	1164	0
360	1164	0
361	1164	0
362	1164	0
363	1164	0
364	1164	0
365	1164	0
366	1164	0
367	1164	1
369	1164	0
370	1164	1
371	1164	0
372	1164	0
373	1164	0
374	1164	0
375	1164	0
376	1164	0
377	1164	0
378	1164	0
379	1164	0
381	1164	0
382	1164	0
383	1164	0
384	1164	0
385	1164	0
386	1164	0
387	1164	0
388	1164	0
389	1164	0
390	1164	0
391	1164	0
392	1164	0
393	1164	0
394	1164	0
395	1164	0
397	1164	0
398	1164	0
399	1164	0
401	1164	0
402	1164	0
403	1164	1
404	1164	0
405	1164	0
406	1164	0
407	1164	1
408	1164	0
409	1164	1
410	1164	0
412	1164	1
414	1164	1
415	1164	1
416	1164	1
417	1164	0
418	1164	0
419	1164	0
420	1164	0
421	1164	0
422	1164	0
423	1164	0
424	1164	0
425	1164	0
426	1164	1
427	1164	1
428	1164	0
429	1164	0
430	1164	0
431	1164	0
432	1164	0
434	1164	1
436	1164	0
437	1164	0
438	1164	0
439	1164	0
440	1164	0
441	1164	0
442	1164	0
444	1164	0
445	1164	1
446	1164	0
447	1164	0
449	1164	0
450	1164	0
451	1164	1
452	1164	0
453	1164	0
454	1164	1
455	1164	0
456	1164	0
457	1164	1
458	1164	0
459	1164	0
461	1164	0
462	1164	0
463	1164	0
464	1164	0
465	1164	0
466	1164	0
468	1164	0
469	1164	1
470	1164	0
471	1164	0
472	1164	0
473	1164	0
474	1164	1
475	1164	0
476	1164	0
477	1164	1
478	1164	0
479	1164	0
480	1164	0
481	1164	0
482	1164	0
483	1164	0
484	1164	0
486	1164	0
487	1164	0
488	1164	0
489	1164	0
490	1164	0
492	1164	0
493	1164	0
494	1164	1
496	1164	0
497	1164	0
498	1164	0
499	1164	0
500	1164	0
501	1164	0
502	1164	0
503	1164	0
504	1164	1
505	1164	0
507	1164	0
508	1164	0
509	1164	0
510	1164	0
511	1164	0
512	1164	0
513	1164	0
514	1164	1
515	1164	0
516	1164	0
518	1164	0
519	1164	0
520	1164	0
521	1164	0
522	1164	0
523	1164	0
524	1164	0
525	1164	0
526	1164	0
527	1164	1
528	1164	0
530	1164	0
531	1164	0
533	1164	1
534	1164	0
535	1164	0
536	1164	0
538	1164	0
539	1164	0
541	1164	0
542	1164	0
543	1164	0
544	1164	0
545	1164	0
546	1164	0
547	1164	1
549	1164	0
550	1164	1
551	1164	1
553	1164	0
554	1164	1
555	1164	0
556	1164	1
557	1164	0
558	1164	0
559	1164	0
560	1164	0
561	1164	0
562	1164	1
563	1164	0
565	1164	0
566	1164	1
567	1164	0
568	1164	0
569	1164	0
571	1164	0
573	1164	0
574	1164	1
575	1164	0
576	1164	0
577	1164	0
578	1164	0
580	1164	0
583	1164	0
584	1164	0
585	1164	0
586	1164	1
587	1164	0
588	1164	0
589	1164	0
591	1164	0
593	1164	0
595	1164	0
596	1164	0
597	1164	0
598	1164	0
599	1164	0
600	1164	0
601	1164	0
602	1164	0
604	1164	0
605	1164	1
606	1164	0
607	1164	0
608	1164	0
609	1164	0
611	1164	0
612	1164	0
613	1164	0
614	1164	0
616	1164	0
617	1164	0
618	1164	0
619	1164	0
620	1164	0
621	1164	0
622	1164	0
624	1164	1
625	1164	0
626	1164	0
627	1164	0
628	1164	0
630	1164	0
632	1164	0
633	1164	0
634	1164	0
635	1164	0
636	1164	0
637	1164	0
638	1164	0
639	1164	1
640	1164	0
641	1164	0
642	1164	0
643	1164	0
644	1164	0
645	1164	0
646	1164	0
647	1164	0
648	1164	0
649	1164	0
650	1164	0
651	1164	0
652	1164	0
654	1164	1
655	1164	0
656	1164	0
657	1164	1
659	1164	0
660	1164	0
661	1164	0
662	1164	0
663	1164	0
664	1164	0
665	1164	1
666	1164	0
667	1164	0
668	1164	0
669	1164	1
670	1164	1
671	1164	0
672	1164	0
673	1164	0
674	1164	0
676	1164	0
677	1164	0
678	1164	0
679	1164	0
680	1164	0
681	1164	1
683	1164	0
684	1164	0
685	1164	0
686	1164	1
687	1164	0
688	1164	0
689	1164	1
690	1164	1
691	1164	0
692	1164	0
693	1164	0
694	1164	0
695	1164	0
696	1164	0
697	1164	0
698	1164	1
699	1164	0
700	1164	0
701	1164	0
705	1164	1
706	1164	0
707	1164	0
709	1164	1
710	1164	1
711	1164	0
712	1164	1
713	1164	0
714	1164	0
715	1164	0
717	1164	0
718	1164	0
719	1164	0
720	1164	0
721	1164	0
722	1164	0
723	1164	1
724	1164	0
725	1164	0
726	1164	1
727	1164	0
728	1164	0
729	1164	0
730	1164	0
732	1164	0
734	1164	0
735	1164	0
736	1164	1
737	1164	0
738	1164	0
739	1164	0
740	1164	0
741	1164	0
742	1164	0
743	1164	1
744	1164	0
745	1164	0
746	1164	0
747	1164	0
748	1164	0
749	1164	0
752	1164	0
753	1164	0
754	1164	0
755	1164	0
756	1164	1
757	1164	1
758	1164	0
759	1164	0
760	1164	0
762	1164	1
764	1164	0
765	1164	0
766	1164	1
767	1164	0
768	1164	0
769	1164	0
770	1164	0
771	1164	0
772	1164	0
773	1164	0
775	1164	0
776	1164	0
777	1164	0
778	1164	0
780	1164	0
781	1164	1
782	1164	0
783	1164	0
784	1164	0
786	1164	0
787	1164	0
788	1164	0
790	1164	0
791	1164	0
792	1164	0
793	1164	0
794	1164	1
795	1164	0
796	1164	0
797	1164	0
798	1164	0
799	1164	0
800	1164	0
801	1164	0
802	1164	0
803	1164	0
804	1164	0
806	1164	0
807	1164	1
808	1164	0
810	1164	0
811	1164	0
814	1164	0
816	1164	0
818	1164	0
819	1164	0
820	1164	0
822	1164	0
823	1164	0
824	1164	0
825	1164	0
826	1164	0
827	1164	0
830	1164	0
831	1164	0
832	1164	0
833	1164	0
835	1164	0
836	1164	0
837	1164	0
838	1164	0
839	1164	0
840	1164	0
843	1164	0
844	1164	1
845	1164	0
848	1164	0
849	1164	0
850	1164	0
851	1164	0
852	1164	1
853	1164	0
854	1164	0
855	1164	0
856	1164	0
857	1164	0
861	1164	0
862	1164	1
863	1164	0
864	1164	0
866	1164	1
867	1164	0
868	1164	0
869	1164	0
871	1164	0
873	1164	1
875	1164	0
876	1164	1
877	1164	1
878	1164	1
880	1164	0
881	1164	1
882	1164	1
883	1164	0
884	1164	0
885	1164	0
887	1164	0
888	1164	0
889	1164	0
890	1164	1
891	1164	0
892	1164	1
893	1164	0
894	1164	0
895	1164	0
896	1164	0
897	1164	0
898	1164	0
899	1164	0
900	1164	0
901	1164	0
903	1164	0
904	1164	0
905	1164	0
907	1164	1
908	1164	0
909	1164	0
910	1164	1
911	1164	0
912	1164	0
913	1164	0
915	1164	0
916	1164	0
917	1164	0
918	1164	0
919	1164	0
920	1164	0
921	1164	1
922	1164	0
923	1164	0
924	1164	0
925	1164	0
926	1164	0
927	1164	0
928	1164	0
929	1164	1
934	1164	1
935	1164	0
936	1164	0
937	1164	0
939	1164	0
940	1164	0
941	1164	1
942	1164	0
943	1164	0
944	1164	0
945	1164	0
946	1164	0
948	1164	0
949	1164	0
950	1164	0
952	1164	0
953	1164	0
954	1164	0
955	1164	0
956	1164	1
957	1164	0
958	1164	0
959	1164	0
960	1164	0
961	1164	0
962	1164	0
963	1164	0
964	1164	0
965	1164	0
966	1164	0
967	1164	0
