0	1015	0
1	1015	0
2	1015	0
3	1015	0
4	1015	0
5	1015	0
6	1015	0
7	1015	0
8	1015	1
9	1015	0
10	1015	0
11	1015	0
12	1015	0
13	1015	0
14	1015	0
15	1015	0
16	1015	0
17	1015	0
18	1015	1
19	1015	1
20	1015	0
21	1015	0
22	1015	0
23	1015	0
24	1015	0
26	1015	0
27	1015	0
28	1015	0
29	1015	0
30	1015	0
31	1015	0
32	1015	1
33	1015	0
34	1015	1
35	1015	0
36	1015	0
37	1015	1
38	1015	0
39	1015	0
40	1015	0
42	1015	0
43	1015	0
44	1015	0
45	1015	0
46	1015	0
47	1015	0
48	1015	0
49	1015	0
50	1015	0
51	1015	1
52	1015	0
53	1015	0
54	1015	0
55	1015	0
56	1015	0
57	1015	0
58	1015	0
59	1015	1
60	1015	0
61	1015	0
62	1015	0
64	1015	0
65	1015	0
66	1015	0
67	1015	0
68	1015	0
69	1015	0
70	1015	0
71	1015	0
72	1015	0
73	1015	0
74	1015	0
75	1015	0
76	1015	0
77	1015	0
78	1015	0
79	1015	0
80	1015	0
81	1015	0
82	1015	0
83	1015	0
84	1015	0
85	1015	0
86	1015	0
87	1015	0
88	1015	1
89	1015	0
90	1015	0
91	1015	0
92	1015	0
93	1015	0
94	1015	1
95	1015	0
96	1015	1
97	1015	0
98	1015	0
99	1015	0
100	1015	0
101	1015	0
102	1015	0
103	1015	0
104	1015	0
105	1015	0
106	1015	0
109	1015	0
111	1015	0
112	1015	0
113	1015	0
114	1015	0
115	1015	0
116	1015	0
117	1015	0
118	1015	0
119	1015	0
120	1015	0
121	1015	0
122	1015	0
123	1015	0
124	1015	0
125	1015	0
130	1015	0
131	1015	0
132	1015	0
133	1015	0
134	1015	0
136	1015	0
137	1015	0
138	1015	1
139	1015	0
141	1015	0
142	1015	0
144	1015	0
146	1015	0
147	1015	0
149	1015	0
150	1015	0
151	1015	0
152	1015	0
153	1015	0
154	1015	1
155	1015	0
156	1015	0
157	1015	0
158	1015	0
159	1015	0
160	1015	0
161	1015	0
162	1015	0
163	1015	0
164	1015	0
165	1015	0
166	1015	0
168	1015	0
169	1015	0
170	1015	1
171	1015	0
172	1015	0
173	1015	0
174	1015	0
175	1015	0
177	1015	0
178	1015	0
179	1015	0
180	1015	0
181	1015	0
182	1015	0
183	1015	0
184	1015	0
187	1015	0
188	1015	0
189	1015	0
190	1015	0
191	1015	0
192	1015	0
193	1015	0
194	1015	0
195	1015	0
196	1015	0
197	1015	0
200	1015	0
201	1015	0
202	1015	0
203	1015	0
204	1015	0
206	1015	0
207	1015	0
208	1015	0
210	1015	0
211	1015	0
212	1015	0
213	1015	0
214	1015	0
216	1015	0
217	1015	0
218	1015	0
220	1015	1
222	1015	0
223	1015	0
224	1015	0
225	1015	0
226	1015	0
227	1015	0
228	1015	0
229	1015	0
230	1015	0
231	1015	0
232	1015	0
233	1015	0
234	1015	0
235	1015	0
236	1015	0
237	1015	0
238	1015	0
239	1015	0
240	1015	0
241	1015	0
242	1015	0
244	1015	0
245	1015	0
246	1015	0
247	1015	0
248	1015	0
249	1015	0
250	1015	0
251	1015	0
252	1015	0
253	1015	0
254	1015	0
255	1015	0
256	1015	0
258	1015	1
259	1015	0
260	1015	0
261	1015	0
262	1015	0
263	1015	0
264	1015	0
265	1015	0
266	1015	0
267	1015	0
268	1015	0
269	1015	0
270	1015	0
271	1015	0
272	1015	0
273	1015	0
274	1015	0
275	1015	0
276	1015	0
277	1015	0
278	1015	0
279	1015	0
280	1015	0
281	1015	0
282	1015	0
283	1015	0
284	1015	0
285	1015	0
286	1015	0
288	1015	0
289	1015	0
290	1015	0
291	1015	0
292	1015	0
293	1015	0
294	1015	0
295	1015	0
296	1015	0
297	1015	0
298	1015	0
299	1015	0
300	1015	0
301	1015	0
302	1015	0
303	1015	1
304	1015	0
306	1015	0
307	1015	0
308	1015	0
309	1015	0
310	1015	0
311	1015	0
312	1015	0
313	1015	0
314	1015	0
315	1015	0
316	1015	0
317	1015	0
318	1015	1
319	1015	0
320	1015	0
321	1015	0
322	1015	0
323	1015	0
324	1015	0
325	1015	0
326	1015	0
327	1015	0
328	1015	0
329	1015	0
330	1015	0
331	1015	0
333	1015	1
334	1015	0
335	1015	0
336	1015	1
337	1015	0
338	1015	0
339	1015	0
340	1015	0
341	1015	0
342	1015	0
343	1015	0
344	1015	0
346	1015	0
347	1015	0
348	1015	0
349	1015	0
350	1015	0
354	1015	0
355	1015	0
356	1015	0
357	1015	0
358	1015	0
359	1015	0
360	1015	0
361	1015	0
363	1015	0
364	1015	0
365	1015	0
366	1015	0
367	1015	0
368	1015	0
370	1015	1
371	1015	0
372	1015	0
373	1015	0
374	1015	1
377	1015	0
378	1015	1
379	1015	0
380	1015	0
381	1015	0
382	1015	0
383	1015	0
384	1015	0
385	1015	0
386	1015	0
387	1015	0
390	1015	0
391	1015	0
393	1015	0
394	1015	0
395	1015	0
396	1015	0
397	1015	0
398	1015	0
399	1015	0
400	1015	0
401	1015	0
402	1015	0
403	1015	1
404	1015	0
405	1015	0
406	1015	0
408	1015	0
409	1015	0
410	1015	0
411	1015	0
412	1015	0
413	1015	1
414	1015	0
415	1015	0
416	1015	0
417	1015	0
418	1015	0
419	1015	0
420	1015	0
421	1015	0
422	1015	0
423	1015	0
424	1015	0
425	1015	0
426	1015	1
427	1015	0
428	1015	0
429	1015	0
430	1015	0
431	1015	0
432	1015	0
433	1015	0
434	1015	0
435	1015	0
436	1015	0
437	1015	0
438	1015	0
439	1015	0
440	1015	0
441	1015	0
442	1015	0
443	1015	0
444	1015	0
445	1015	0
446	1015	1
447	1015	0
448	1015	0
449	1015	0
450	1015	0
451	1015	0
452	1015	1
453	1015	0
454	1015	0
455	1015	0
456	1015	1
457	1015	0
458	1015	0
459	1015	0
460	1015	0
461	1015	0
462	1015	0
463	1015	0
464	1015	0
465	1015	1
466	1015	0
467	1015	0
468	1015	0
469	1015	0
470	1015	0
471	1015	0
472	1015	0
473	1015	0
474	1015	0
475	1015	0
476	1015	0
477	1015	0
478	1015	0
480	1015	0
481	1015	0
482	1015	0
483	1015	0
484	1015	0
485	1015	0
486	1015	0
487	1015	0
489	1015	1
490	1015	0
491	1015	0
492	1015	0
493	1015	1
495	1015	0
496	1015	0
497	1015	0
499	1015	0
500	1015	0
501	1015	0
502	1015	0
503	1015	0
505	1015	0
508	1015	1
509	1015	0
510	1015	0
511	1015	1
512	1015	0
513	1015	0
514	1015	1
515	1015	0
516	1015	0
517	1015	0
518	1015	1
519	1015	0
520	1015	1
521	1015	0
522	1015	0
523	1015	0
524	1015	1
525	1015	0
527	1015	0
528	1015	0
529	1015	0
533	1015	0
534	1015	0
536	1015	1
537	1015	0
538	1015	0
540	1015	0
541	1015	0
542	1015	0
543	1015	1
544	1015	0
546	1015	0
547	1015	0
548	1015	0
549	1015	0
550	1015	0
551	1015	0
553	1015	0
554	1015	1
555	1015	0
556	1015	0
557	1015	0
558	1015	0
559	1015	0
560	1015	0
561	1015	0
562	1015	0
563	1015	0
564	1015	0
565	1015	0
566	1015	0
567	1015	0
568	1015	0
569	1015	0
570	1015	0
571	1015	0
572	1015	0
573	1015	0
574	1015	0
575	1015	0
576	1015	0
577	1015	1
578	1015	0
579	1015	0
580	1015	0
582	1015	0
583	1015	0
584	1015	0
585	1015	0
586	1015	0
587	1015	1
588	1015	0
589	1015	0
590	1015	0
591	1015	0
592	1015	0
593	1015	0
594	1015	0
595	1015	0
596	1015	0
597	1015	0
598	1015	0
599	1015	0
600	1015	0
601	1015	0
602	1015	0
604	1015	0
605	1015	0
606	1015	0
607	1015	0
608	1015	0
609	1015	0
611	1015	0
612	1015	0
613	1015	0
614	1015	0
615	1015	0
616	1015	0
617	1015	0
618	1015	0
620	1015	1
621	1015	0
622	1015	0
624	1015	0
625	1015	0
626	1015	0
627	1015	0
628	1015	0
630	1015	0
631	1015	0
632	1015	0
633	1015	0
635	1015	0
636	1015	0
637	1015	0
640	1015	0
641	1015	0
642	1015	0
643	1015	0
644	1015	0
645	1015	0
646	1015	0
647	1015	0
648	1015	0
649	1015	0
650	1015	1
651	1015	0
652	1015	1
653	1015	0
654	1015	0
655	1015	0
658	1015	0
659	1015	0
661	1015	1
662	1015	0
663	1015	0
664	1015	0
666	1015	1
667	1015	0
668	1015	0
669	1015	0
670	1015	0
671	1015	0
672	1015	0
673	1015	0
674	1015	0
675	1015	0
676	1015	0
680	1015	0
682	1015	0
683	1015	0
684	1015	0
685	1015	0
686	1015	0
688	1015	0
689	1015	0
690	1015	0
691	1015	1
692	1015	0
693	1015	1
694	1015	1
695	1015	1
696	1015	0
697	1015	0
698	1015	0
699	1015	0
700	1015	0
701	1015	0
702	1015	0
703	1015	0
704	1015	1
705	1015	0
706	1015	0
707	1015	0
708	1015	0
709	1015	0
710	1015	0
711	1015	0
713	1015	1
714	1015	0
715	1015	0
716	1015	0
717	1015	0
718	1015	0
720	1015	0
721	1015	0
722	1015	0
728	1015	0
730	1015	0
731	1015	0
732	1015	0
733	1015	0
734	1015	0
735	1015	0
736	1015	0
737	1015	0
738	1015	0
739	1015	0
740	1015	0
741	1015	0
742	1015	0
744	1015	0
745	1015	0
746	1015	0
747	1015	1
748	1015	1
749	1015	0
750	1015	0
751	1015	0
752	1015	0
753	1015	0
754	1015	0
755	1015	0
756	1015	1
757	1015	0
758	1015	0
759	1015	0
760	1015	0
761	1015	0
762	1015	1
763	1015	1
764	1015	0
765	1015	0
766	1015	0
767	1015	0
768	1015	0
769	1015	0
770	1015	0
771	1015	0
772	1015	0
773	1015	0
774	1015	1
775	1015	0
776	1015	0
777	1015	0
778	1015	0
779	1015	1
780	1015	0
783	1015	0
784	1015	0
785	1015	0
786	1015	0
787	1015	0
788	1015	0
789	1015	0
790	1015	1
791	1015	0
794	1015	0
796	1015	0
797	1015	0
798	1015	0
799	1015	0
800	1015	0
801	1015	0
802	1015	0
803	1015	0
804	1015	0
806	1015	0
807	1015	0
808	1015	0
809	1015	0
810	1015	0
811	1015	0
814	1015	0
816	1015	0
817	1015	0
819	1015	0
820	1015	0
821	1015	0
824	1015	0
825	1015	0
827	1015	1
828	1015	1
830	1015	1
831	1015	1
832	1015	1
833	1015	1
834	1015	1
835	1015	0
836	1015	0
837	1015	0
839	1015	0
840	1015	0
841	1015	0
843	1015	0
844	1015	0
845	1015	0
846	1015	0
847	1015	0
848	1015	0
849	1015	0
850	1015	0
851	1015	0
852	1015	0
853	1015	0
854	1015	0
855	1015	0
856	1015	0
857	1015	1
858	1015	0
859	1015	0
860	1015	0
861	1015	0
862	1015	0
863	1015	0
864	1015	0
865	1015	0
866	1015	1
867	1015	0
868	1015	0
869	1015	0
870	1015	0
872	1015	0
873	1015	0
874	1015	0
875	1015	0
876	1015	0
877	1015	0
879	1015	0
880	1015	0
881	1015	0
882	1015	0
883	1015	0
884	1015	0
885	1015	0
886	1015	0
887	1015	0
888	1015	0
889	1015	0
890	1015	0
891	1015	1
892	1015	0
893	1015	0
894	1015	1
895	1015	0
896	1015	0
897	1015	0
898	1015	0
900	1015	0
901	1015	0
902	1015	0
903	1015	0
904	1015	0
905	1015	0
906	1015	0
907	1015	0
908	1015	0
909	1015	0
911	1015	0
912	1015	0
913	1015	0
914	1015	0
916	1015	0
917	1015	1
918	1015	0
919	1015	0
920	1015	0
921	1015	0
922	1015	0
923	1015	0
924	1015	0
925	1015	0
927	1015	0
928	1015	0
930	1015	0
931	1015	0
933	1015	0
934	1015	0
936	1015	0
937	1015	0
939	1015	0
940	1015	1
941	1015	0
942	1015	0
943	1015	0
944	1015	0
945	1015	0
946	1015	0
947	1015	0
948	1015	0
949	1015	0
950	1015	0
952	1015	0
953	1015	0
954	1015	0
955	1015	0
956	1015	0
958	1015	0
961	1015	0
962	1015	0
963	1015	0
964	1015	0
965	1015	1
966	1015	0
967	1015	1
