0	1110	0
1	1110	0
2	1110	0
3	1110	0
4	1110	0
5	1110	0
6	1110	0
7	1110	0
8	1110	0
9	1110	0
10	1110	0
11	1110	0
12	1110	0
13	1110	0
14	1110	1
15	1110	0
16	1110	0
17	1110	0
18	1110	1
19	1110	1
20	1110	0
21	1110	0
22	1110	0
23	1110	0
24	1110	0
26	1110	0
27	1110	0
28	1110	0
29	1110	0
30	1110	0
31	1110	0
32	1110	1
33	1110	0
34	1110	1
35	1110	0
36	1110	0
37	1110	0
38	1110	0
39	1110	0
40	1110	0
42	1110	0
43	1110	0
44	1110	0
45	1110	0
46	1110	0
47	1110	1
48	1110	0
49	1110	0
50	1110	0
51	1110	0
52	1110	0
53	1110	1
54	1110	0
55	1110	0
56	1110	0
57	1110	0
58	1110	0
59	1110	1
60	1110	0
61	1110	0
62	1110	0
64	1110	1
65	1110	0
66	1110	0
67	1110	0
68	1110	0
69	1110	0
70	1110	0
71	1110	1
72	1110	0
73	1110	0
74	1110	0
75	1110	0
76	1110	0
77	1110	0
78	1110	0
79	1110	0
80	1110	0
81	1110	0
82	1110	0
83	1110	0
84	1110	0
85	1110	0
86	1110	0
87	1110	1
88	1110	0
89	1110	0
90	1110	0
91	1110	0
92	1110	0
93	1110	0
94	1110	0
95	1110	0
96	1110	1
97	1110	0
98	1110	0
99	1110	0
100	1110	0
101	1110	0
102	1110	0
103	1110	0
104	1110	0
105	1110	0
106	1110	0
109	1110	0
111	1110	0
112	1110	0
113	1110	0
114	1110	0
115	1110	0
116	1110	0
117	1110	0
118	1110	0
119	1110	0
120	1110	0
121	1110	0
122	1110	0
123	1110	0
124	1110	0
125	1110	0
126	1110	0
127	1110	0
129	1110	0
130	1110	0
131	1110	0
132	1110	1
133	1110	0
134	1110	0
136	1110	0
137	1110	1
138	1110	1
139	1110	0
140	1110	0
141	1110	0
142	1110	0
143	1110	0
144	1110	0
145	1110	0
146	1110	0
147	1110	0
148	1110	0
149	1110	0
150	1110	0
151	1110	0
152	1110	0
153	1110	0
154	1110	0
155	1110	0
156	1110	0
157	1110	0
158	1110	0
159	1110	0
160	1110	0
161	1110	0
162	1110	0
163	1110	1
165	1110	0
166	1110	0
167	1110	0
168	1110	0
169	1110	0
170	1110	1
171	1110	0
172	1110	1
173	1110	0
174	1110	0
175	1110	0
177	1110	0
178	1110	0
179	1110	0
180	1110	0
182	1110	0
183	1110	0
184	1110	1
185	1110	0
186	1110	0
187	1110	0
188	1110	1
189	1110	0
190	1110	0
191	1110	0
192	1110	0
193	1110	0
194	1110	0
195	1110	0
196	1110	0
197	1110	0
198	1110	0
199	1110	0
200	1110	0
201	1110	0
202	1110	0
203	1110	0
204	1110	0
206	1110	1
207	1110	0
208	1110	0
210	1110	0
211	1110	0
212	1110	0
213	1110	0
214	1110	1
215	1110	0
216	1110	0
217	1110	0
218	1110	0
219	1110	0
220	1110	0
222	1110	0
223	1110	0
224	1110	0
225	1110	0
226	1110	0
227	1110	1
228	1110	0
229	1110	0
230	1110	0
231	1110	0
232	1110	0
233	1110	0
234	1110	1
235	1110	0
236	1110	0
237	1110	0
238	1110	0
239	1110	0
240	1110	0
241	1110	0
242	1110	0
244	1110	0
245	1110	0
247	1110	0
248	1110	0
249	1110	0
250	1110	0
251	1110	1
252	1110	0
253	1110	1
254	1110	0
255	1110	0
256	1110	0
258	1110	0
259	1110	0
260	1110	0
261	1110	0
262	1110	0
263	1110	0
264	1110	0
265	1110	0
266	1110	0
267	1110	0
268	1110	0
269	1110	0
270	1110	0
271	1110	0
272	1110	0
273	1110	0
274	1110	0
275	1110	0
276	1110	0
277	1110	0
278	1110	0
279	1110	0
280	1110	1
281	1110	0
282	1110	0
283	1110	0
284	1110	0
285	1110	0
286	1110	0
287	1110	1
288	1110	0
289	1110	0
290	1110	1
291	1110	0
292	1110	0
293	1110	0
294	1110	0
295	1110	0
296	1110	0
297	1110	0
298	1110	0
299	1110	0
300	1110	0
301	1110	0
302	1110	0
303	1110	0
304	1110	0
305	1110	0
306	1110	0
307	1110	0
308	1110	0
309	1110	0
310	1110	0
311	1110	0
312	1110	0
313	1110	0
314	1110	0
315	1110	0
316	1110	0
317	1110	0
318	1110	0
319	1110	0
320	1110	0
321	1110	0
322	1110	0
323	1110	0
324	1110	0
325	1110	0
326	1110	0
327	1110	0
328	1110	0
329	1110	0
330	1110	0
331	1110	0
333	1110	0
335	1110	0
336	1110	0
337	1110	0
338	1110	0
339	1110	0
340	1110	0
342	1110	0
343	1110	0
344	1110	0
346	1110	0
347	1110	0
348	1110	1
349	1110	0
350	1110	0
351	1110	0
352	1110	0
354	1110	0
355	1110	0
357	1110	0
358	1110	0
359	1110	0
360	1110	0
361	1110	1
363	1110	1
364	1110	0
365	1110	1
366	1110	0
367	1110	0
368	1110	0
371	1110	0
372	1110	0
373	1110	1
374	1110	1
377	1110	1
378	1110	0
379	1110	0
380	1110	0
381	1110	0
382	1110	0
383	1110	0
384	1110	0
385	1110	0
386	1110	1
387	1110	0
388	1110	0
389	1110	0
390	1110	0
391	1110	0
393	1110	0
394	1110	0
395	1110	1
396	1110	0
398	1110	0
399	1110	0
400	1110	0
401	1110	0
402	1110	0
403	1110	0
404	1110	1
405	1110	0
406	1110	0
407	1110	0
408	1110	0
409	1110	0
410	1110	0
411	1110	0
412	1110	0
413	1110	0
414	1110	0
415	1110	0
416	1110	0
417	1110	0
418	1110	0
419	1110	0
420	1110	0
421	1110	0
422	1110	0
423	1110	0
424	1110	1
425	1110	0
426	1110	0
427	1110	0
428	1110	0
429	1110	0
431	1110	0
432	1110	0
433	1110	0
434	1110	0
435	1110	0
436	1110	0
437	1110	0
438	1110	0
439	1110	0
440	1110	0
441	1110	0
442	1110	0
443	1110	0
444	1110	0
445	1110	0
446	1110	0
447	1110	0
448	1110	0
449	1110	0
450	1110	0
451	1110	0
452	1110	0
453	1110	0
454	1110	1
455	1110	0
456	1110	0
457	1110	0
458	1110	0
459	1110	0
460	1110	0
461	1110	0
462	1110	0
463	1110	1
464	1110	1
465	1110	0
466	1110	0
467	1110	0
468	1110	0
469	1110	0
470	1110	0
471	1110	0
472	1110	0
473	1110	0
474	1110	0
475	1110	0
476	1110	1
477	1110	0
478	1110	1
480	1110	1
481	1110	0
482	1110	0
483	1110	0
484	1110	0
485	1110	0
486	1110	0
487	1110	0
489	1110	1
490	1110	0
491	1110	0
492	1110	0
493	1110	0
495	1110	0
496	1110	1
497	1110	1
499	1110	0
500	1110	0
501	1110	0
502	1110	0
503	1110	1
505	1110	1
506	1110	1
508	1110	0
509	1110	0
510	1110	0
511	1110	0
512	1110	0
513	1110	0
514	1110	0
515	1110	1
516	1110	1
517	1110	1
518	1110	1
519	1110	1
520	1110	1
521	1110	1
522	1110	0
523	1110	0
524	1110	0
525	1110	0
526	1110	0
527	1110	0
528	1110	0
529	1110	0
531	1110	0
533	1110	0
534	1110	0
536	1110	0
537	1110	0
538	1110	0
540	1110	0
541	1110	0
542	1110	0
543	1110	0
544	1110	0
546	1110	0
547	1110	0
548	1110	0
549	1110	0
550	1110	0
551	1110	0
553	1110	0
554	1110	0
555	1110	0
556	1110	0
557	1110	0
558	1110	0
559	1110	0
560	1110	1
561	1110	0
562	1110	0
563	1110	0
564	1110	0
565	1110	0
566	1110	0
567	1110	0
568	1110	0
569	1110	0
570	1110	0
571	1110	0
572	1110	0
573	1110	0
574	1110	0
575	1110	0
576	1110	0
577	1110	0
578	1110	0
579	1110	0
580	1110	0
582	1110	0
583	1110	0
584	1110	0
585	1110	0
586	1110	0
587	1110	0
588	1110	1
589	1110	0
590	1110	0
591	1110	0
592	1110	0
593	1110	0
594	1110	0
595	1110	0
596	1110	0
597	1110	0
598	1110	0
599	1110	0
600	1110	0
601	1110	0
602	1110	0
604	1110	0
605	1110	1
606	1110	0
607	1110	0
608	1110	0
609	1110	0
611	1110	0
612	1110	0
613	1110	0
614	1110	1
615	1110	0
616	1110	0
617	1110	0
618	1110	0
619	1110	0
620	1110	0
621	1110	0
622	1110	0
624	1110	0
625	1110	0
626	1110	0
627	1110	0
628	1110	0
630	1110	0
631	1110	0
632	1110	0
633	1110	0
635	1110	0
636	1110	0
637	1110	0
640	1110	1
641	1110	0
642	1110	0
643	1110	0
644	1110	0
645	1110	1
646	1110	0
647	1110	0
648	1110	0
649	1110	0
650	1110	0
651	1110	0
652	1110	1
653	1110	0
654	1110	1
655	1110	0
656	1110	1
657	1110	1
658	1110	0
659	1110	0
660	1110	0
661	1110	1
662	1110	1
663	1110	1
664	1110	1
666	1110	0
667	1110	0
668	1110	0
669	1110	0
670	1110	0
671	1110	0
672	1110	0
673	1110	0
674	1110	0
675	1110	0
676	1110	0
677	1110	0
678	1110	0
679	1110	0
680	1110	0
681	1110	0
682	1110	0
683	1110	0
684	1110	0
685	1110	0
686	1110	0
687	1110	0
688	1110	0
689	1110	0
690	1110	0
691	1110	0
692	1110	1
693	1110	0
694	1110	1
695	1110	0
696	1110	0
697	1110	0
698	1110	0
699	1110	0
700	1110	0
701	1110	0
702	1110	0
703	1110	0
704	1110	0
705	1110	0
706	1110	0
707	1110	0
708	1110	0
709	1110	0
710	1110	0
711	1110	0
712	1110	0
713	1110	1
714	1110	0
715	1110	0
716	1110	0
717	1110	0
718	1110	1
719	1110	0
720	1110	0
721	1110	0
722	1110	0
723	1110	0
724	1110	0
725	1110	0
726	1110	0
727	1110	0
728	1110	0
730	1110	0
731	1110	0
732	1110	0
733	1110	0
734	1110	0
735	1110	0
736	1110	0
737	1110	1
738	1110	0
739	1110	0
740	1110	0
741	1110	1
742	1110	1
743	1110	0
744	1110	0
745	1110	0
746	1110	0
747	1110	0
748	1110	1
749	1110	0
750	1110	0
751	1110	0
752	1110	1
753	1110	0
754	1110	0
755	1110	0
756	1110	0
757	1110	0
758	1110	0
759	1110	0
760	1110	0
761	1110	0
762	1110	0
763	1110	0
764	1110	0
765	1110	0
767	1110	0
768	1110	0
769	1110	0
770	1110	0
771	1110	0
772	1110	1
773	1110	0
774	1110	1
775	1110	0
776	1110	0
777	1110	0
778	1110	0
779	1110	1
780	1110	0
782	1110	0
783	1110	0
784	1110	0
785	1110	0
786	1110	0
787	1110	0
788	1110	1
789	1110	1
790	1110	0
791	1110	1
793	1110	0
794	1110	0
795	1110	0
796	1110	0
797	1110	0
798	1110	0
799	1110	0
800	1110	0
801	1110	0
802	1110	0
803	1110	0
804	1110	0
806	1110	0
807	1110	0
808	1110	0
809	1110	0
810	1110	0
811	1110	0
812	1110	0
813	1110	0
814	1110	0
816	1110	0
817	1110	0
818	1110	1
819	1110	0
820	1110	0
821	1110	0
822	1110	0
823	1110	0
824	1110	0
825	1110	0
826	1110	0
827	1110	0
828	1110	0
829	1110	1
830	1110	1
831	1110	0
832	1110	1
833	1110	1
834	1110	1
835	1110	0
836	1110	1
837	1110	1
839	1110	0
840	1110	0
841	1110	0
842	1110	0
843	1110	1
844	1110	0
845	1110	0
846	1110	0
847	1110	0
848	1110	0
849	1110	0
850	1110	0
851	1110	0
852	1110	0
853	1110	0
854	1110	0
855	1110	0
856	1110	0
857	1110	0
858	1110	0
859	1110	0
860	1110	0
861	1110	0
862	1110	0
863	1110	0
864	1110	0
865	1110	0
866	1110	0
867	1110	0
868	1110	0
869	1110	0
870	1110	0
872	1110	0
873	1110	0
874	1110	0
875	1110	0
876	1110	0
877	1110	0
878	1110	0
879	1110	0
880	1110	0
881	1110	0
882	1110	0
883	1110	0
884	1110	0
885	1110	0
886	1110	0
887	1110	0
888	1110	0
889	1110	0
890	1110	0
891	1110	0
892	1110	0
893	1110	0
894	1110	0
895	1110	0
896	1110	0
897	1110	0
898	1110	0
900	1110	0
901	1110	0
902	1110	0
903	1110	0
904	1110	0
905	1110	0
906	1110	0
907	1110	0
908	1110	0
909	1110	0
910	1110	0
911	1110	0
912	1110	1
913	1110	0
914	1110	0
916	1110	0
917	1110	0
918	1110	0
919	1110	0
920	1110	0
921	1110	1
922	1110	0
923	1110	0
924	1110	1
925	1110	0
926	1110	0
927	1110	0
928	1110	0
930	1110	0
931	1110	0
933	1110	0
934	1110	0
935	1110	0
936	1110	0
937	1110	1
938	1110	0
939	1110	0
940	1110	0
941	1110	0
942	1110	0
943	1110	0
944	1110	0
945	1110	0
946	1110	0
947	1110	0
948	1110	0
949	1110	0
950	1110	0
952	1110	0
953	1110	0
954	1110	0
955	1110	0
956	1110	0
958	1110	0
959	1110	0
961	1110	0
962	1110	0
963	1110	1
964	1110	0
965	1110	0
967	1110	0
