0	1111	0
1	1111	0
2	1111	0
3	1111	0
4	1111	0
5	1111	0
6	1111	0
7	1111	0
8	1111	1
9	1111	0
10	1111	0
11	1111	0
12	1111	0
13	1111	0
14	1111	0
15	1111	0
16	1111	0
17	1111	1
18	1111	1
19	1111	0
20	1111	0
21	1111	0
22	1111	0
23	1111	1
24	1111	0
26	1111	0
27	1111	0
28	1111	0
29	1111	0
30	1111	0
31	1111	0
32	1111	1
33	1111	0
34	1111	0
35	1111	0
36	1111	0
37	1111	0
38	1111	0
39	1111	0
40	1111	0
42	1111	0
43	1111	0
44	1111	0
45	1111	1
46	1111	0
47	1111	1
48	1111	0
49	1111	0
50	1111	0
51	1111	1
52	1111	0
53	1111	0
54	1111	0
55	1111	0
56	1111	0
57	1111	0
58	1111	0
59	1111	1
60	1111	0
61	1111	0
62	1111	0
64	1111	1
65	1111	0
66	1111	0
67	1111	0
68	1111	0
69	1111	0
70	1111	1
71	1111	0
72	1111	0
73	1111	0
74	1111	0
75	1111	1
76	1111	0
77	1111	0
78	1111	0
79	1111	0
80	1111	0
81	1111	0
82	1111	0
83	1111	0
84	1111	0
85	1111	0
86	1111	0
87	1111	1
88	1111	0
89	1111	0
90	1111	0
91	1111	0
92	1111	0
93	1111	0
94	1111	0
95	1111	0
96	1111	0
97	1111	0
98	1111	0
99	1111	0
100	1111	0
101	1111	0
102	1111	0
103	1111	0
104	1111	0
105	1111	0
106	1111	0
109	1111	1
111	1111	0
112	1111	0
113	1111	0
114	1111	0
115	1111	0
116	1111	0
117	1111	0
118	1111	0
119	1111	0
120	1111	0
121	1111	0
122	1111	0
123	1111	1
124	1111	1
125	1111	0
126	1111	0
127	1111	0
129	1111	0
130	1111	0
131	1111	0
132	1111	0
133	1111	0
134	1111	0
136	1111	0
137	1111	0
138	1111	1
139	1111	0
140	1111	1
141	1111	0
142	1111	0
143	1111	0
144	1111	0
145	1111	0
146	1111	0
147	1111	0
148	1111	0
149	1111	0
150	1111	1
151	1111	1
152	1111	0
153	1111	0
154	1111	1
155	1111	0
156	1111	0
157	1111	0
158	1111	1
159	1111	0
160	1111	0
161	1111	0
162	1111	0
163	1111	0
165	1111	0
166	1111	0
167	1111	0
168	1111	0
169	1111	0
170	1111	0
171	1111	0
172	1111	1
173	1111	0
174	1111	0
175	1111	0
177	1111	0
178	1111	0
179	1111	0
180	1111	0
182	1111	0
183	1111	0
184	1111	1
185	1111	0
186	1111	0
187	1111	0
189	1111	1
190	1111	0
191	1111	1
192	1111	0
193	1111	0
194	1111	1
195	1111	0
196	1111	1
197	1111	0
198	1111	0
199	1111	0
200	1111	0
201	1111	0
202	1111	0
203	1111	0
204	1111	0
206	1111	0
207	1111	0
208	1111	0
210	1111	0
211	1111	0
212	1111	1
213	1111	0
214	1111	1
215	1111	0
216	1111	0
217	1111	0
218	1111	0
219	1111	0
220	1111	0
222	1111	0
223	1111	1
224	1111	0
225	1111	0
226	1111	0
227	1111	1
228	1111	0
229	1111	0
230	1111	0
231	1111	0
232	1111	0
233	1111	0
234	1111	0
235	1111	0
236	1111	0
237	1111	0
238	1111	0
239	1111	0
240	1111	0
241	1111	0
242	1111	0
244	1111	0
245	1111	0
246	1111	0
247	1111	0
248	1111	0
249	1111	0
250	1111	0
251	1111	0
252	1111	0
253	1111	0
254	1111	0
255	1111	1
256	1111	0
258	1111	0
259	1111	0
260	1111	0
261	1111	0
262	1111	0
263	1111	1
264	1111	0
265	1111	0
266	1111	0
267	1111	0
268	1111	0
269	1111	0
270	1111	0
271	1111	0
272	1111	0
274	1111	0
275	1111	0
276	1111	0
277	1111	0
278	1111	0
279	1111	0
280	1111	1
281	1111	0
282	1111	0
283	1111	0
284	1111	0
285	1111	0
286	1111	0
287	1111	0
288	1111	0
289	1111	1
290	1111	0
291	1111	0
292	1111	0
293	1111	0
294	1111	0
295	1111	0
296	1111	0
297	1111	0
298	1111	0
299	1111	0
300	1111	0
301	1111	0
302	1111	0
303	1111	1
304	1111	0
305	1111	0
306	1111	0
307	1111	0
308	1111	0
309	1111	0
310	1111	0
311	1111	0
312	1111	0
313	1111	0
314	1111	0
315	1111	0
316	1111	0
317	1111	0
318	1111	0
319	1111	0
320	1111	0
321	1111	0
322	1111	0
323	1111	0
324	1111	0
325	1111	0
326	1111	0
327	1111	1
328	1111	1
329	1111	0
330	1111	0
331	1111	0
333	1111	0
335	1111	0
336	1111	0
337	1111	0
338	1111	0
339	1111	0
340	1111	0
341	1111	0
342	1111	0
343	1111	0
344	1111	0
346	1111	0
347	1111	0
348	1111	0
349	1111	0
350	1111	0
351	1111	0
352	1111	0
354	1111	0
355	1111	0
357	1111	0
358	1111	0
359	1111	1
360	1111	0
361	1111	0
363	1111	1
364	1111	0
365	1111	1
366	1111	0
367	1111	0
368	1111	0
370	1111	1
371	1111	0
372	1111	0
373	1111	1
374	1111	1
375	1111	1
377	1111	1
378	1111	1
379	1111	0
380	1111	1
381	1111	0
382	1111	0
383	1111	0
384	1111	0
385	1111	0
386	1111	1
387	1111	0
388	1111	0
389	1111	0
390	1111	1
391	1111	0
393	1111	0
394	1111	0
395	1111	1
396	1111	0
398	1111	0
399	1111	0
400	1111	0
401	1111	0
402	1111	0
403	1111	0
404	1111	1
405	1111	0
406	1111	0
407	1111	0
408	1111	0
409	1111	0
410	1111	0
411	1111	0
412	1111	0
413	1111	0
414	1111	0
415	1111	0
416	1111	0
417	1111	0
418	1111	0
419	1111	0
420	1111	0
421	1111	1
422	1111	0
423	1111	0
424	1111	1
425	1111	0
426	1111	0
427	1111	0
428	1111	0
429	1111	0
431	1111	0
432	1111	0
433	1111	0
434	1111	0
435	1111	0
436	1111	0
437	1111	0
438	1111	1
439	1111	0
440	1111	0
441	1111	0
442	1111	0
443	1111	0
444	1111	0
445	1111	0
446	1111	0
447	1111	0
448	1111	0
449	1111	1
450	1111	0
451	1111	0
452	1111	0
453	1111	0
454	1111	0
455	1111	0
456	1111	0
457	1111	0
458	1111	0
459	1111	0
460	1111	0
461	1111	0
462	1111	0
463	1111	0
464	1111	1
465	1111	0
466	1111	0
467	1111	0
468	1111	0
469	1111	0
470	1111	0
471	1111	0
472	1111	0
473	1111	1
474	1111	1
475	1111	0
476	1111	0
477	1111	0
478	1111	1
480	1111	0
481	1111	0
482	1111	0
483	1111	0
484	1111	0
485	1111	0
486	1111	0
487	1111	0
489	1111	0
490	1111	0
491	1111	0
492	1111	0
493	1111	0
495	1111	0
496	1111	0
497	1111	0
499	1111	0
500	1111	0
501	1111	0
502	1111	0
503	1111	1
505	1111	1
506	1111	1
508	1111	0
509	1111	0
510	1111	0
511	1111	0
512	1111	0
513	1111	0
514	1111	1
515	1111	0
516	1111	0
517	1111	0
518	1111	1
519	1111	0
520	1111	1
521	1111	0
522	1111	0
523	1111	0
524	1111	0
525	1111	0
526	1111	1
527	1111	0
528	1111	0
529	1111	1
531	1111	0
533	1111	0
534	1111	0
536	1111	0
537	1111	0
538	1111	0
540	1111	0
541	1111	0
542	1111	0
543	1111	0
544	1111	0
546	1111	0
547	1111	0
548	1111	0
549	1111	0
550	1111	0
551	1111	0
553	1111	0
554	1111	0
555	1111	0
556	1111	0
557	1111	0
558	1111	1
559	1111	0
560	1111	0
561	1111	0
562	1111	0
563	1111	0
564	1111	0
565	1111	0
566	1111	0
567	1111	0
568	1111	0
569	1111	0
570	1111	0
571	1111	0
572	1111	0
574	1111	0
575	1111	0
576	1111	0
577	1111	0
578	1111	0
579	1111	0
580	1111	0
582	1111	0
583	1111	0
584	1111	0
585	1111	0
586	1111	0
587	1111	0
588	1111	0
589	1111	0
590	1111	0
591	1111	0
592	1111	0
593	1111	0
594	1111	0
595	1111	0
596	1111	0
597	1111	0
598	1111	0
599	1111	0
600	1111	0
601	1111	0
602	1111	0
604	1111	0
605	1111	0
606	1111	0
607	1111	0
608	1111	0
609	1111	0
611	1111	0
612	1111	0
613	1111	0
614	1111	0
615	1111	0
616	1111	0
617	1111	0
618	1111	0
619	1111	0
620	1111	0
621	1111	0
622	1111	0
624	1111	0
625	1111	0
626	1111	0
627	1111	0
628	1111	0
630	1111	0
631	1111	0
632	1111	0
633	1111	0
635	1111	0
636	1111	0
637	1111	1
640	1111	0
641	1111	0
642	1111	0
643	1111	0
644	1111	0
645	1111	1
646	1111	0
647	1111	0
648	1111	0
649	1111	0
650	1111	0
651	1111	0
652	1111	1
653	1111	0
654	1111	0
655	1111	0
656	1111	0
657	1111	0
658	1111	0
659	1111	0
660	1111	0
661	1111	1
662	1111	1
663	1111	0
664	1111	1
666	1111	0
667	1111	1
668	1111	0
669	1111	0
670	1111	0
671	1111	0
672	1111	0
673	1111	0
674	1111	0
675	1111	0
676	1111	0
677	1111	0
678	1111	0
679	1111	0
680	1111	0
681	1111	0
682	1111	0
683	1111	0
684	1111	0
685	1111	0
686	1111	0
687	1111	0
688	1111	0
689	1111	0
690	1111	0
691	1111	0
692	1111	1
693	1111	1
694	1111	1
695	1111	1
696	1111	0
697	1111	0
698	1111	0
699	1111	0
700	1111	0
701	1111	0
702	1111	0
703	1111	0
704	1111	0
705	1111	0
706	1111	0
707	1111	0
708	1111	0
709	1111	0
710	1111	0
711	1111	0
712	1111	0
713	1111	0
714	1111	0
715	1111	0
716	1111	0
717	1111	0
718	1111	1
719	1111	0
720	1111	0
721	1111	0
722	1111	0
723	1111	0
724	1111	0
725	1111	0
726	1111	0
727	1111	0
728	1111	0
730	1111	0
731	1111	0
732	1111	0
733	1111	0
734	1111	0
735	1111	0
736	1111	0
737	1111	0
738	1111	0
739	1111	0
740	1111	0
741	1111	0
742	1111	0
743	1111	0
744	1111	0
745	1111	0
746	1111	0
747	1111	0
748	1111	1
749	1111	0
750	1111	0
751	1111	0
752	1111	0
753	1111	1
754	1111	0
755	1111	0
756	1111	0
757	1111	0
758	1111	0
759	1111	1
760	1111	0
761	1111	0
762	1111	0
763	1111	0
764	1111	0
765	1111	0
767	1111	0
768	1111	0
769	1111	0
770	1111	0
771	1111	0
772	1111	0
773	1111	0
774	1111	1
775	1111	0
776	1111	0
777	1111	0
778	1111	0
779	1111	0
780	1111	0
782	1111	0
783	1111	0
784	1111	0
785	1111	0
786	1111	0
787	1111	0
788	1111	0
789	1111	0
790	1111	0
791	1111	0
793	1111	0
794	1111	0
795	1111	0
796	1111	0
797	1111	0
798	1111	0
799	1111	0
800	1111	0
801	1111	0
802	1111	0
803	1111	0
804	1111	0
806	1111	0
807	1111	0
808	1111	0
809	1111	0
810	1111	0
811	1111	0
812	1111	0
813	1111	0
814	1111	0
816	1111	0
817	1111	0
818	1111	0
819	1111	0
820	1111	0
821	1111	0
822	1111	0
823	1111	0
824	1111	0
825	1111	0
826	1111	0
827	1111	0
828	1111	1
829	1111	1
830	1111	1
831	1111	0
832	1111	1
833	1111	1
834	1111	1
835	1111	0
836	1111	0
837	1111	1
839	1111	1
840	1111	0
841	1111	0
842	1111	0
843	1111	0
844	1111	0
845	1111	0
846	1111	0
847	1111	0
848	1111	0
849	1111	0
850	1111	0
851	1111	0
852	1111	0
853	1111	1
854	1111	1
855	1111	0
856	1111	0
857	1111	0
858	1111	0
859	1111	0
860	1111	0
861	1111	0
862	1111	0
863	1111	0
864	1111	0
865	1111	0
866	1111	0
867	1111	0
868	1111	0
869	1111	0
870	1111	1
872	1111	0
873	1111	0
874	1111	0
875	1111	0
876	1111	0
877	1111	0
878	1111	0
879	1111	0
880	1111	0
881	1111	0
882	1111	0
883	1111	0
884	1111	0
885	1111	0
886	1111	0
887	1111	0
888	1111	0
889	1111	0
890	1111	0
891	1111	0
892	1111	0
893	1111	0
894	1111	0
895	1111	1
896	1111	0
897	1111	0
898	1111	0
900	1111	0
901	1111	0
902	1111	0
903	1111	0
904	1111	0
905	1111	0
906	1111	0
907	1111	0
908	1111	1
909	1111	0
910	1111	0
911	1111	0
912	1111	0
913	1111	0
914	1111	0
916	1111	0
917	1111	1
918	1111	0
919	1111	0
920	1111	0
921	1111	0
922	1111	0
923	1111	1
924	1111	0
925	1111	0
926	1111	0
927	1111	0
928	1111	0
930	1111	0
931	1111	0
933	1111	1
934	1111	0
935	1111	0
936	1111	0
937	1111	1
938	1111	0
939	1111	0
940	1111	0
941	1111	0
942	1111	0
943	1111	0
944	1111	0
945	1111	0
946	1111	0
947	1111	1
948	1111	0
949	1111	0
950	1111	0
952	1111	0
953	1111	0
954	1111	0
955	1111	0
956	1111	0
958	1111	1
959	1111	0
961	1111	0
962	1111	0
963	1111	1
964	1111	0
965	1111	1
967	1111	1
