0	1120	0
1	1120	0
2	1120	0
3	1120	0
4	1120	0
5	1120	0
6	1120	0
7	1120	0
8	1120	1
9	1120	0
10	1120	0
11	1120	0
12	1120	0
13	1120	0
14	1120	1
15	1120	0
16	1120	0
17	1120	1
18	1120	0
19	1120	0
20	1120	0
21	1120	0
22	1120	0
23	1120	0
24	1120	0
26	1120	0
27	1120	0
28	1120	0
29	1120	0
30	1120	0
31	1120	1
32	1120	1
33	1120	0
34	1120	0
35	1120	0
36	1120	0
37	1120	0
38	1120	0
39	1120	0
40	1120	0
42	1120	0
43	1120	0
44	1120	0
45	1120	0
46	1120	0
47	1120	1
48	1120	0
49	1120	0
50	1120	0
51	1120	0
52	1120	0
53	1120	0
54	1120	0
55	1120	0
56	1120	0
57	1120	0
58	1120	0
59	1120	1
60	1120	0
61	1120	0
62	1120	0
64	1120	1
65	1120	0
66	1120	0
67	1120	0
68	1120	0
69	1120	0
70	1120	0
71	1120	0
72	1120	0
73	1120	0
74	1120	0
75	1120	0
76	1120	0
77	1120	0
78	1120	0
79	1120	0
80	1120	0
81	1120	0
82	1120	0
83	1120	0
84	1120	0
85	1120	0
86	1120	0
87	1120	0
88	1120	0
89	1120	0
90	1120	0
91	1120	0
92	1120	0
93	1120	0
94	1120	0
95	1120	0
96	1120	0
97	1120	0
98	1120	0
99	1120	0
100	1120	0
101	1120	0
102	1120	0
103	1120	0
104	1120	0
105	1120	0
106	1120	0
109	1120	0
111	1120	0
112	1120	0
113	1120	0
114	1120	0
115	1120	0
116	1120	0
117	1120	0
118	1120	0
119	1120	0
120	1120	0
121	1120	0
122	1120	0
123	1120	0
124	1120	0
125	1120	0
126	1120	0
127	1120	0
129	1120	0
130	1120	0
131	1120	0
132	1120	0
133	1120	0
134	1120	0
136	1120	0
137	1120	0
138	1120	0
139	1120	0
140	1120	1
141	1120	0
142	1120	0
143	1120	0
144	1120	0
145	1120	0
146	1120	0
147	1120	0
148	1120	0
149	1120	0
150	1120	0
151	1120	1
152	1120	0
153	1120	0
154	1120	0
155	1120	0
156	1120	0
157	1120	0
158	1120	1
159	1120	0
160	1120	1
161	1120	0
162	1120	0
163	1120	0
165	1120	0
166	1120	0
167	1120	0
168	1120	0
169	1120	0
170	1120	0
171	1120	0
172	1120	0
173	1120	1
174	1120	0
175	1120	0
177	1120	0
178	1120	0
179	1120	0
180	1120	0
182	1120	0
183	1120	0
184	1120	1
185	1120	0
186	1120	0
187	1120	0
188	1120	1
189	1120	0
190	1120	0
191	1120	1
192	1120	0
193	1120	0
194	1120	1
195	1120	0
196	1120	1
197	1120	0
198	1120	0
199	1120	1
200	1120	0
201	1120	0
202	1120	0
203	1120	0
204	1120	0
206	1120	0
207	1120	0
208	1120	0
210	1120	0
211	1120	0
212	1120	0
213	1120	0
214	1120	0
215	1120	0
216	1120	0
217	1120	0
218	1120	0
219	1120	0
220	1120	0
222	1120	0
223	1120	0
224	1120	1
225	1120	0
226	1120	0
227	1120	1
228	1120	1
229	1120	0
230	1120	0
231	1120	0
232	1120	0
233	1120	0
234	1120	1
235	1120	0
236	1120	0
237	1120	0
238	1120	0
239	1120	0
240	1120	0
241	1120	0
242	1120	0
244	1120	0
245	1120	0
247	1120	0
248	1120	0
249	1120	0
250	1120	0
251	1120	0
252	1120	0
253	1120	0
254	1120	0
255	1120	0
256	1120	0
258	1120	0
259	1120	0
260	1120	0
261	1120	0
262	1120	0
263	1120	0
264	1120	0
265	1120	0
266	1120	0
267	1120	0
268	1120	0
269	1120	0
270	1120	0
271	1120	0
272	1120	0
273	1120	0
274	1120	0
275	1120	0
276	1120	0
277	1120	0
278	1120	0
279	1120	0
280	1120	0
281	1120	0
282	1120	0
283	1120	0
284	1120	0
285	1120	0
286	1120	0
287	1120	0
288	1120	0
289	1120	0
290	1120	0
291	1120	0
292	1120	0
293	1120	0
294	1120	0
295	1120	0
296	1120	0
297	1120	0
298	1120	0
299	1120	0
300	1120	0
301	1120	0
302	1120	0
303	1120	0
304	1120	0
305	1120	0
306	1120	0
307	1120	0
308	1120	0
309	1120	0
310	1120	0
311	1120	0
312	1120	0
313	1120	0
314	1120	0
315	1120	0
316	1120	0
317	1120	0
318	1120	0
319	1120	0
320	1120	0
321	1120	0
322	1120	0
323	1120	0
324	1120	0
325	1120	0
326	1120	0
327	1120	0
328	1120	1
329	1120	0
330	1120	0
331	1120	0
333	1120	0
335	1120	1
336	1120	0
337	1120	0
338	1120	0
339	1120	0
340	1120	0
342	1120	0
343	1120	0
344	1120	0
346	1120	0
347	1120	0
348	1120	0
349	1120	0
350	1120	0
351	1120	0
352	1120	0
354	1120	0
355	1120	0
357	1120	0
358	1120	0
359	1120	0
360	1120	0
361	1120	0
363	1120	1
364	1120	0
365	1120	1
366	1120	0
367	1120	0
368	1120	0
371	1120	0
372	1120	0
373	1120	1
374	1120	0
377	1120	0
378	1120	0
379	1120	0
380	1120	1
381	1120	1
382	1120	1
383	1120	0
384	1120	0
385	1120	0
386	1120	0
387	1120	0
388	1120	0
389	1120	0
390	1120	0
391	1120	0
393	1120	0
394	1120	0
395	1120	0
396	1120	0
398	1120	0
399	1120	0
400	1120	0
401	1120	0
402	1120	0
403	1120	0
404	1120	0
405	1120	0
406	1120	0
407	1120	0
408	1120	0
409	1120	0
410	1120	0
411	1120	0
412	1120	0
413	1120	0
414	1120	0
415	1120	1
416	1120	0
417	1120	0
418	1120	0
419	1120	0
420	1120	0
421	1120	0
422	1120	0
423	1120	0
424	1120	1
425	1120	0
426	1120	0
427	1120	0
428	1120	0
429	1120	0
431	1120	0
432	1120	0
433	1120	0
434	1120	0
435	1120	1
436	1120	0
437	1120	0
438	1120	0
439	1120	0
440	1120	0
441	1120	0
442	1120	0
443	1120	0
444	1120	0
445	1120	0
446	1120	0
447	1120	0
448	1120	0
449	1120	0
450	1120	0
451	1120	0
452	1120	0
453	1120	0
454	1120	0
455	1120	0
456	1120	1
457	1120	0
458	1120	0
459	1120	0
460	1120	0
461	1120	0
462	1120	0
463	1120	0
464	1120	0
465	1120	0
466	1120	0
467	1120	0
468	1120	0
469	1120	0
470	1120	0
471	1120	0
472	1120	0
473	1120	0
474	1120	0
475	1120	0
476	1120	0
477	1120	0
478	1120	1
480	1120	0
481	1120	0
482	1120	0
483	1120	0
484	1120	0
485	1120	0
486	1120	0
487	1120	0
489	1120	0
490	1120	0
491	1120	0
492	1120	0
493	1120	1
495	1120	0
496	1120	0
497	1120	0
499	1120	0
500	1120	0
501	1120	0
502	1120	0
503	1120	1
505	1120	0
506	1120	0
508	1120	0
509	1120	1
510	1120	0
511	1120	0
512	1120	0
513	1120	0
514	1120	1
515	1120	1
516	1120	0
517	1120	0
518	1120	0
519	1120	1
520	1120	0
521	1120	1
522	1120	0
523	1120	0
524	1120	0
525	1120	1
526	1120	0
528	1120	0
529	1120	0
531	1120	0
533	1120	0
534	1120	0
536	1120	0
537	1120	0
538	1120	0
540	1120	0
541	1120	0
542	1120	0
543	1120	0
544	1120	0
546	1120	0
547	1120	0
548	1120	0
549	1120	0
550	1120	0
551	1120	0
553	1120	0
554	1120	0
555	1120	0
556	1120	0
557	1120	0
558	1120	0
559	1120	0
560	1120	1
561	1120	0
562	1120	0
563	1120	0
564	1120	0
565	1120	0
566	1120	0
567	1120	0
568	1120	0
569	1120	0
570	1120	0
571	1120	0
572	1120	0
573	1120	0
574	1120	0
575	1120	0
576	1120	0
577	1120	0
578	1120	0
579	1120	0
580	1120	0
582	1120	0
583	1120	0
584	1120	0
585	1120	0
586	1120	0
587	1120	0
588	1120	0
589	1120	0
590	1120	0
591	1120	0
592	1120	0
593	1120	1
594	1120	0
595	1120	0
596	1120	0
597	1120	0
598	1120	0
599	1120	0
600	1120	0
601	1120	0
602	1120	0
604	1120	0
605	1120	0
606	1120	0
607	1120	0
608	1120	0
609	1120	0
611	1120	0
612	1120	0
613	1120	0
614	1120	0
615	1120	0
616	1120	0
617	1120	0
618	1120	0
619	1120	0
620	1120	0
621	1120	0
622	1120	0
624	1120	0
625	1120	0
626	1120	1
627	1120	0
628	1120	0
630	1120	0
631	1120	0
632	1120	0
633	1120	0
635	1120	0
636	1120	0
637	1120	1
640	1120	0
641	1120	0
642	1120	0
643	1120	0
644	1120	0
645	1120	1
646	1120	0
647	1120	0
648	1120	0
649	1120	0
650	1120	1
651	1120	0
652	1120	0
653	1120	0
654	1120	0
655	1120	0
656	1120	1
657	1120	0
658	1120	0
659	1120	0
660	1120	0
661	1120	0
662	1120	0
663	1120	1
664	1120	1
666	1120	0
667	1120	0
668	1120	0
669	1120	0
670	1120	0
671	1120	1
672	1120	0
673	1120	0
674	1120	0
675	1120	0
676	1120	0
677	1120	0
678	1120	0
679	1120	0
680	1120	0
681	1120	0
682	1120	0
683	1120	0
684	1120	0
685	1120	0
686	1120	0
687	1120	0
688	1120	0
689	1120	0
690	1120	0
691	1120	0
692	1120	1
693	1120	0
694	1120	1
695	1120	1
696	1120	0
697	1120	0
698	1120	0
699	1120	0
700	1120	0
701	1120	0
702	1120	0
703	1120	0
704	1120	0
705	1120	0
706	1120	0
707	1120	0
708	1120	0
709	1120	0
710	1120	0
711	1120	0
712	1120	0
713	1120	0
714	1120	0
715	1120	0
716	1120	0
717	1120	0
718	1120	1
719	1120	0
720	1120	0
721	1120	1
722	1120	0
723	1120	0
724	1120	0
725	1120	0
726	1120	0
727	1120	0
728	1120	0
730	1120	0
731	1120	0
732	1120	0
733	1120	0
734	1120	0
735	1120	0
736	1120	0
737	1120	0
738	1120	1
739	1120	0
740	1120	0
741	1120	0
742	1120	0
743	1120	0
744	1120	0
745	1120	0
746	1120	0
747	1120	0
748	1120	0
749	1120	0
750	1120	1
751	1120	1
752	1120	0
753	1120	0
754	1120	0
755	1120	0
756	1120	0
757	1120	0
758	1120	0
759	1120	1
760	1120	0
761	1120	0
762	1120	0
763	1120	0
764	1120	0
765	1120	0
767	1120	0
768	1120	0
769	1120	0
770	1120	0
771	1120	0
772	1120	0
773	1120	0
774	1120	0
775	1120	0
776	1120	0
777	1120	0
778	1120	0
779	1120	0
780	1120	0
782	1120	0
783	1120	0
784	1120	1
785	1120	0
786	1120	0
787	1120	0
788	1120	0
789	1120	0
790	1120	0
791	1120	0
793	1120	0
794	1120	0
795	1120	0
796	1120	0
797	1120	0
798	1120	0
799	1120	0
800	1120	0
801	1120	0
802	1120	1
803	1120	0
804	1120	0
806	1120	0
807	1120	0
808	1120	0
809	1120	0
810	1120	0
811	1120	0
812	1120	0
813	1120	0
814	1120	0
816	1120	1
817	1120	0
818	1120	0
819	1120	0
820	1120	0
821	1120	0
822	1120	0
823	1120	0
824	1120	0
825	1120	0
826	1120	0
827	1120	1
828	1120	0
829	1120	0
830	1120	1
831	1120	0
832	1120	1
833	1120	0
834	1120	0
835	1120	0
836	1120	0
837	1120	1
839	1120	0
840	1120	0
841	1120	0
842	1120	0
843	1120	0
844	1120	0
845	1120	0
846	1120	0
847	1120	0
848	1120	0
849	1120	0
850	1120	0
851	1120	0
852	1120	0
853	1120	0
854	1120	0
855	1120	0
856	1120	0
857	1120	0
858	1120	0
859	1120	0
860	1120	0
861	1120	0
862	1120	1
863	1120	0
864	1120	0
865	1120	0
866	1120	0
867	1120	0
868	1120	0
869	1120	0
870	1120	0
872	1120	0
873	1120	0
874	1120	0
875	1120	0
876	1120	0
877	1120	0
878	1120	0
879	1120	0
880	1120	0
881	1120	0
882	1120	0
883	1120	0
884	1120	0
885	1120	0
886	1120	0
887	1120	0
888	1120	0
889	1120	0
891	1120	0
892	1120	0
893	1120	0
895	1120	0
896	1120	0
897	1120	0
898	1120	0
900	1120	0
901	1120	0
902	1120	0
903	1120	0
904	1120	0
905	1120	0
906	1120	0
907	1120	0
908	1120	0
909	1120	0
910	1120	0
911	1120	0
912	1120	0
913	1120	0
914	1120	0
916	1120	0
917	1120	0
918	1120	0
919	1120	0
920	1120	0
921	1120	0
922	1120	0
923	1120	0
924	1120	1
925	1120	0
926	1120	0
927	1120	0
928	1120	0
930	1120	0
931	1120	0
933	1120	0
934	1120	0
935	1120	1
936	1120	0
937	1120	0
938	1120	0
939	1120	0
940	1120	0
941	1120	1
942	1120	0
943	1120	1
944	1120	0
945	1120	0
946	1120	0
947	1120	0
948	1120	0
949	1120	0
950	1120	0
952	1120	0
953	1120	0
954	1120	0
955	1120	0
956	1120	1
958	1120	0
959	1120	0
961	1120	0
962	1120	0
963	1120	1
964	1120	0
965	1120	1
967	1120	0
