0	1026	1
1	1026	0
2	1026	0
3	1026	0
4	1026	0
5	1026	0
6	1026	0
7	1026	0
8	1026	1
9	1026	1
10	1026	0
11	1026	0
12	1026	0
13	1026	0
14	1026	0
15	1026	0
16	1026	1
17	1026	0
18	1026	1
19	1026	0
20	1026	0
21	1026	0
22	1026	0
23	1026	0
24	1026	0
26	1026	0
27	1026	0
28	1026	0
29	1026	0
30	1026	1
31	1026	1
32	1026	1
33	1026	0
34	1026	0
35	1026	0
36	1026	0
37	1026	0
38	1026	0
39	1026	0
40	1026	0
42	1026	0
43	1026	0
44	1026	1
45	1026	0
46	1026	0
47	1026	0
48	1026	0
49	1026	0
50	1026	0
51	1026	0
52	1026	0
53	1026	0
54	1026	0
55	1026	0
56	1026	0
57	1026	0
58	1026	0
59	1026	0
60	1026	0
61	1026	0
62	1026	0
64	1026	0
65	1026	0
66	1026	0
67	1026	0
68	1026	0
69	1026	0
70	1026	0
71	1026	0
72	1026	1
73	1026	0
74	1026	0
75	1026	0
76	1026	0
77	1026	0
78	1026	0
79	1026	0
80	1026	0
81	1026	0
82	1026	0
83	1026	0
84	1026	0
85	1026	1
86	1026	1
87	1026	0
88	1026	0
89	1026	0
90	1026	0
91	1026	0
92	1026	0
93	1026	0
94	1026	0
95	1026	0
96	1026	0
97	1026	0
98	1026	1
99	1026	0
100	1026	1
101	1026	0
102	1026	1
103	1026	0
104	1026	0
106	1026	0
109	1026	1
111	1026	1
112	1026	0
113	1026	0
114	1026	0
115	1026	1
116	1026	0
117	1026	0
118	1026	0
119	1026	0
121	1026	0
122	1026	0
123	1026	0
124	1026	0
125	1026	0
130	1026	0
131	1026	0
132	1026	0
133	1026	0
134	1026	0
136	1026	0
137	1026	0
138	1026	0
139	1026	0
140	1026	0
141	1026	0
142	1026	0
143	1026	0
144	1026	0
146	1026	0
147	1026	0
149	1026	0
150	1026	1
151	1026	0
152	1026	0
153	1026	0
154	1026	0
155	1026	0
156	1026	0
157	1026	0
158	1026	0
159	1026	0
160	1026	1
161	1026	0
162	1026	0
163	1026	0
164	1026	0
165	1026	0
166	1026	1
168	1026	0
169	1026	0
170	1026	0
171	1026	0
172	1026	0
173	1026	1
174	1026	0
175	1026	0
176	1026	0
177	1026	1
178	1026	0
179	1026	0
180	1026	0
181	1026	0
182	1026	0
183	1026	0
184	1026	0
187	1026	0
188	1026	0
189	1026	0
190	1026	0
191	1026	0
192	1026	0
193	1026	1
194	1026	0
195	1026	0
196	1026	0
200	1026	0
201	1026	0
202	1026	0
203	1026	0
204	1026	0
206	1026	0
207	1026	0
208	1026	0
210	1026	0
211	1026	0
212	1026	0
213	1026	0
214	1026	0
216	1026	0
217	1026	0
218	1026	1
219	1026	1
220	1026	0
221	1026	1
222	1026	0
223	1026	0
224	1026	0
225	1026	1
226	1026	0
227	1026	0
228	1026	0
229	1026	0
230	1026	0
231	1026	0
232	1026	0
233	1026	0
234	1026	0
235	1026	0
236	1026	0
237	1026	0
238	1026	0
239	1026	0
240	1026	0
241	1026	0
242	1026	0
244	1026	0
245	1026	0
246	1026	0
247	1026	1
248	1026	0
249	1026	0
251	1026	0
252	1026	0
253	1026	0
254	1026	0
255	1026	0
256	1026	0
258	1026	1
259	1026	0
260	1026	0
261	1026	0
262	1026	0
263	1026	0
264	1026	0
265	1026	0
266	1026	0
267	1026	0
268	1026	0
269	1026	0
270	1026	0
271	1026	0
272	1026	0
274	1026	0
275	1026	0
276	1026	0
277	1026	0
278	1026	0
279	1026	0
280	1026	1
281	1026	0
282	1026	0
283	1026	0
284	1026	0
285	1026	0
286	1026	0
288	1026	0
289	1026	0
290	1026	1
291	1026	0
292	1026	1
293	1026	0
294	1026	0
295	1026	0
296	1026	1
297	1026	0
298	1026	0
299	1026	0
300	1026	0
301	1026	0
302	1026	0
303	1026	1
304	1026	0
305	1026	0
306	1026	0
307	1026	0
308	1026	0
309	1026	0
310	1026	0
311	1026	0
312	1026	0
313	1026	0
314	1026	0
315	1026	0
316	1026	1
317	1026	0
318	1026	0
319	1026	0
320	1026	0
321	1026	0
323	1026	0
324	1026	0
325	1026	0
326	1026	0
327	1026	0
328	1026	0
329	1026	0
330	1026	1
331	1026	0
333	1026	1
334	1026	0
335	1026	0
336	1026	0
337	1026	0
338	1026	0
339	1026	0
340	1026	0
341	1026	0
342	1026	1
343	1026	0
344	1026	1
346	1026	1
347	1026	0
348	1026	1
349	1026	0
350	1026	0
354	1026	0
355	1026	0
356	1026	0
357	1026	0
358	1026	0
359	1026	0
360	1026	0
361	1026	0
363	1026	0
364	1026	0
365	1026	0
366	1026	0
367	1026	0
368	1026	0
370	1026	0
371	1026	0
372	1026	0
373	1026	1
374	1026	0
375	1026	1
377	1026	0
378	1026	1
379	1026	0
380	1026	0
381	1026	0
382	1026	0
383	1026	0
384	1026	0
385	1026	0
386	1026	0
387	1026	0
388	1026	0
390	1026	0
391	1026	0
393	1026	0
394	1026	0
395	1026	0
396	1026	0
397	1026	0
398	1026	0
399	1026	0
400	1026	0
401	1026	0
402	1026	0
403	1026	0
404	1026	0
405	1026	0
406	1026	0
408	1026	0
409	1026	0
410	1026	0
411	1026	0
412	1026	0
413	1026	0
414	1026	0
415	1026	0
416	1026	0
417	1026	0
418	1026	0
419	1026	0
420	1026	0
421	1026	0
422	1026	0
423	1026	0
424	1026	0
425	1026	0
426	1026	0
427	1026	0
428	1026	0
429	1026	0
430	1026	1
431	1026	0
432	1026	0
433	1026	0
434	1026	0
435	1026	1
436	1026	0
437	1026	1
438	1026	0
439	1026	0
440	1026	0
441	1026	0
443	1026	0
444	1026	0
445	1026	0
446	1026	0
447	1026	0
448	1026	0
449	1026	0
450	1026	0
451	1026	0
452	1026	0
453	1026	0
454	1026	0
455	1026	0
456	1026	0
457	1026	0
458	1026	0
459	1026	0
460	1026	0
461	1026	0
462	1026	0
463	1026	0
464	1026	0
465	1026	0
466	1026	1
467	1026	0
468	1026	0
469	1026	0
470	1026	1
471	1026	0
472	1026	0
473	1026	0
474	1026	0
475	1026	0
476	1026	0
477	1026	0
478	1026	0
480	1026	0
481	1026	0
482	1026	0
483	1026	0
484	1026	0
485	1026	0
486	1026	0
487	1026	0
489	1026	0
490	1026	0
491	1026	0
492	1026	0
493	1026	0
495	1026	1
496	1026	0
497	1026	0
499	1026	0
500	1026	0
501	1026	0
502	1026	0
503	1026	0
505	1026	0
508	1026	0
509	1026	0
510	1026	0
511	1026	0
512	1026	0
513	1026	0
514	1026	1
515	1026	0
516	1026	0
517	1026	1
518	1026	0
519	1026	0
520	1026	1
521	1026	0
522	1026	0
523	1026	1
524	1026	0
525	1026	1
526	1026	0
527	1026	0
528	1026	0
529	1026	0
533	1026	0
534	1026	0
536	1026	0
537	1026	0
538	1026	0
540	1026	0
541	1026	0
542	1026	0
543	1026	0
544	1026	0
546	1026	0
547	1026	0
548	1026	0
549	1026	0
550	1026	0
551	1026	0
553	1026	0
554	1026	0
555	1026	0
556	1026	0
557	1026	0
558	1026	0
559	1026	0
560	1026	0
561	1026	0
562	1026	0
563	1026	0
564	1026	0
565	1026	0
566	1026	0
567	1026	0
568	1026	0
569	1026	0
570	1026	0
571	1026	0
572	1026	0
573	1026	0
574	1026	0
575	1026	0
576	1026	0
577	1026	0
578	1026	0
579	1026	0
580	1026	0
582	1026	0
583	1026	0
584	1026	0
585	1026	0
586	1026	0
587	1026	1
588	1026	0
589	1026	0
590	1026	0
591	1026	0
592	1026	0
593	1026	0
594	1026	0
595	1026	0
596	1026	0
597	1026	0
598	1026	0
599	1026	0
600	1026	0
601	1026	0
602	1026	0
604	1026	0
605	1026	0
606	1026	0
607	1026	0
608	1026	0
609	1026	0
611	1026	0
612	1026	0
613	1026	0
614	1026	0
615	1026	0
616	1026	0
617	1026	0
618	1026	0
619	1026	0
620	1026	0
621	1026	0
622	1026	0
624	1026	0
625	1026	0
626	1026	0
627	1026	0
628	1026	0
630	1026	0
631	1026	0
632	1026	1
633	1026	0
635	1026	0
636	1026	0
637	1026	0
640	1026	0
641	1026	0
642	1026	0
643	1026	0
644	1026	0
645	1026	1
646	1026	0
647	1026	0
648	1026	0
649	1026	0
650	1026	0
651	1026	1
652	1026	1
653	1026	0
654	1026	0
655	1026	0
658	1026	0
659	1026	0
661	1026	0
662	1026	0
663	1026	1
664	1026	0
666	1026	0
667	1026	0
668	1026	0
669	1026	0
670	1026	0
671	1026	0
672	1026	0
673	1026	0
674	1026	0
675	1026	0
676	1026	0
680	1026	0
682	1026	0
683	1026	0
684	1026	0
685	1026	0
686	1026	0
688	1026	0
689	1026	0
690	1026	0
691	1026	1
692	1026	0
693	1026	0
694	1026	0
695	1026	1
696	1026	0
697	1026	0
698	1026	0
699	1026	0
700	1026	0
701	1026	0
702	1026	0
703	1026	0
704	1026	0
705	1026	0
706	1026	0
707	1026	0
708	1026	0
709	1026	0
710	1026	0
711	1026	0
713	1026	0
714	1026	0
715	1026	0
716	1026	1
717	1026	0
718	1026	0
720	1026	0
721	1026	0
722	1026	0
728	1026	0
730	1026	0
731	1026	0
732	1026	0
733	1026	0
734	1026	0
735	1026	0
736	1026	0
737	1026	1
738	1026	0
739	1026	0
740	1026	0
741	1026	0
742	1026	0
743	1026	0
744	1026	0
745	1026	0
746	1026	0
747	1026	0
748	1026	1
749	1026	0
750	1026	0
751	1026	0
752	1026	0
753	1026	0
754	1026	0
755	1026	0
756	1026	0
757	1026	0
758	1026	0
759	1026	1
760	1026	0
761	1026	0
762	1026	0
763	1026	0
764	1026	0
765	1026	0
766	1026	0
767	1026	0
768	1026	0
769	1026	0
770	1026	0
771	1026	0
772	1026	0
773	1026	0
774	1026	0
775	1026	0
776	1026	0
777	1026	0
778	1026	0
779	1026	0
780	1026	0
783	1026	0
784	1026	1
785	1026	0
786	1026	0
787	1026	0
788	1026	0
789	1026	0
790	1026	0
791	1026	0
794	1026	0
796	1026	0
797	1026	0
798	1026	0
799	1026	0
800	1026	1
801	1026	0
802	1026	0
803	1026	1
804	1026	0
806	1026	0
807	1026	0
808	1026	0
809	1026	0
810	1026	0
811	1026	0
814	1026	0
816	1026	0
817	1026	0
819	1026	0
820	1026	0
821	1026	0
824	1026	0
825	1026	0
827	1026	0
828	1026	0
829	1026	1
830	1026	1
831	1026	0
832	1026	0
833	1026	1
834	1026	0
835	1026	0
836	1026	0
837	1026	1
839	1026	0
840	1026	1
841	1026	0
843	1026	0
844	1026	0
845	1026	0
846	1026	0
847	1026	0
848	1026	0
849	1026	0
850	1026	0
851	1026	0
852	1026	0
853	1026	0
854	1026	0
855	1026	0
856	1026	0
857	1026	0
858	1026	0
859	1026	0
860	1026	0
861	1026	0
862	1026	1
863	1026	0
864	1026	0
865	1026	0
866	1026	0
867	1026	0
868	1026	0
869	1026	0
870	1026	0
872	1026	0
873	1026	0
874	1026	0
875	1026	0
876	1026	0
877	1026	0
879	1026	0
880	1026	0
881	1026	0
882	1026	0
883	1026	0
884	1026	0
885	1026	0
886	1026	0
887	1026	0
888	1026	0
889	1026	0
890	1026	0
891	1026	0
892	1026	0
893	1026	0
894	1026	1
895	1026	0
896	1026	0
897	1026	0
898	1026	0
900	1026	0
901	1026	0
902	1026	0
903	1026	0
904	1026	0
905	1026	0
906	1026	0
907	1026	0
908	1026	0
909	1026	0
911	1026	0
912	1026	0
913	1026	0
914	1026	0
916	1026	0
917	1026	0
918	1026	0
919	1026	0
920	1026	0
921	1026	0
922	1026	0
923	1026	0
924	1026	0
925	1026	0
927	1026	0
928	1026	0
930	1026	0
931	1026	0
933	1026	0
934	1026	0
936	1026	0
937	1026	0
939	1026	0
941	1026	0
942	1026	0
943	1026	0
944	1026	0
945	1026	1
946	1026	0
947	1026	1
948	1026	0
949	1026	0
950	1026	0
952	1026	0
953	1026	0
954	1026	0
955	1026	0
956	1026	1
958	1026	0
961	1026	0
962	1026	0
963	1026	1
964	1026	0
965	1026	1
966	1026	0
967	1026	0
