0	1087	0
1	1087	0
2	1087	0
3	1087	0
4	1087	0
5	1087	1
6	1087	0
7	1087	0
8	1087	1
9	1087	0
10	1087	1
11	1087	0
12	1087	0
13	1087	0
14	1087	1
15	1087	0
16	1087	0
17	1087	1
18	1087	1
19	1087	1
20	1087	0
21	1087	0
22	1087	0
23	1087	1
24	1087	0
26	1087	0
28	1087	0
29	1087	0
30	1087	0
31	1087	1
32	1087	1
33	1087	1
34	1087	1
35	1087	0
36	1087	1
37	1087	0
38	1087	0
39	1087	1
40	1087	0
42	1087	1
43	1087	0
44	1087	0
45	1087	1
46	1087	0
47	1087	1
48	1087	0
49	1087	0
50	1087	0
51	1087	0
52	1087	0
53	1087	1
54	1087	0
55	1087	0
56	1087	0
57	1087	0
58	1087	0
59	1087	1
60	1087	0
61	1087	0
62	1087	0
64	1087	1
65	1087	0
66	1087	1
67	1087	0
68	1087	0
69	1087	0
70	1087	1
71	1087	1
72	1087	0
73	1087	0
74	1087	0
75	1087	0
76	1087	1
77	1087	0
78	1087	0
79	1087	0
80	1087	0
81	1087	0
82	1087	0
83	1087	0
84	1087	0
85	1087	0
86	1087	0
87	1087	0
88	1087	0
90	1087	0
91	1087	0
92	1087	0
93	1087	0
94	1087	0
95	1087	0
96	1087	1
97	1087	0
98	1087	0
99	1087	0
100	1087	0
101	1087	1
102	1087	1
103	1087	0
104	1087	1
105	1087	0
106	1087	0
109	1087	1
111	1087	1
112	1087	1
113	1087	0
114	1087	0
115	1087	0
116	1087	0
117	1087	0
118	1087	0
119	1087	0
120	1087	0
121	1087	0
122	1087	0
123	1087	1
124	1087	1
125	1087	1
126	1087	1
129	1087	1
130	1087	1
131	1087	0
132	1087	0
133	1087	0
134	1087	1
136	1087	0
138	1087	1
139	1087	0
140	1087	0
141	1087	0
142	1087	0
143	1087	0
144	1087	0
145	1087	0
146	1087	0
147	1087	0
148	1087	0
149	1087	0
150	1087	1
151	1087	1
152	1087	1
153	1087	0
154	1087	1
155	1087	0
156	1087	0
157	1087	0
158	1087	0
159	1087	0
160	1087	0
161	1087	0
162	1087	0
163	1087	1
165	1087	0
166	1087	0
167	1087	0
168	1087	1
169	1087	0
170	1087	1
171	1087	1
172	1087	1
173	1087	0
174	1087	0
175	1087	1
177	1087	1
178	1087	0
179	1087	1
180	1087	0
182	1087	1
183	1087	0
184	1087	1
185	1087	0
186	1087	0
187	1087	0
188	1087	1
189	1087	1
190	1087	1
191	1087	1
192	1087	0
193	1087	0
194	1087	1
195	1087	0
196	1087	1
197	1087	1
198	1087	0
199	1087	1
200	1087	1
201	1087	1
202	1087	1
203	1087	1
204	1087	1
206	1087	1
207	1087	0
208	1087	1
210	1087	0
211	1087	1
212	1087	1
213	1087	0
214	1087	1
215	1087	0
216	1087	0
217	1087	0
218	1087	0
219	1087	1
220	1087	0
222	1087	0
223	1087	0
224	1087	0
225	1087	0
226	1087	0
227	1087	1
228	1087	1
229	1087	0
230	1087	1
231	1087	0
232	1087	1
233	1087	0
234	1087	0
235	1087	0
236	1087	0
237	1087	0
238	1087	0
239	1087	1
240	1087	1
241	1087	0
242	1087	0
244	1087	0
245	1087	0
247	1087	1
248	1087	0
249	1087	0
250	1087	0
251	1087	0
252	1087	0
253	1087	1
254	1087	0
255	1087	1
256	1087	0
258	1087	1
259	1087	0
260	1087	0
261	1087	0
262	1087	0
263	1087	0
264	1087	0
265	1087	0
266	1087	0
267	1087	0
268	1087	0
269	1087	1
270	1087	1
271	1087	0
272	1087	0
273	1087	0
274	1087	0
275	1087	0
276	1087	0
277	1087	1
278	1087	1
279	1087	0
280	1087	1
281	1087	0
282	1087	1
283	1087	0
284	1087	0
285	1087	0
286	1087	0
287	1087	1
288	1087	0
289	1087	1
290	1087	1
291	1087	1
292	1087	0
293	1087	0
294	1087	0
295	1087	0
296	1087	1
297	1087	0
298	1087	0
299	1087	0
300	1087	0
301	1087	0
302	1087	0
303	1087	0
304	1087	0
305	1087	1
306	1087	0
307	1087	0
308	1087	0
309	1087	0
310	1087	1
311	1087	0
312	1087	0
313	1087	0
314	1087	0
315	1087	0
316	1087	0
317	1087	0
318	1087	0
319	1087	0
320	1087	0
321	1087	1
322	1087	0
323	1087	0
324	1087	0
325	1087	0
326	1087	0
327	1087	1
328	1087	1
329	1087	0
330	1087	1
331	1087	1
333	1087	0
335	1087	0
336	1087	1
337	1087	1
338	1087	1
339	1087	0
340	1087	1
341	1087	0
342	1087	0
343	1087	0
344	1087	0
346	1087	1
347	1087	0
348	1087	0
349	1087	0
350	1087	0
351	1087	0
352	1087	0
354	1087	0
355	1087	0
357	1087	0
358	1087	1
359	1087	1
360	1087	1
361	1087	1
363	1087	1
364	1087	0
365	1087	1
366	1087	0
367	1087	0
368	1087	0
371	1087	0
372	1087	0
373	1087	1
374	1087	1
377	1087	1
378	1087	1
379	1087	1
380	1087	1
381	1087	1
382	1087	0
383	1087	0
384	1087	0
385	1087	0
386	1087	1
387	1087	0
388	1087	0
389	1087	1
390	1087	1
391	1087	1
393	1087	0
394	1087	0
395	1087	1
396	1087	0
398	1087	0
399	1087	0
400	1087	1
401	1087	0
402	1087	1
403	1087	0
404	1087	1
405	1087	1
406	1087	0
407	1087	0
408	1087	0
409	1087	0
410	1087	0
411	1087	0
412	1087	0
413	1087	0
414	1087	0
415	1087	0
416	1087	0
417	1087	0
418	1087	0
419	1087	0
420	1087	0
421	1087	1
422	1087	0
423	1087	0
424	1087	0
425	1087	0
426	1087	0
427	1087	0
428	1087	0
429	1087	0
430	1087	0
431	1087	0
432	1087	0
433	1087	0
434	1087	0
435	1087	1
436	1087	1
437	1087	0
438	1087	1
439	1087	1
440	1087	0
441	1087	0
442	1087	0
443	1087	1
444	1087	0
445	1087	0
446	1087	1
447	1087	0
448	1087	0
449	1087	1
450	1087	0
451	1087	0
452	1087	0
453	1087	1
454	1087	0
455	1087	0
456	1087	1
457	1087	1
458	1087	0
459	1087	0
460	1087	1
461	1087	0
462	1087	0
463	1087	0
464	1087	1
465	1087	1
466	1087	0
467	1087	0
468	1087	0
469	1087	0
470	1087	0
471	1087	0
472	1087	0
473	1087	1
474	1087	0
475	1087	0
476	1087	1
477	1087	0
478	1087	1
480	1087	0
481	1087	0
482	1087	0
483	1087	0
484	1087	0
485	1087	0
486	1087	0
487	1087	0
489	1087	1
490	1087	0
491	1087	0
492	1087	0
493	1087	0
495	1087	0
496	1087	1
497	1087	1
499	1087	1
500	1087	1
501	1087	1
502	1087	1
503	1087	1
505	1087	1
506	1087	1
508	1087	1
509	1087	1
510	1087	1
511	1087	1
512	1087	1
513	1087	0
514	1087	1
515	1087	1
516	1087	0
517	1087	1
518	1087	1
519	1087	1
520	1087	1
521	1087	1
522	1087	0
523	1087	1
524	1087	1
525	1087	0
526	1087	1
527	1087	0
528	1087	0
529	1087	0
531	1087	0
533	1087	0
534	1087	0
536	1087	0
537	1087	0
538	1087	0
540	1087	0
541	1087	0
542	1087	1
543	1087	0
544	1087	0
546	1087	0
547	1087	0
548	1087	0
549	1087	1
550	1087	0
551	1087	0
553	1087	0
554	1087	0
555	1087	0
556	1087	0
557	1087	1
558	1087	0
559	1087	0
560	1087	0
561	1087	0
562	1087	0
563	1087	0
564	1087	0
565	1087	0
566	1087	0
567	1087	0
568	1087	1
569	1087	0
570	1087	1
571	1087	0
572	1087	0
573	1087	1
574	1087	1
575	1087	0
576	1087	0
577	1087	0
578	1087	0
579	1087	0
580	1087	0
582	1087	0
583	1087	1
584	1087	0
585	1087	1
586	1087	1
587	1087	0
588	1087	1
589	1087	0
590	1087	0
591	1087	0
592	1087	0
593	1087	0
594	1087	0
595	1087	0
596	1087	0
597	1087	0
598	1087	0
599	1087	0
600	1087	0
601	1087	0
602	1087	0
604	1087	0
605	1087	1
606	1087	1
607	1087	0
608	1087	0
609	1087	1
611	1087	0
612	1087	1
613	1087	1
614	1087	1
615	1087	0
616	1087	0
617	1087	1
618	1087	0
619	1087	0
620	1087	1
621	1087	0
622	1087	0
624	1087	0
625	1087	0
626	1087	0
627	1087	0
628	1087	0
630	1087	1
631	1087	0
632	1087	1
633	1087	0
635	1087	0
636	1087	0
637	1087	1
640	1087	0
641	1087	0
642	1087	0
643	1087	1
644	1087	1
645	1087	1
646	1087	0
647	1087	0
648	1087	0
649	1087	1
650	1087	0
651	1087	1
652	1087	1
653	1087	0
654	1087	0
655	1087	0
656	1087	1
657	1087	1
658	1087	0
659	1087	0
660	1087	0
661	1087	1
662	1087	1
663	1087	1
664	1087	1
666	1087	1
667	1087	1
668	1087	0
669	1087	0
670	1087	0
671	1087	1
672	1087	1
673	1087	1
674	1087	1
675	1087	0
676	1087	0
677	1087	0
678	1087	0
679	1087	0
680	1087	0
681	1087	1
682	1087	0
683	1087	0
684	1087	0
685	1087	1
686	1087	1
687	1087	0
688	1087	0
689	1087	1
690	1087	0
691	1087	1
692	1087	1
693	1087	0
694	1087	1
695	1087	1
696	1087	0
697	1087	0
698	1087	0
699	1087	0
700	1087	0
701	1087	0
702	1087	0
703	1087	1
704	1087	0
705	1087	0
706	1087	0
707	1087	0
708	1087	0
709	1087	1
710	1087	1
711	1087	0
712	1087	0
713	1087	1
714	1087	0
715	1087	1
716	1087	0
717	1087	0
718	1087	1
719	1087	1
720	1087	1
721	1087	1
722	1087	0
723	1087	1
724	1087	0
725	1087	0
726	1087	0
727	1087	1
728	1087	0
730	1087	0
731	1087	1
732	1087	1
733	1087	0
734	1087	0
735	1087	0
736	1087	0
737	1087	1
738	1087	1
739	1087	1
740	1087	0
741	1087	1
742	1087	1
743	1087	0
744	1087	0
745	1087	0
746	1087	1
747	1087	1
748	1087	1
749	1087	1
750	1087	1
751	1087	1
752	1087	1
753	1087	0
754	1087	0
755	1087	0
756	1087	0
757	1087	0
758	1087	1
759	1087	1
760	1087	0
761	1087	0
762	1087	1
763	1087	1
764	1087	0
765	1087	0
767	1087	0
768	1087	0
769	1087	1
770	1087	0
771	1087	1
772	1087	0
773	1087	1
774	1087	1
775	1087	0
776	1087	0
777	1087	0
778	1087	0
779	1087	0
780	1087	0
782	1087	0
783	1087	0
784	1087	1
785	1087	0
786	1087	0
787	1087	0
788	1087	0
789	1087	0
790	1087	1
791	1087	1
793	1087	0
794	1087	0
795	1087	0
796	1087	0
797	1087	1
798	1087	0
799	1087	0
800	1087	1
801	1087	0
802	1087	1
803	1087	0
804	1087	0
806	1087	0
807	1087	0
808	1087	1
809	1087	0
810	1087	0
811	1087	0
812	1087	0
813	1087	0
814	1087	0
816	1087	0
817	1087	1
818	1087	0
819	1087	0
820	1087	0
821	1087	1
822	1087	1
823	1087	0
824	1087	0
825	1087	0
826	1087	0
827	1087	1
828	1087	0
829	1087	1
830	1087	1
831	1087	1
832	1087	1
833	1087	1
834	1087	1
835	1087	0
836	1087	1
837	1087	1
839	1087	1
840	1087	1
841	1087	0
842	1087	0
843	1087	0
844	1087	0
845	1087	0
846	1087	0
847	1087	0
848	1087	0
849	1087	0
850	1087	0
851	1087	0
852	1087	0
853	1087	0
854	1087	0
855	1087	0
856	1087	0
857	1087	0
858	1087	0
859	1087	0
860	1087	0
861	1087	0
862	1087	1
863	1087	0
864	1087	0
865	1087	0
866	1087	0
867	1087	1
868	1087	0
869	1087	0
870	1087	1
872	1087	0
873	1087	0
874	1087	0
875	1087	0
876	1087	0
877	1087	0
878	1087	0
880	1087	0
881	1087	0
882	1087	0
883	1087	0
884	1087	0
885	1087	0
886	1087	0
887	1087	1
888	1087	1
889	1087	1
890	1087	0
891	1087	0
892	1087	0
893	1087	0
894	1087	1
895	1087	1
896	1087	0
897	1087	0
898	1087	0
900	1087	0
901	1087	0
902	1087	0
903	1087	1
904	1087	0
905	1087	0
906	1087	1
907	1087	0
908	1087	1
909	1087	1
910	1087	0
911	1087	0
912	1087	1
913	1087	1
914	1087	0
916	1087	0
917	1087	1
918	1087	0
919	1087	0
920	1087	0
921	1087	1
922	1087	0
923	1087	0
924	1087	0
925	1087	0
926	1087	0
927	1087	0
928	1087	1
930	1087	1
931	1087	0
933	1087	0
934	1087	0
935	1087	1
936	1087	0
937	1087	1
938	1087	0
939	1087	0
940	1087	0
941	1087	1
942	1087	0
943	1087	1
944	1087	0
945	1087	0
946	1087	0
947	1087	1
948	1087	0
949	1087	0
950	1087	0
952	1087	1
953	1087	1
954	1087	0
955	1087	0
956	1087	1
958	1087	1
959	1087	0
961	1087	0
962	1087	0
963	1087	1
964	1087	0
965	1087	1
967	1087	1
