0	1027	1
1	1027	0
2	1027	0
3	1027	0
4	1027	0
5	1027	0
6	1027	0
7	1027	0
8	1027	0
9	1027	0
10	1027	0
11	1027	0
12	1027	0
13	1027	0
14	1027	0
15	1027	0
16	1027	0
17	1027	0
18	1027	1
19	1027	0
20	1027	0
21	1027	1
22	1027	0
23	1027	0
24	1027	0
26	1027	0
27	1027	0
28	1027	0
29	1027	0
30	1027	0
31	1027	1
32	1027	1
33	1027	0
34	1027	0
35	1027	0
36	1027	0
37	1027	0
38	1027	0
39	1027	0
42	1027	0
43	1027	0
44	1027	0
45	1027	0
46	1027	0
47	1027	0
48	1027	0
49	1027	0
50	1027	1
51	1027	0
52	1027	0
53	1027	0
54	1027	0
55	1027	0
56	1027	0
57	1027	1
58	1027	0
59	1027	1
60	1027	0
61	1027	0
62	1027	0
64	1027	0
65	1027	0
66	1027	0
67	1027	0
68	1027	0
69	1027	0
70	1027	0
71	1027	0
72	1027	0
73	1027	0
74	1027	0
75	1027	1
76	1027	0
77	1027	0
78	1027	1
79	1027	0
80	1027	1
81	1027	0
82	1027	0
83	1027	0
84	1027	0
85	1027	0
86	1027	0
87	1027	0
88	1027	0
89	1027	0
90	1027	0
91	1027	0
92	1027	0
93	1027	0
94	1027	0
95	1027	0
96	1027	1
97	1027	1
98	1027	0
99	1027	0
100	1027	0
101	1027	0
102	1027	0
103	1027	0
104	1027	0
105	1027	0
106	1027	0
109	1027	0
111	1027	0
112	1027	0
113	1027	0
114	1027	0
115	1027	0
116	1027	0
117	1027	0
118	1027	0
119	1027	0
120	1027	0
121	1027	0
122	1027	0
123	1027	1
124	1027	0
125	1027	0
130	1027	0
131	1027	0
132	1027	0
133	1027	0
134	1027	0
136	1027	0
137	1027	1
138	1027	0
139	1027	0
140	1027	0
141	1027	0
142	1027	0
143	1027	0
144	1027	0
146	1027	0
147	1027	0
149	1027	0
150	1027	0
151	1027	1
152	1027	1
153	1027	0
154	1027	1
155	1027	0
156	1027	0
157	1027	0
158	1027	0
159	1027	0
160	1027	1
161	1027	0
162	1027	0
163	1027	1
164	1027	0
165	1027	0
166	1027	0
168	1027	0
169	1027	0
170	1027	0
171	1027	1
172	1027	0
173	1027	0
174	1027	0
175	1027	0
176	1027	0
177	1027	0
178	1027	0
179	1027	0
180	1027	0
181	1027	0
182	1027	0
183	1027	0
184	1027	0
187	1027	0
188	1027	0
189	1027	0
190	1027	0
191	1027	0
192	1027	0
193	1027	0
194	1027	0
195	1027	0
196	1027	0
197	1027	0
200	1027	0
201	1027	0
202	1027	0
203	1027	0
204	1027	0
206	1027	1
207	1027	0
208	1027	0
210	1027	0
211	1027	0
212	1027	0
213	1027	0
214	1027	0
216	1027	0
217	1027	0
218	1027	0
219	1027	0
220	1027	0
221	1027	1
222	1027	0
223	1027	0
224	1027	0
225	1027	0
226	1027	0
227	1027	0
228	1027	0
229	1027	0
230	1027	0
231	1027	0
232	1027	0
233	1027	0
234	1027	0
235	1027	0
236	1027	1
237	1027	0
238	1027	0
239	1027	0
240	1027	0
241	1027	0
242	1027	0
244	1027	0
245	1027	0
246	1027	0
247	1027	0
248	1027	0
249	1027	0
251	1027	0
252	1027	0
253	1027	0
254	1027	0
255	1027	0
256	1027	0
258	1027	0
259	1027	0
260	1027	0
261	1027	0
262	1027	0
263	1027	0
264	1027	0
265	1027	0
266	1027	0
267	1027	0
268	1027	0
269	1027	0
270	1027	0
271	1027	0
272	1027	0
274	1027	0
275	1027	0
276	1027	0
277	1027	0
278	1027	0
279	1027	0
280	1027	0
281	1027	0
282	1027	0
283	1027	0
284	1027	0
285	1027	0
286	1027	0
288	1027	0
289	1027	1
290	1027	0
291	1027	1
293	1027	0
294	1027	0
295	1027	0
296	1027	0
297	1027	0
298	1027	0
299	1027	0
300	1027	0
301	1027	0
302	1027	0
303	1027	0
304	1027	0
305	1027	0
306	1027	0
307	1027	1
308	1027	0
309	1027	0
310	1027	0
311	1027	0
312	1027	0
313	1027	0
314	1027	0
315	1027	0
316	1027	0
317	1027	0
318	1027	0
319	1027	0
320	1027	0
321	1027	0
322	1027	0
323	1027	1
324	1027	0
325	1027	0
326	1027	0
327	1027	0
328	1027	0
329	1027	0
330	1027	0
333	1027	0
334	1027	0
335	1027	0
336	1027	0
337	1027	0
338	1027	0
339	1027	0
340	1027	0
341	1027	0
342	1027	1
343	1027	0
344	1027	0
346	1027	0
347	1027	0
348	1027	0
349	1027	0
350	1027	1
354	1027	0
355	1027	0
356	1027	0
357	1027	0
358	1027	0
359	1027	1
360	1027	1
361	1027	0
363	1027	0
364	1027	0
365	1027	0
366	1027	0
367	1027	0
368	1027	0
370	1027	1
371	1027	0
372	1027	0
373	1027	0
374	1027	0
375	1027	0
377	1027	0
378	1027	1
379	1027	0
380	1027	0
381	1027	1
382	1027	0
383	1027	0
384	1027	0
385	1027	0
386	1027	0
387	1027	0
388	1027	0
390	1027	0
391	1027	0
393	1027	0
394	1027	0
395	1027	0
396	1027	0
397	1027	0
398	1027	0
399	1027	0
400	1027	0
401	1027	0
402	1027	1
403	1027	0
404	1027	1
405	1027	0
406	1027	0
408	1027	0
409	1027	0
410	1027	0
411	1027	0
412	1027	0
413	1027	0
414	1027	1
415	1027	0
416	1027	0
417	1027	0
418	1027	0
419	1027	0
420	1027	0
421	1027	0
422	1027	0
423	1027	0
424	1027	0
425	1027	0
426	1027	1
427	1027	0
428	1027	0
429	1027	0
430	1027	0
431	1027	0
432	1027	0
433	1027	1
434	1027	0
435	1027	1
436	1027	1
437	1027	0
438	1027	0
439	1027	0
440	1027	0
441	1027	0
442	1027	0
443	1027	0
444	1027	0
445	1027	0
446	1027	1
447	1027	0
448	1027	0
449	1027	0
450	1027	0
451	1027	0
452	1027	0
453	1027	0
454	1027	0
455	1027	0
456	1027	0
457	1027	0
458	1027	0
459	1027	0
460	1027	0
461	1027	0
462	1027	0
463	1027	0
464	1027	0
465	1027	0
466	1027	0
467	1027	0
468	1027	0
469	1027	0
470	1027	0
471	1027	0
472	1027	0
473	1027	0
474	1027	0
475	1027	0
476	1027	0
477	1027	0
478	1027	0
480	1027	0
481	1027	0
482	1027	0
483	1027	0
484	1027	0
485	1027	0
486	1027	0
487	1027	0
489	1027	0
490	1027	0
491	1027	0
492	1027	0
493	1027	0
495	1027	1
496	1027	0
497	1027	1
499	1027	0
500	1027	0
501	1027	0
502	1027	0
503	1027	0
505	1027	0
508	1027	0
509	1027	0
510	1027	0
511	1027	0
512	1027	0
513	1027	0
514	1027	0
515	1027	1
516	1027	0
517	1027	0
518	1027	0
519	1027	0
520	1027	0
521	1027	0
522	1027	0
523	1027	0
524	1027	0
525	1027	0
526	1027	0
527	1027	0
528	1027	0
529	1027	1
533	1027	0
534	1027	0
536	1027	0
537	1027	0
538	1027	0
540	1027	0
541	1027	0
542	1027	0
543	1027	0
544	1027	0
546	1027	0
547	1027	0
548	1027	0
549	1027	0
550	1027	0
551	1027	0
553	1027	0
554	1027	0
555	1027	0
556	1027	0
557	1027	0
558	1027	0
559	1027	0
560	1027	0
561	1027	0
562	1027	0
563	1027	0
564	1027	0
565	1027	0
566	1027	0
567	1027	0
568	1027	0
569	1027	0
570	1027	0
571	1027	1
572	1027	0
573	1027	0
574	1027	1
575	1027	0
576	1027	0
577	1027	0
578	1027	0
579	1027	0
580	1027	0
582	1027	0
583	1027	0
584	1027	0
585	1027	0
586	1027	0
587	1027	1
588	1027	0
589	1027	0
590	1027	0
591	1027	0
592	1027	0
593	1027	0
594	1027	1
595	1027	0
596	1027	0
597	1027	0
598	1027	0
599	1027	0
600	1027	0
601	1027	0
602	1027	0
604	1027	0
605	1027	0
606	1027	0
607	1027	0
608	1027	0
609	1027	0
611	1027	0
612	1027	0
613	1027	0
614	1027	0
615	1027	0
616	1027	0
617	1027	0
618	1027	0
619	1027	0
620	1027	0
621	1027	0
622	1027	0
624	1027	0
625	1027	0
626	1027	0
627	1027	0
628	1027	0
630	1027	0
631	1027	0
632	1027	0
633	1027	0
635	1027	0
636	1027	0
637	1027	0
640	1027	0
641	1027	0
642	1027	0
643	1027	0
644	1027	0
645	1027	0
646	1027	0
647	1027	0
648	1027	0
649	1027	0
650	1027	0
651	1027	1
652	1027	0
653	1027	0
654	1027	0
655	1027	0
658	1027	0
659	1027	0
661	1027	0
662	1027	0
663	1027	1
664	1027	0
666	1027	0
667	1027	0
668	1027	0
669	1027	0
670	1027	0
671	1027	0
672	1027	0
673	1027	1
674	1027	0
675	1027	0
676	1027	1
680	1027	0
682	1027	0
683	1027	0
684	1027	0
685	1027	0
686	1027	0
688	1027	0
689	1027	0
690	1027	0
691	1027	1
692	1027	0
693	1027	0
694	1027	0
695	1027	0
696	1027	0
697	1027	0
698	1027	0
699	1027	0
700	1027	0
701	1027	0
702	1027	0
703	1027	0
704	1027	0
705	1027	1
706	1027	0
707	1027	0
708	1027	0
709	1027	0
710	1027	0
711	1027	0
713	1027	0
714	1027	0
715	1027	0
716	1027	0
717	1027	0
718	1027	0
720	1027	0
721	1027	0
722	1027	0
728	1027	0
730	1027	0
731	1027	0
732	1027	0
733	1027	0
734	1027	0
735	1027	0
736	1027	0
737	1027	0
738	1027	0
739	1027	0
740	1027	0
741	1027	0
742	1027	0
743	1027	0
744	1027	0
745	1027	0
746	1027	0
747	1027	0
748	1027	0
749	1027	0
750	1027	1
751	1027	0
752	1027	0
753	1027	0
754	1027	0
755	1027	0
756	1027	0
757	1027	0
758	1027	0
759	1027	1
760	1027	0
761	1027	0
762	1027	0
763	1027	0
764	1027	0
765	1027	0
766	1027	0
767	1027	0
768	1027	0
769	1027	0
770	1027	0
771	1027	0
772	1027	0
773	1027	0
774	1027	1
775	1027	0
776	1027	0
777	1027	0
778	1027	0
779	1027	0
780	1027	0
783	1027	0
784	1027	0
785	1027	0
786	1027	0
787	1027	0
788	1027	0
789	1027	0
790	1027	0
791	1027	0
794	1027	0
796	1027	0
797	1027	0
798	1027	0
799	1027	0
800	1027	0
801	1027	0
802	1027	0
803	1027	0
804	1027	0
806	1027	0
807	1027	0
808	1027	0
809	1027	0
810	1027	0
811	1027	0
814	1027	0
816	1027	0
817	1027	0
819	1027	0
820	1027	0
821	1027	0
824	1027	0
825	1027	0
827	1027	0
828	1027	0
829	1027	1
830	1027	0
831	1027	0
832	1027	1
833	1027	1
834	1027	0
835	1027	0
836	1027	0
837	1027	1
839	1027	0
840	1027	0
841	1027	0
843	1027	0
844	1027	0
845	1027	0
846	1027	0
847	1027	0
848	1027	0
849	1027	0
850	1027	0
851	1027	0
852	1027	0
853	1027	0
854	1027	0
855	1027	0
856	1027	0
857	1027	0
858	1027	0
859	1027	0
860	1027	0
861	1027	0
862	1027	0
863	1027	0
864	1027	1
865	1027	0
866	1027	0
867	1027	0
868	1027	0
869	1027	0
870	1027	0
872	1027	0
873	1027	0
874	1027	0
875	1027	0
876	1027	0
877	1027	0
879	1027	0
880	1027	0
881	1027	0
882	1027	0
883	1027	0
884	1027	0
885	1027	0
886	1027	0
887	1027	0
888	1027	0
889	1027	1
890	1027	0
891	1027	1
892	1027	0
893	1027	0
894	1027	1
895	1027	0
896	1027	0
897	1027	0
898	1027	0
900	1027	1
901	1027	0
902	1027	0
903	1027	0
904	1027	0
905	1027	0
906	1027	0
907	1027	0
908	1027	0
909	1027	0
911	1027	0
912	1027	0
913	1027	0
914	1027	0
916	1027	0
917	1027	0
918	1027	0
919	1027	0
920	1027	0
921	1027	0
922	1027	1
923	1027	0
924	1027	0
925	1027	0
927	1027	0
928	1027	1
930	1027	0
931	1027	0
933	1027	0
934	1027	0
936	1027	0
937	1027	1
939	1027	0
940	1027	0
941	1027	0
942	1027	0
943	1027	0
944	1027	0
945	1027	1
946	1027	0
947	1027	0
948	1027	0
949	1027	0
950	1027	0
952	1027	0
953	1027	0
954	1027	0
955	1027	0
956	1027	0
958	1027	0
961	1027	0
962	1027	0
963	1027	0
964	1027	0
965	1027	1
966	1027	0
967	1027	0
