1	1204	0
2	1204	0
3	1204	0
4	1204	0
5	1204	0
6	1204	0
7	1204	0
8	1204	0
9	1204	0
10	1204	1
11	1204	0
12	1204	0
13	1204	1
14	1204	0
15	1204	0
16	1204	0
17	1204	0
18	1204	1
19	1204	0
20	1204	0
21	1204	0
22	1204	0
23	1204	0
24	1204	0
25	1204	0
26	1204	0
27	1204	0
28	1204	0
29	1204	0
31	1204	0
32	1204	1
33	1204	0
34	1204	0
35	1204	0
36	1204	0
37	1204	0
38	1204	0
39	1204	1
40	1204	0
41	1204	1
43	1204	1
44	1204	0
45	1204	1
46	1204	0
47	1204	0
48	1204	0
49	1204	0
50	1204	0
51	1204	0
52	1204	1
53	1204	0
54	1204	0
55	1204	0
56	1204	0
58	1204	0
59	1204	0
60	1204	0
61	1204	0
62	1204	0
63	1204	0
64	1204	1
65	1204	0
66	1204	1
67	1204	0
68	1204	0
69	1204	0
70	1204	0
71	1204	0
72	1204	0
73	1204	0
74	1204	0
75	1204	0
77	1204	1
78	1204	0
79	1204	0
80	1204	0
81	1204	0
82	1204	0
83	1204	0
84	1204	0
85	1204	0
86	1204	0
87	1204	0
88	1204	0
89	1204	0
90	1204	0
91	1204	0
92	1204	0
93	1204	0
94	1204	0
95	1204	0
96	1204	1
97	1204	0
98	1204	0
99	1204	0
100	1204	0
101	1204	0
102	1204	0
103	1204	0
104	1204	0
105	1204	0
106	1204	0
107	1204	0
108	1204	0
109	1204	1
110	1204	0
111	1204	0
112	1204	0
113	1204	0
114	1204	0
115	1204	0
116	1204	0
117	1204	0
118	1204	0
119	1204	0
120	1204	1
121	1204	0
122	1204	0
123	1204	0
124	1204	0
125	1204	0
128	1204	0
129	1204	0
130	1204	0
131	1204	0
132	1204	0
133	1204	0
134	1204	1
135	1204	0
136	1204	0
137	1204	0
138	1204	0
139	1204	0
140	1204	0
141	1204	0
142	1204	0
143	1204	0
144	1204	0
145	1204	0
146	1204	0
147	1204	0
148	1204	0
149	1204	0
150	1204	0
151	1204	0
152	1204	0
153	1204	0
154	1204	1
155	1204	1
156	1204	1
158	1204	0
159	1204	0
160	1204	0
161	1204	0
162	1204	0
163	1204	1
165	1204	0
166	1204	0
167	1204	1
168	1204	0
169	1204	0
170	1204	0
171	1204	0
172	1204	0
173	1204	1
174	1204	1
175	1204	0
177	1204	0
178	1204	0
179	1204	0
180	1204	0
181	1204	1
182	1204	0
183	1204	0
184	1204	1
185	1204	0
186	1204	0
187	1204	0
188	1204	1
189	1204	0
190	1204	0
191	1204	0
192	1204	0
193	1204	0
194	1204	0
195	1204	0
196	1204	1
197	1204	0
198	1204	0
199	1204	0
200	1204	0
201	1204	0
202	1204	0
203	1204	0
204	1204	0
206	1204	0
207	1204	0
208	1204	0
209	1204	0
210	1204	0
211	1204	0
212	1204	0
213	1204	1
214	1204	0
215	1204	0
216	1204	0
217	1204	0
218	1204	0
219	1204	0
220	1204	0
221	1204	1
222	1204	0
223	1204	0
224	1204	0
226	1204	0
227	1204	0
228	1204	0
229	1204	0
230	1204	0
231	1204	0
232	1204	1
233	1204	1
235	1204	0
236	1204	0
237	1204	0
238	1204	0
239	1204	0
240	1204	0
241	1204	0
242	1204	0
243	1204	0
244	1204	0
245	1204	0
246	1204	0
247	1204	1
248	1204	0
249	1204	0
250	1204	0
251	1204	0
252	1204	1
253	1204	1
254	1204	0
255	1204	0
256	1204	0
257	1204	0
258	1204	0
259	1204	0
260	1204	1
261	1204	0
262	1204	0
263	1204	1
264	1204	0
265	1204	0
266	1204	0
267	1204	0
268	1204	0
270	1204	0
271	1204	0
272	1204	0
273	1204	0
274	1204	0
275	1204	0
276	1204	0
277	1204	0
278	1204	0
279	1204	0
280	1204	0
281	1204	0
282	1204	0
283	1204	0
284	1204	0
285	1204	0
286	1204	1
287	1204	0
288	1204	1
289	1204	1
290	1204	0
291	1204	0
292	1204	0
293	1204	0
294	1204	1
295	1204	0
296	1204	0
297	1204	0
298	1204	1
299	1204	0
300	1204	1
301	1204	0
302	1204	0
303	1204	1
304	1204	0
305	1204	0
306	1204	0
307	1204	0
308	1204	0
309	1204	1
310	1204	1
311	1204	0
312	1204	1
313	1204	0
314	1204	0
315	1204	0
316	1204	0
317	1204	0
318	1204	0
319	1204	0
320	1204	0
321	1204	1
322	1204	0
323	1204	0
324	1204	0
325	1204	0
326	1204	0
327	1204	0
328	1204	0
329	1204	0
330	1204	0
331	1204	0
332	1204	0
333	1204	0
334	1204	0
335	1204	0
336	1204	0
337	1204	0
338	1204	0
339	1204	0
340	1204	0
341	1204	0
342	1204	1
343	1204	1
344	1204	0
345	1204	0
346	1204	0
347	1204	0
348	1204	0
349	1204	0
350	1204	0
351	1204	0
352	1204	0
354	1204	0
355	1204	0
356	1204	1
357	1204	0
358	1204	0
359	1204	1
360	1204	0
362	1204	0
363	1204	0
364	1204	0
365	1204	0
366	1204	0
367	1204	0
368	1204	0
369	1204	0
370	1204	0
371	1204	0
372	1204	0
373	1204	0
374	1204	0
375	1204	1
376	1204	0
377	1204	0
378	1204	0
379	1204	0
380	1204	0
381	1204	0
382	1204	0
383	1204	0
384	1204	0
385	1204	0
386	1204	0
387	1204	0
388	1204	0
389	1204	1
391	1204	0
392	1204	0
393	1204	0
394	1204	1
395	1204	0
396	1204	0
397	1204	0
398	1204	0
399	1204	0
400	1204	0
401	1204	0
402	1204	0
403	1204	0
404	1204	0
405	1204	0
406	1204	0
407	1204	0
408	1204	1
410	1204	0
411	1204	1
412	1204	0
413	1204	0
414	1204	0
415	1204	0
416	1204	0
417	1204	0
418	1204	0
419	1204	1
420	1204	0
421	1204	0
422	1204	0
423	1204	0
424	1204	0
425	1204	0
426	1204	0
427	1204	0
428	1204	0
429	1204	0
430	1204	0
431	1204	0
432	1204	0
433	1204	0
434	1204	0
435	1204	0
436	1204	0
437	1204	0
438	1204	0
439	1204	0
440	1204	0
441	1204	0
442	1204	0
443	1204	0
444	1204	1
445	1204	0
446	1204	1
447	1204	0
448	1204	0
449	1204	0
450	1204	0
451	1204	0
452	1204	0
453	1204	0
454	1204	0
455	1204	0
456	1204	0
457	1204	0
458	1204	0
459	1204	0
460	1204	0
461	1204	1
462	1204	0
463	1204	0
464	1204	0
465	1204	1
466	1204	1
467	1204	0
468	1204	0
469	1204	0
470	1204	1
471	1204	0
472	1204	0
473	1204	0
474	1204	0
475	1204	0
476	1204	0
477	1204	0
478	1204	0
479	1204	0
480	1204	0
481	1204	0
482	1204	0
483	1204	1
484	1204	0
485	1204	0
486	1204	0
487	1204	0
488	1204	1
489	1204	1
491	1204	0
493	1204	0
494	1204	0
495	1204	0
496	1204	0
497	1204	0
499	1204	0
500	1204	0
501	1204	0
502	1204	0
503	1204	0
504	1204	0
505	1204	0
506	1204	1
507	1204	1
508	1204	1
509	1204	0
510	1204	0
511	1204	0
512	1204	0
513	1204	0
514	1204	1
515	1204	0
516	1204	0
517	1204	0
518	1204	1
519	1204	0
520	1204	1
521	1204	0
522	1204	0
523	1204	0
524	1204	0
525	1204	0
527	1204	0
528	1204	0
529	1204	0
530	1204	0
531	1204	0
533	1204	0
534	1204	0
535	1204	0
536	1204	0
537	1204	0
538	1204	0
539	1204	1
540	1204	0
541	1204	0
542	1204	0
543	1204	0
544	1204	1
545	1204	0
546	1204	0
547	1204	0
548	1204	0
549	1204	0
550	1204	0
551	1204	0
552	1204	0
553	1204	0
554	1204	0
555	1204	0
556	1204	0
557	1204	0
558	1204	0
560	1204	0
561	1204	0
562	1204	0
563	1204	0
564	1204	0
565	1204	0
566	1204	0
567	1204	0
568	1204	0
569	1204	0
570	1204	0
571	1204	0
572	1204	0
574	1204	0
575	1204	0
576	1204	0
577	1204	0
578	1204	0
579	1204	0
581	1204	0
582	1204	0
583	1204	0
584	1204	0
585	1204	0
586	1204	0
587	1204	0
588	1204	0
589	1204	0
590	1204	0
591	1204	0
593	1204	0
594	1204	0
595	1204	0
596	1204	0
597	1204	0
598	1204	0
599	1204	0
600	1204	0
601	1204	0
602	1204	0
604	1204	0
605	1204	1
607	1204	0
608	1204	0
609	1204	0
611	1204	0
612	1204	1
614	1204	0
615	1204	0
616	1204	0
617	1204	0
618	1204	0
619	1204	0
622	1204	0
624	1204	0
625	1204	0
626	1204	0
627	1204	0
628	1204	0
630	1204	0
632	1204	0
633	1204	0
634	1204	0
635	1204	0
636	1204	0
637	1204	0
638	1204	0
639	1204	0
640	1204	0
641	1204	1
642	1204	0
643	1204	0
644	1204	0
645	1204	0
646	1204	0
647	1204	0
648	1204	0
649	1204	1
650	1204	0
651	1204	1
652	1204	0
653	1204	0
654	1204	0
655	1204	0
656	1204	0
657	1204	0
658	1204	0
659	1204	0
660	1204	0
661	1204	1
662	1204	0
663	1204	0
664	1204	1
665	1204	0
666	1204	0
667	1204	0
669	1204	0
670	1204	1
671	1204	0
672	1204	0
673	1204	0
674	1204	0
675	1204	0
676	1204	0
677	1204	0
678	1204	0
679	1204	0
680	1204	0
681	1204	1
682	1204	0
683	1204	0
684	1204	0
685	1204	0
686	1204	0
687	1204	0
688	1204	0
689	1204	0
690	1204	0
691	1204	0
692	1204	0
693	1204	0
694	1204	0
696	1204	0
697	1204	0
698	1204	0
699	1204	0
700	1204	0
701	1204	0
702	1204	0
703	1204	0
704	1204	0
705	1204	0
706	1204	0
707	1204	0
708	1204	0
709	1204	0
710	1204	0
711	1204	0
712	1204	0
713	1204	0
714	1204	0
715	1204	0
716	1204	0
717	1204	0
718	1204	0
719	1204	0
720	1204	0
721	1204	0
722	1204	1
723	1204	0
724	1204	0
725	1204	0
726	1204	0
727	1204	0
729	1204	0
730	1204	0
731	1204	0
732	1204	0
733	1204	0
734	1204	0
735	1204	0
736	1204	0
737	1204	0
738	1204	0
739	1204	0
740	1204	0
741	1204	0
742	1204	0
743	1204	0
744	1204	0
745	1204	0
746	1204	0
747	1204	0
748	1204	1
749	1204	1
750	1204	0
751	1204	0
752	1204	0
753	1204	0
754	1204	0
755	1204	0
756	1204	0
758	1204	0
759	1204	0
760	1204	0
761	1204	0
762	1204	0
764	1204	0
765	1204	0
766	1204	0
767	1204	0
768	1204	0
769	1204	0
770	1204	1
771	1204	1
772	1204	1
773	1204	0
775	1204	0
776	1204	0
777	1204	0
778	1204	0
779	1204	0
780	1204	0
781	1204	0
782	1204	0
783	1204	0
784	1204	0
785	1204	0
786	1204	0
787	1204	0
788	1204	0
789	1204	0
790	1204	0
791	1204	0
792	1204	0
793	1204	0
794	1204	0
795	1204	0
796	1204	0
797	1204	0
798	1204	0
799	1204	0
800	1204	0
801	1204	0
802	1204	1
803	1204	0
804	1204	0
805	1204	0
806	1204	0
807	1204	0
808	1204	0
809	1204	0
810	1204	0
811	1204	1
812	1204	0
814	1204	0
816	1204	0
817	1204	0
818	1204	0
819	1204	0
820	1204	0
822	1204	0
823	1204	0
824	1204	0
825	1204	0
826	1204	0
827	1204	0
829	1204	1
830	1204	1
831	1204	0
832	1204	1
833	1204	1
834	1204	0
835	1204	0
836	1204	0
838	1204	0
839	1204	0
840	1204	0
841	1204	1
842	1204	0
843	1204	0
844	1204	0
845	1204	0
846	1204	0
847	1204	0
848	1204	0
849	1204	0
850	1204	0
851	1204	0
852	1204	0
853	1204	0
854	1204	0
855	1204	0
856	1204	0
857	1204	1
858	1204	0
859	1204	0
860	1204	0
861	1204	0
863	1204	1
864	1204	0
865	1204	0
866	1204	0
867	1204	1
868	1204	0
869	1204	0
870	1204	1
871	1204	0
872	1204	0
873	1204	0
874	1204	0
875	1204	0
876	1204	0
877	1204	0
878	1204	1
880	1204	0
881	1204	0
882	1204	0
883	1204	0
884	1204	0
885	1204	0
886	1204	0
887	1204	0
888	1204	0
889	1204	0
890	1204	0
891	1204	1
892	1204	0
893	1204	0
894	1204	0
895	1204	1
896	1204	0
897	1204	0
898	1204	0
899	1204	0
900	1204	0
901	1204	0
902	1204	0
903	1204	1
904	1204	0
905	1204	0
907	1204	0
908	1204	0
909	1204	0
910	1204	0
911	1204	0
912	1204	0
913	1204	0
914	1204	0
915	1204	0
916	1204	0
917	1204	0
918	1204	0
919	1204	0
920	1204	0
921	1204	0
922	1204	0
923	1204	1
924	1204	0
925	1204	0
926	1204	0
927	1204	0
928	1204	0
929	1204	0
930	1204	0
931	1204	0
933	1204	0
934	1204	1
935	1204	0
936	1204	0
937	1204	0
939	1204	0
940	1204	0
941	1204	0
942	1204	0
943	1204	0
944	1204	0
945	1204	0
946	1204	0
947	1204	0
948	1204	0
949	1204	0
950	1204	0
953	1204	0
954	1204	0
955	1204	0
957	1204	0
958	1204	0
959	1204	0
960	1204	0
961	1204	0
962	1204	0
963	1204	0
964	1204	0
965	1204	1
966	1204	0
967	1204	1
