0	1108	0
1	1108	0
2	1108	0
3	1108	0
4	1108	0
5	1108	0
6	1108	0
7	1108	0
8	1108	1
9	1108	0
10	1108	0
11	1108	0
12	1108	0
13	1108	0
14	1108	0
15	1108	0
16	1108	0
17	1108	1
18	1108	1
19	1108	0
20	1108	0
21	1108	0
22	1108	0
23	1108	0
24	1108	0
26	1108	0
27	1108	0
28	1108	0
29	1108	0
30	1108	0
31	1108	1
32	1108	0
33	1108	1
34	1108	0
35	1108	0
36	1108	0
37	1108	0
38	1108	0
39	1108	0
40	1108	0
42	1108	0
43	1108	0
44	1108	0
46	1108	0
47	1108	0
48	1108	1
49	1108	0
50	1108	0
51	1108	0
52	1108	0
53	1108	0
54	1108	0
55	1108	0
56	1108	1
57	1108	0
58	1108	0
59	1108	1
60	1108	0
61	1108	0
62	1108	0
64	1108	0
65	1108	0
66	1108	0
67	1108	0
68	1108	0
69	1108	0
70	1108	0
71	1108	0
72	1108	0
73	1108	1
74	1108	0
75	1108	0
76	1108	0
77	1108	0
78	1108	0
79	1108	0
80	1108	0
81	1108	0
82	1108	0
83	1108	0
84	1108	1
85	1108	0
86	1108	0
87	1108	0
88	1108	0
89	1108	0
90	1108	0
91	1108	0
92	1108	0
93	1108	0
94	1108	0
95	1108	0
96	1108	0
97	1108	0
98	1108	0
99	1108	0
100	1108	0
101	1108	0
102	1108	0
103	1108	0
104	1108	0
105	1108	0
106	1108	0
109	1108	0
111	1108	0
112	1108	0
113	1108	0
114	1108	0
115	1108	0
116	1108	0
117	1108	0
118	1108	0
119	1108	1
120	1108	1
121	1108	0
122	1108	0
123	1108	0
124	1108	0
125	1108	1
126	1108	0
127	1108	0
129	1108	0
130	1108	1
131	1108	0
132	1108	1
133	1108	0
134	1108	0
136	1108	1
137	1108	1
138	1108	0
139	1108	0
140	1108	1
141	1108	0
142	1108	0
143	1108	0
144	1108	0
145	1108	1
146	1108	0
147	1108	0
148	1108	0
149	1108	0
150	1108	1
151	1108	1
152	1108	0
153	1108	0
154	1108	1
155	1108	0
156	1108	0
157	1108	0
158	1108	0
159	1108	0
160	1108	1
161	1108	1
162	1108	0
163	1108	0
165	1108	0
166	1108	0
167	1108	0
168	1108	0
169	1108	0
170	1108	0
171	1108	0
172	1108	0
173	1108	0
174	1108	1
175	1108	0
177	1108	0
178	1108	0
179	1108	0
180	1108	0
182	1108	1
183	1108	0
184	1108	0
185	1108	0
186	1108	0
187	1108	0
188	1108	1
189	1108	0
190	1108	0
191	1108	0
192	1108	1
193	1108	0
194	1108	0
195	1108	0
196	1108	0
197	1108	0
198	1108	0
199	1108	0
200	1108	0
201	1108	1
202	1108	0
203	1108	0
204	1108	0
206	1108	0
207	1108	0
208	1108	0
210	1108	0
211	1108	0
212	1108	1
213	1108	0
214	1108	0
215	1108	0
216	1108	1
217	1108	0
218	1108	0
219	1108	0
220	1108	1
222	1108	0
223	1108	0
224	1108	0
225	1108	0
226	1108	0
227	1108	0
228	1108	0
229	1108	0
230	1108	1
231	1108	0
232	1108	1
233	1108	0
234	1108	0
235	1108	0
236	1108	0
237	1108	0
238	1108	0
239	1108	0
240	1108	0
241	1108	0
242	1108	0
244	1108	0
245	1108	0
246	1108	0
247	1108	0
248	1108	0
249	1108	0
250	1108	0
252	1108	0
253	1108	1
254	1108	0
255	1108	0
256	1108	0
258	1108	0
259	1108	1
260	1108	0
261	1108	0
262	1108	0
263	1108	0
264	1108	0
265	1108	0
266	1108	0
267	1108	1
268	1108	0
269	1108	0
270	1108	0
271	1108	0
272	1108	0
274	1108	0
275	1108	1
276	1108	0
277	1108	0
278	1108	0
279	1108	0
280	1108	0
281	1108	0
282	1108	0
283	1108	0
284	1108	0
285	1108	0
286	1108	0
287	1108	1
288	1108	0
289	1108	0
290	1108	0
291	1108	0
292	1108	0
293	1108	1
294	1108	0
295	1108	0
296	1108	1
297	1108	0
298	1108	0
299	1108	0
300	1108	0
301	1108	0
302	1108	0
303	1108	1
304	1108	0
305	1108	1
306	1108	0
307	1108	0
308	1108	0
309	1108	0
310	1108	0
311	1108	0
312	1108	0
313	1108	1
314	1108	0
315	1108	1
316	1108	0
317	1108	0
318	1108	0
319	1108	1
320	1108	0
321	1108	0
322	1108	0
323	1108	1
324	1108	0
325	1108	1
326	1108	0
327	1108	0
328	1108	1
329	1108	0
330	1108	0
331	1108	0
333	1108	0
335	1108	0
336	1108	0
337	1108	0
338	1108	0
339	1108	0
340	1108	0
341	1108	1
342	1108	0
343	1108	0
344	1108	1
346	1108	1
347	1108	0
348	1108	0
349	1108	0
350	1108	1
351	1108	0
352	1108	0
354	1108	0
355	1108	0
357	1108	0
358	1108	0
359	1108	0
360	1108	1
361	1108	0
363	1108	0
364	1108	0
365	1108	0
366	1108	0
367	1108	0
368	1108	0
370	1108	0
371	1108	0
372	1108	0
373	1108	0
374	1108	0
375	1108	1
377	1108	0
378	1108	0
379	1108	1
380	1108	1
381	1108	0
382	1108	0
383	1108	0
384	1108	0
385	1108	0
386	1108	0
387	1108	0
388	1108	0
389	1108	0
390	1108	0
391	1108	0
393	1108	0
394	1108	0
395	1108	0
396	1108	0
398	1108	0
399	1108	0
400	1108	1
401	1108	0
402	1108	1
403	1108	0
404	1108	1
405	1108	0
406	1108	0
407	1108	0
408	1108	0
409	1108	0
410	1108	0
411	1108	0
412	1108	0
413	1108	0
414	1108	0
415	1108	0
416	1108	0
417	1108	0
418	1108	0
419	1108	0
420	1108	0
421	1108	1
422	1108	0
423	1108	0
424	1108	0
425	1108	0
426	1108	0
427	1108	0
428	1108	0
429	1108	0
431	1108	0
432	1108	0
433	1108	0
434	1108	0
435	1108	0
436	1108	0
437	1108	1
438	1108	1
439	1108	0
440	1108	0
441	1108	0
442	1108	0
443	1108	1
444	1108	0
445	1108	0
446	1108	0
447	1108	1
448	1108	0
449	1108	1
450	1108	0
451	1108	0
452	1108	0
453	1108	0
454	1108	0
455	1108	0
456	1108	0
457	1108	0
458	1108	0
459	1108	0
460	1108	0
461	1108	0
462	1108	0
463	1108	0
464	1108	0
465	1108	0
466	1108	1
467	1108	0
468	1108	0
469	1108	0
470	1108	0
471	1108	1
472	1108	0
473	1108	1
474	1108	1
475	1108	0
476	1108	0
477	1108	0
478	1108	0
480	1108	0
481	1108	0
482	1108	0
483	1108	0
484	1108	0
485	1108	0
486	1108	0
487	1108	0
489	1108	0
490	1108	0
491	1108	0
492	1108	0
493	1108	0
495	1108	0
496	1108	0
497	1108	0
499	1108	0
500	1108	0
501	1108	0
502	1108	0
503	1108	1
505	1108	1
506	1108	1
508	1108	0
509	1108	0
510	1108	0
511	1108	0
512	1108	0
513	1108	0
514	1108	1
515	1108	0
516	1108	0
517	1108	0
518	1108	1
519	1108	0
520	1108	0
521	1108	0
522	1108	1
523	1108	0
524	1108	0
525	1108	0
526	1108	1
527	1108	1
528	1108	0
529	1108	1
531	1108	0
533	1108	0
534	1108	0
536	1108	0
537	1108	0
538	1108	0
540	1108	0
541	1108	0
542	1108	1
543	1108	0
544	1108	0
546	1108	0
547	1108	0
548	1108	0
549	1108	0
550	1108	0
551	1108	0
553	1108	0
554	1108	0
555	1108	1
556	1108	0
557	1108	0
558	1108	0
559	1108	0
560	1108	0
561	1108	0
562	1108	0
563	1108	0
564	1108	0
565	1108	1
566	1108	0
567	1108	0
568	1108	0
569	1108	0
570	1108	0
571	1108	0
572	1108	0
574	1108	0
575	1108	0
576	1108	0
577	1108	0
578	1108	0
579	1108	0
580	1108	0
582	1108	0
583	1108	0
584	1108	0
585	1108	1
586	1108	0
587	1108	0
588	1108	0
589	1108	0
590	1108	0
591	1108	0
592	1108	1
593	1108	0
594	1108	0
595	1108	0
596	1108	0
597	1108	0
598	1108	1
599	1108	0
600	1108	0
601	1108	0
602	1108	0
604	1108	0
605	1108	0
606	1108	1
607	1108	0
608	1108	0
609	1108	0
611	1108	0
612	1108	0
614	1108	0
615	1108	0
616	1108	0
617	1108	0
618	1108	0
619	1108	0
620	1108	1
621	1108	1
622	1108	0
624	1108	0
625	1108	1
626	1108	0
627	1108	0
628	1108	0
630	1108	1
631	1108	0
632	1108	0
633	1108	1
635	1108	1
636	1108	0
637	1108	0
640	1108	0
641	1108	0
642	1108	0
643	1108	0
644	1108	0
645	1108	0
646	1108	0
647	1108	0
648	1108	0
649	1108	0
650	1108	1
651	1108	0
652	1108	0
653	1108	0
654	1108	0
655	1108	0
656	1108	0
657	1108	0
658	1108	0
659	1108	0
660	1108	0
661	1108	1
662	1108	0
663	1108	0
664	1108	1
666	1108	0
667	1108	1
668	1108	0
669	1108	0
670	1108	0
671	1108	0
672	1108	0
673	1108	0
674	1108	0
675	1108	0
676	1108	0
677	1108	1
678	1108	0
679	1108	0
680	1108	0
681	1108	0
682	1108	0
683	1108	0
684	1108	0
685	1108	0
686	1108	0
687	1108	0
688	1108	0
689	1108	0
690	1108	0
691	1108	0
692	1108	1
693	1108	0
694	1108	0
695	1108	0
696	1108	0
697	1108	0
698	1108	0
699	1108	0
700	1108	0
701	1108	0
702	1108	0
703	1108	0
704	1108	0
705	1108	0
706	1108	0
707	1108	0
708	1108	0
709	1108	0
710	1108	0
711	1108	0
712	1108	0
713	1108	0
714	1108	0
715	1108	0
716	1108	0
717	1108	0
718	1108	0
719	1108	0
720	1108	0
721	1108	0
722	1108	0
723	1108	1
724	1108	0
725	1108	0
726	1108	1
727	1108	1
728	1108	0
730	1108	0
731	1108	0
732	1108	0
733	1108	0
734	1108	0
735	1108	0
736	1108	0
737	1108	0
738	1108	0
739	1108	0
740	1108	0
741	1108	0
742	1108	0
743	1108	0
744	1108	0
745	1108	0
746	1108	0
747	1108	0
748	1108	0
749	1108	0
750	1108	0
751	1108	0
752	1108	0
753	1108	0
754	1108	0
755	1108	0
756	1108	0
757	1108	0
758	1108	1
759	1108	1
760	1108	1
761	1108	0
762	1108	0
763	1108	0
764	1108	0
765	1108	0
767	1108	0
768	1108	0
769	1108	0
770	1108	0
771	1108	0
772	1108	0
773	1108	1
774	1108	0
775	1108	0
776	1108	0
777	1108	0
778	1108	0
779	1108	0
780	1108	1
782	1108	0
783	1108	0
784	1108	0
785	1108	0
786	1108	0
787	1108	0
788	1108	0
789	1108	0
790	1108	0
791	1108	0
793	1108	0
794	1108	0
795	1108	0
796	1108	0
797	1108	0
798	1108	1
799	1108	0
800	1108	0
801	1108	0
802	1108	0
803	1108	0
804	1108	0
806	1108	0
807	1108	0
808	1108	0
809	1108	0
810	1108	0
811	1108	0
812	1108	0
813	1108	1
814	1108	0
816	1108	0
817	1108	0
818	1108	1
819	1108	0
820	1108	1
821	1108	0
822	1108	0
823	1108	0
824	1108	0
825	1108	0
826	1108	0
827	1108	0
828	1108	0
829	1108	1
830	1108	1
831	1108	0
832	1108	1
833	1108	0
834	1108	0
835	1108	0
836	1108	0
837	1108	1
839	1108	0
840	1108	0
841	1108	0
842	1108	0
843	1108	0
844	1108	0
845	1108	0
847	1108	0
848	1108	0
849	1108	0
850	1108	0
851	1108	0
852	1108	0
853	1108	0
854	1108	1
855	1108	0
856	1108	0
857	1108	1
858	1108	0
859	1108	0
860	1108	0
861	1108	0
862	1108	0
863	1108	0
864	1108	0
865	1108	0
866	1108	0
867	1108	0
868	1108	0
869	1108	0
870	1108	1
872	1108	0
873	1108	0
874	1108	0
875	1108	0
876	1108	0
877	1108	0
878	1108	0
879	1108	0
880	1108	0
881	1108	0
882	1108	0
883	1108	0
884	1108	0
885	1108	0
886	1108	0
887	1108	0
888	1108	1
889	1108	0
890	1108	0
891	1108	1
892	1108	0
893	1108	0
894	1108	0
895	1108	0
896	1108	0
897	1108	0
898	1108	0
900	1108	0
901	1108	0
902	1108	0
903	1108	0
904	1108	0
905	1108	0
906	1108	0
907	1108	1
908	1108	0
909	1108	0
910	1108	0
911	1108	0
912	1108	1
913	1108	0
914	1108	0
916	1108	0
918	1108	0
919	1108	0
920	1108	0
921	1108	0
922	1108	0
923	1108	0
924	1108	0
925	1108	0
926	1108	0
927	1108	0
928	1108	0
930	1108	0
931	1108	0
933	1108	0
934	1108	0
935	1108	0
936	1108	0
937	1108	0
938	1108	0
939	1108	0
940	1108	0
941	1108	0
942	1108	0
944	1108	0
945	1108	0
946	1108	0
947	1108	0
948	1108	1
949	1108	0
950	1108	0
952	1108	0
953	1108	1
954	1108	1
955	1108	0
956	1108	0
958	1108	1
959	1108	1
961	1108	0
962	1108	0
963	1108	0
964	1108	1
965	1108	0
967	1108	0
