0	1077	0
1	1077	0
2	1077	0
3	1077	0
4	1077	0
5	1077	0
6	1077	0
7	1077	0
8	1077	1
9	1077	1
10	1077	0
11	1077	0
12	1077	0
13	1077	0
14	1077	0
15	1077	0
16	1077	0
17	1077	1
18	1077	1
19	1077	0
20	1077	0
21	1077	0
22	1077	0
23	1077	0
24	1077	0
26	1077	0
27	1077	0
28	1077	0
29	1077	0
30	1077	0
31	1077	1
32	1077	1
33	1077	0
34	1077	1
35	1077	0
36	1077	1
37	1077	0
38	1077	0
39	1077	1
40	1077	0
42	1077	0
43	1077	0
44	1077	0
45	1077	1
46	1077	0
47	1077	1
48	1077	0
49	1077	0
50	1077	0
51	1077	0
52	1077	0
53	1077	0
54	1077	0
55	1077	0
56	1077	0
57	1077	0
58	1077	0
59	1077	1
60	1077	0
61	1077	0
62	1077	0
64	1077	0
65	1077	0
66	1077	0
67	1077	0
68	1077	0
69	1077	0
70	1077	0
71	1077	1
72	1077	0
73	1077	0
74	1077	0
75	1077	0
76	1077	0
77	1077	0
78	1077	0
79	1077	0
80	1077	0
81	1077	0
82	1077	0
83	1077	0
84	1077	0
85	1077	0
86	1077	0
87	1077	0
88	1077	0
89	1077	0
90	1077	0
91	1077	0
92	1077	0
93	1077	0
94	1077	0
95	1077	0
96	1077	1
97	1077	0
98	1077	0
99	1077	0
100	1077	0
101	1077	1
102	1077	0
103	1077	0
104	1077	0
105	1077	0
106	1077	0
109	1077	1
111	1077	0
112	1077	0
113	1077	0
114	1077	0
115	1077	0
116	1077	0
117	1077	0
118	1077	0
119	1077	0
120	1077	0
121	1077	0
122	1077	0
123	1077	0
124	1077	0
125	1077	0
126	1077	0
127	1077	0
129	1077	0
130	1077	0
131	1077	0
132	1077	0
133	1077	0
134	1077	0
136	1077	0
137	1077	0
138	1077	1
139	1077	0
140	1077	0
141	1077	0
142	1077	0
143	1077	0
144	1077	0
145	1077	0
146	1077	0
147	1077	0
148	1077	0
149	1077	0
150	1077	0
151	1077	1
152	1077	1
153	1077	0
154	1077	1
155	1077	0
156	1077	0
157	1077	0
158	1077	1
159	1077	0
160	1077	0
161	1077	0
162	1077	0
163	1077	1
165	1077	0
166	1077	0
167	1077	0
168	1077	0
169	1077	0
170	1077	1
171	1077	1
172	1077	1
173	1077	0
174	1077	0
175	1077	0
177	1077	0
178	1077	0
179	1077	0
180	1077	0
182	1077	0
183	1077	0
184	1077	0
185	1077	1
186	1077	0
187	1077	0
188	1077	1
189	1077	0
190	1077	0
191	1077	1
192	1077	1
193	1077	1
194	1077	1
195	1077	0
196	1077	1
197	1077	1
198	1077	1
199	1077	0
200	1077	0
201	1077	0
202	1077	0
203	1077	1
204	1077	1
206	1077	1
207	1077	0
208	1077	1
210	1077	0
211	1077	0
212	1077	1
213	1077	0
214	1077	0
215	1077	0
216	1077	0
217	1077	0
218	1077	0
219	1077	0
220	1077	0
222	1077	0
223	1077	0
224	1077	0
225	1077	0
226	1077	0
227	1077	1
228	1077	0
229	1077	0
230	1077	0
231	1077	0
232	1077	1
233	1077	0
234	1077	0
235	1077	0
236	1077	0
237	1077	0
238	1077	0
239	1077	0
240	1077	0
241	1077	0
242	1077	0
244	1077	0
245	1077	0
246	1077	0
247	1077	0
248	1077	0
249	1077	0
250	1077	0
251	1077	0
252	1077	0
253	1077	1
254	1077	0
255	1077	1
256	1077	0
258	1077	0
259	1077	0
260	1077	0
261	1077	0
262	1077	0
263	1077	0
264	1077	0
265	1077	0
266	1077	0
267	1077	0
268	1077	0
269	1077	0
270	1077	0
271	1077	0
272	1077	0
274	1077	0
275	1077	0
276	1077	0
277	1077	0
278	1077	0
279	1077	0
280	1077	1
281	1077	0
282	1077	0
283	1077	0
284	1077	0
285	1077	0
286	1077	0
287	1077	0
288	1077	1
289	1077	1
290	1077	0
291	1077	0
292	1077	1
293	1077	0
294	1077	0
295	1077	0
296	1077	0
297	1077	0
298	1077	0
299	1077	0
300	1077	0
301	1077	0
302	1077	0
303	1077	0
304	1077	0
305	1077	0
306	1077	0
307	1077	0
308	1077	0
309	1077	0
310	1077	0
311	1077	0
312	1077	0
313	1077	0
314	1077	0
315	1077	0
316	1077	0
317	1077	1
318	1077	0
319	1077	0
320	1077	0
321	1077	0
322	1077	0
323	1077	0
324	1077	0
325	1077	1
326	1077	0
327	1077	1
328	1077	0
329	1077	0
330	1077	1
331	1077	0
333	1077	0
335	1077	0
336	1077	1
337	1077	0
338	1077	0
339	1077	0
340	1077	1
341	1077	1
342	1077	0
343	1077	0
344	1077	0
346	1077	0
347	1077	0
348	1077	0
349	1077	0
350	1077	0
351	1077	0
352	1077	0
354	1077	1
355	1077	0
357	1077	0
358	1077	0
359	1077	1
360	1077	1
361	1077	1
363	1077	0
364	1077	0
365	1077	0
366	1077	0
367	1077	0
368	1077	0
370	1077	1
371	1077	1
372	1077	1
373	1077	1
374	1077	0
375	1077	1
377	1077	1
378	1077	1
379	1077	0
380	1077	1
381	1077	0
382	1077	0
383	1077	0
384	1077	0
385	1077	0
386	1077	0
387	1077	0
388	1077	0
389	1077	0
390	1077	0
391	1077	0
393	1077	0
394	1077	0
395	1077	1
396	1077	0
398	1077	0
399	1077	0
400	1077	0
401	1077	0
402	1077	0
403	1077	0
404	1077	1
405	1077	0
406	1077	0
407	1077	0
408	1077	0
409	1077	0
410	1077	0
411	1077	0
412	1077	0
413	1077	0
414	1077	0
415	1077	0
416	1077	1
417	1077	0
418	1077	0
419	1077	0
420	1077	0
421	1077	0
422	1077	0
423	1077	0
424	1077	1
425	1077	0
426	1077	0
427	1077	0
428	1077	0
429	1077	0
431	1077	0
432	1077	0
433	1077	0
434	1077	0
435	1077	0
436	1077	1
437	1077	0
438	1077	1
439	1077	0
440	1077	0
441	1077	0
442	1077	0
443	1077	0
444	1077	0
445	1077	0
446	1077	1
447	1077	0
448	1077	0
449	1077	1
450	1077	0
451	1077	0
452	1077	0
453	1077	0
454	1077	0
455	1077	0
456	1077	0
457	1077	0
458	1077	0
459	1077	0
460	1077	0
461	1077	0
462	1077	0
463	1077	0
464	1077	1
465	1077	1
466	1077	0
467	1077	0
468	1077	0
469	1077	0
470	1077	0
471	1077	0
472	1077	0
473	1077	1
474	1077	0
475	1077	0
476	1077	0
477	1077	0
478	1077	0
480	1077	0
481	1077	0
482	1077	0
483	1077	0
484	1077	0
485	1077	0
486	1077	0
487	1077	0
489	1077	0
490	1077	0
491	1077	0
492	1077	0
493	1077	0
495	1077	0
496	1077	1
497	1077	0
499	1077	0
500	1077	1
501	1077	0
502	1077	0
503	1077	1
505	1077	1
506	1077	1
508	1077	1
509	1077	1
510	1077	0
511	1077	0
512	1077	0
513	1077	0
514	1077	1
515	1077	1
516	1077	1
517	1077	0
518	1077	1
519	1077	0
520	1077	1
521	1077	0
522	1077	1
523	1077	0
524	1077	0
525	1077	0
526	1077	1
527	1077	0
528	1077	0
529	1077	0
531	1077	0
533	1077	0
534	1077	0
536	1077	0
537	1077	0
538	1077	0
540	1077	0
541	1077	0
542	1077	0
543	1077	0
544	1077	0
546	1077	0
547	1077	0
548	1077	0
549	1077	0
550	1077	0
551	1077	0
553	1077	0
554	1077	0
555	1077	0
556	1077	0
557	1077	0
558	1077	0
559	1077	0
560	1077	1
561	1077	0
562	1077	0
563	1077	0
564	1077	0
565	1077	0
566	1077	0
567	1077	0
568	1077	0
569	1077	0
570	1077	0
571	1077	0
572	1077	0
574	1077	0
575	1077	0
576	1077	0
577	1077	0
578	1077	0
579	1077	0
580	1077	0
582	1077	0
583	1077	0
584	1077	0
585	1077	1
586	1077	0
587	1077	0
588	1077	0
589	1077	0
590	1077	0
591	1077	0
592	1077	0
593	1077	0
594	1077	1
595	1077	0
596	1077	0
597	1077	0
598	1077	0
599	1077	0
600	1077	0
601	1077	0
602	1077	0
604	1077	0
605	1077	0
606	1077	1
607	1077	0
608	1077	0
609	1077	0
611	1077	0
612	1077	0
613	1077	0
614	1077	0
615	1077	0
616	1077	0
617	1077	1
618	1077	0
619	1077	0
620	1077	0
621	1077	0
622	1077	0
624	1077	0
625	1077	0
626	1077	0
627	1077	0
628	1077	0
630	1077	1
631	1077	0
632	1077	1
633	1077	0
635	1077	0
636	1077	0
637	1077	1
640	1077	1
641	1077	0
642	1077	0
643	1077	0
644	1077	0
645	1077	1
646	1077	0
647	1077	0
648	1077	0
649	1077	0
650	1077	1
651	1077	0
652	1077	1
653	1077	0
654	1077	0
655	1077	0
656	1077	0
657	1077	0
658	1077	0
659	1077	0
660	1077	0
661	1077	1
662	1077	1
663	1077	1
664	1077	1
666	1077	1
667	1077	0
668	1077	0
669	1077	0
670	1077	0
671	1077	0
672	1077	0
673	1077	1
674	1077	0
675	1077	0
676	1077	0
677	1077	0
678	1077	0
679	1077	0
680	1077	0
681	1077	0
682	1077	0
683	1077	0
684	1077	0
685	1077	0
686	1077	0
687	1077	0
688	1077	0
689	1077	0
690	1077	0
691	1077	1
692	1077	1
693	1077	0
694	1077	1
695	1077	1
696	1077	0
697	1077	0
698	1077	0
699	1077	0
700	1077	0
701	1077	0
702	1077	0
703	1077	1
704	1077	0
705	1077	0
706	1077	0
707	1077	0
708	1077	0
709	1077	0
710	1077	0
711	1077	0
712	1077	0
713	1077	1
714	1077	0
715	1077	0
716	1077	0
717	1077	0
718	1077	0
719	1077	0
720	1077	0
721	1077	0
722	1077	0
723	1077	0
724	1077	0
725	1077	0
726	1077	0
727	1077	0
728	1077	0
730	1077	0
731	1077	0
732	1077	1
733	1077	0
734	1077	0
735	1077	0
736	1077	0
737	1077	0
738	1077	0
739	1077	0
740	1077	0
741	1077	0
742	1077	0
743	1077	0
744	1077	0
745	1077	0
746	1077	0
747	1077	1
748	1077	1
749	1077	0
750	1077	1
751	1077	0
752	1077	0
753	1077	0
754	1077	1
755	1077	0
756	1077	0
757	1077	0
758	1077	0
759	1077	1
760	1077	0
761	1077	0
762	1077	0
763	1077	1
764	1077	0
765	1077	0
767	1077	0
768	1077	0
769	1077	0
770	1077	0
771	1077	0
772	1077	0
773	1077	0
774	1077	1
775	1077	0
776	1077	0
777	1077	0
778	1077	0
779	1077	0
780	1077	0
782	1077	0
783	1077	0
784	1077	0
785	1077	0
786	1077	0
787	1077	0
788	1077	0
789	1077	0
790	1077	1
791	1077	1
793	1077	0
794	1077	0
795	1077	1
796	1077	1
797	1077	0
798	1077	0
799	1077	0
800	1077	0
801	1077	0
802	1077	0
803	1077	0
804	1077	0
806	1077	1
807	1077	0
808	1077	1
809	1077	0
810	1077	0
811	1077	1
812	1077	0
813	1077	1
814	1077	0
816	1077	0
817	1077	0
818	1077	0
819	1077	0
820	1077	0
821	1077	0
822	1077	0
823	1077	0
824	1077	0
825	1077	0
826	1077	0
827	1077	1
828	1077	1
829	1077	1
830	1077	1
831	1077	1
832	1077	1
833	1077	1
834	1077	0
835	1077	0
836	1077	0
837	1077	1
839	1077	0
840	1077	0
841	1077	0
842	1077	0
843	1077	0
844	1077	0
845	1077	0
846	1077	0
847	1077	0
848	1077	0
849	1077	0
850	1077	0
851	1077	0
852	1077	0
853	1077	1
854	1077	0
855	1077	0
856	1077	0
857	1077	0
858	1077	0
859	1077	0
860	1077	0
861	1077	0
862	1077	0
863	1077	0
864	1077	0
865	1077	0
866	1077	0
867	1077	0
868	1077	0
869	1077	0
870	1077	1
872	1077	0
873	1077	0
874	1077	0
875	1077	0
876	1077	0
877	1077	0
878	1077	0
879	1077	0
880	1077	0
881	1077	0
882	1077	0
883	1077	0
884	1077	1
885	1077	0
886	1077	0
887	1077	0
888	1077	1
889	1077	0
890	1077	0
891	1077	0
892	1077	0
893	1077	0
894	1077	0
895	1077	1
896	1077	0
897	1077	0
898	1077	0
900	1077	0
901	1077	0
902	1077	0
903	1077	0
904	1077	0
905	1077	0
906	1077	0
907	1077	0
908	1077	0
909	1077	0
910	1077	0
911	1077	0
912	1077	1
913	1077	1
914	1077	0
916	1077	0
917	1077	1
918	1077	0
919	1077	0
920	1077	0
921	1077	0
922	1077	0
923	1077	0
924	1077	0
925	1077	0
926	1077	0
927	1077	0
928	1077	1
930	1077	1
931	1077	0
933	1077	0
934	1077	0
935	1077	1
936	1077	0
937	1077	1
938	1077	0
939	1077	0
940	1077	0
941	1077	1
942	1077	0
943	1077	0
944	1077	0
945	1077	0
946	1077	0
947	1077	1
948	1077	0
949	1077	0
950	1077	0
952	1077	1
953	1077	1
954	1077	0
955	1077	0
956	1077	0
958	1077	1
959	1077	0
961	1077	0
962	1077	0
963	1077	1
964	1077	0
965	1077	1
967	1077	1
