0	1109	0
1	1109	1
2	1109	0
3	1109	0
4	1109	0
5	1109	0
6	1109	0
7	1109	0
8	1109	0
9	1109	0
10	1109	0
11	1109	0
12	1109	0
13	1109	0
14	1109	0
15	1109	0
16	1109	0
17	1109	0
18	1109	0
19	1109	0
20	1109	0
21	1109	0
22	1109	0
23	1109	0
24	1109	0
26	1109	0
27	1109	0
28	1109	0
29	1109	0
30	1109	0
31	1109	1
32	1109	1
33	1109	0
34	1109	0
35	1109	0
36	1109	0
37	1109	0
38	1109	0
39	1109	0
40	1109	0
42	1109	0
43	1109	0
44	1109	0
45	1109	0
46	1109	0
47	1109	0
48	1109	0
49	1109	0
50	1109	0
51	1109	0
52	1109	0
53	1109	0
54	1109	0
55	1109	0
56	1109	0
57	1109	0
58	1109	0
59	1109	0
60	1109	0
61	1109	0
62	1109	0
64	1109	1
65	1109	0
66	1109	0
67	1109	0
68	1109	0
69	1109	0
70	1109	0
71	1109	0
72	1109	0
73	1109	0
74	1109	0
75	1109	0
76	1109	0
77	1109	0
78	1109	0
79	1109	0
80	1109	0
81	1109	0
82	1109	0
83	1109	0
84	1109	0
85	1109	0
86	1109	0
87	1109	0
88	1109	0
89	1109	0
90	1109	0
91	1109	0
92	1109	0
93	1109	0
94	1109	0
95	1109	0
96	1109	0
97	1109	0
98	1109	0
99	1109	0
100	1109	0
101	1109	0
102	1109	0
103	1109	0
104	1109	0
105	1109	0
106	1109	0
109	1109	0
111	1109	0
112	1109	1
113	1109	0
114	1109	0
115	1109	0
116	1109	0
117	1109	0
118	1109	0
119	1109	0
120	1109	0
121	1109	0
122	1109	0
123	1109	0
124	1109	0
125	1109	0
126	1109	0
127	1109	0
129	1109	0
130	1109	0
131	1109	0
132	1109	0
133	1109	0
134	1109	0
136	1109	0
137	1109	0
138	1109	0
139	1109	0
140	1109	0
141	1109	0
142	1109	0
143	1109	0
144	1109	0
145	1109	0
146	1109	0
147	1109	0
148	1109	0
149	1109	0
150	1109	0
151	1109	0
152	1109	0
153	1109	0
154	1109	1
155	1109	0
156	1109	0
157	1109	0
158	1109	0
159	1109	0
160	1109	0
161	1109	0
162	1109	0
163	1109	0
165	1109	0
166	1109	0
167	1109	0
168	1109	0
169	1109	0
170	1109	0
171	1109	0
172	1109	0
173	1109	0
174	1109	0
175	1109	0
177	1109	0
178	1109	0
179	1109	0
180	1109	0
182	1109	0
183	1109	0
184	1109	0
185	1109	0
186	1109	0
187	1109	0
188	1109	0
189	1109	0
190	1109	0
191	1109	1
192	1109	0
193	1109	0
194	1109	1
195	1109	0
196	1109	0
197	1109	1
198	1109	0
199	1109	0
200	1109	0
201	1109	0
202	1109	0
203	1109	1
204	1109	0
206	1109	0
207	1109	0
208	1109	1
210	1109	0
211	1109	0
212	1109	1
213	1109	0
214	1109	0
215	1109	0
216	1109	0
217	1109	0
218	1109	0
219	1109	0
220	1109	0
222	1109	0
223	1109	0
224	1109	0
225	1109	0
226	1109	0
227	1109	1
228	1109	0
229	1109	0
230	1109	0
231	1109	0
232	1109	0
233	1109	0
234	1109	0
235	1109	0
236	1109	0
237	1109	0
238	1109	0
239	1109	0
240	1109	0
241	1109	0
242	1109	0
244	1109	0
245	1109	0
247	1109	0
248	1109	0
249	1109	0
250	1109	0
251	1109	0
252	1109	0
253	1109	0
254	1109	0
256	1109	0
258	1109	0
259	1109	0
260	1109	0
261	1109	0
262	1109	0
263	1109	0
264	1109	0
265	1109	0
266	1109	0
267	1109	0
268	1109	0
269	1109	0
270	1109	0
271	1109	0
272	1109	0
273	1109	0
274	1109	0
275	1109	0
276	1109	0
277	1109	0
278	1109	0
279	1109	0
280	1109	0
281	1109	0
282	1109	0
283	1109	0
284	1109	0
285	1109	0
286	1109	0
287	1109	0
288	1109	0
289	1109	0
290	1109	0
291	1109	0
292	1109	0
293	1109	0
294	1109	0
295	1109	0
296	1109	0
297	1109	0
298	1109	0
299	1109	0
300	1109	0
301	1109	0
302	1109	0
303	1109	0
304	1109	0
305	1109	0
306	1109	0
307	1109	0
308	1109	0
309	1109	0
310	1109	0
311	1109	0
312	1109	0
313	1109	0
314	1109	0
315	1109	0
316	1109	0
317	1109	0
318	1109	0
319	1109	0
320	1109	0
321	1109	0
322	1109	0
323	1109	0
324	1109	0
325	1109	0
326	1109	0
327	1109	0
328	1109	1
329	1109	0
330	1109	0
331	1109	0
333	1109	0
335	1109	0
336	1109	0
337	1109	0
338	1109	0
339	1109	0
340	1109	0
342	1109	0
343	1109	0
344	1109	0
346	1109	0
347	1109	0
348	1109	0
349	1109	0
350	1109	0
351	1109	0
352	1109	0
354	1109	0
355	1109	0
357	1109	0
358	1109	0
359	1109	0
360	1109	0
361	1109	0
363	1109	0
364	1109	0
365	1109	0
366	1109	0
367	1109	0
368	1109	0
371	1109	1
372	1109	0
373	1109	0
374	1109	0
377	1109	0
378	1109	0
379	1109	1
380	1109	0
381	1109	0
382	1109	0
383	1109	0
384	1109	0
385	1109	0
386	1109	0
387	1109	0
388	1109	0
389	1109	0
390	1109	0
391	1109	0
393	1109	0
394	1109	0
395	1109	0
396	1109	0
398	1109	0
399	1109	0
400	1109	0
401	1109	0
402	1109	0
403	1109	0
404	1109	0
405	1109	0
406	1109	0
407	1109	0
408	1109	0
409	1109	0
410	1109	0
411	1109	1
412	1109	0
413	1109	0
414	1109	0
415	1109	1
416	1109	1
417	1109	0
418	1109	0
419	1109	0
420	1109	0
421	1109	0
422	1109	0
423	1109	0
424	1109	0
425	1109	0
426	1109	0
427	1109	0
428	1109	0
429	1109	0
431	1109	0
432	1109	0
433	1109	0
434	1109	0
435	1109	0
436	1109	0
437	1109	0
438	1109	0
439	1109	0
440	1109	0
441	1109	0
442	1109	0
443	1109	0
444	1109	0
445	1109	0
446	1109	0
447	1109	0
448	1109	0
449	1109	0
450	1109	0
451	1109	0
452	1109	0
453	1109	0
454	1109	0
455	1109	0
456	1109	0
457	1109	0
458	1109	0
459	1109	0
460	1109	0
461	1109	0
462	1109	0
463	1109	0
464	1109	0
465	1109	0
466	1109	0
467	1109	0
468	1109	0
469	1109	0
470	1109	0
471	1109	0
472	1109	0
473	1109	0
474	1109	0
475	1109	0
476	1109	0
477	1109	0
478	1109	0
480	1109	0
481	1109	0
482	1109	0
483	1109	0
484	1109	0
485	1109	0
486	1109	0
487	1109	0
489	1109	0
490	1109	0
491	1109	0
492	1109	0
493	1109	0
495	1109	0
496	1109	1
497	1109	0
499	1109	0
500	1109	0
501	1109	0
502	1109	0
503	1109	0
505	1109	1
506	1109	0
508	1109	0
509	1109	0
510	1109	0
511	1109	0
512	1109	1
513	1109	0
514	1109	0
515	1109	1
516	1109	0
517	1109	0
518	1109	1
519	1109	0
520	1109	1
521	1109	1
522	1109	1
523	1109	0
524	1109	1
525	1109	1
526	1109	0
527	1109	0
528	1109	0
529	1109	0
531	1109	0
533	1109	0
534	1109	0
536	1109	0
537	1109	0
538	1109	0
540	1109	0
541	1109	0
542	1109	0
543	1109	0
544	1109	0
546	1109	0
547	1109	0
548	1109	0
549	1109	0
550	1109	0
551	1109	0
553	1109	0
554	1109	0
555	1109	0
556	1109	0
557	1109	0
558	1109	0
559	1109	0
560	1109	0
561	1109	0
562	1109	0
563	1109	0
564	1109	0
565	1109	0
566	1109	0
567	1109	0
568	1109	0
569	1109	0
570	1109	0
571	1109	0
572	1109	0
573	1109	0
574	1109	0
575	1109	0
576	1109	0
577	1109	0
578	1109	0
579	1109	0
580	1109	0
582	1109	0
583	1109	0
584	1109	0
585	1109	0
586	1109	1
587	1109	0
588	1109	0
589	1109	0
590	1109	0
591	1109	0
592	1109	0
593	1109	0
594	1109	1
595	1109	0
596	1109	0
597	1109	0
598	1109	0
599	1109	0
600	1109	0
601	1109	0
602	1109	0
604	1109	0
605	1109	1
606	1109	1
607	1109	0
608	1109	0
609	1109	0
611	1109	0
612	1109	0
613	1109	0
614	1109	0
615	1109	0
616	1109	0
617	1109	0
618	1109	0
619	1109	0
620	1109	0
621	1109	0
622	1109	0
624	1109	0
625	1109	0
626	1109	0
627	1109	0
628	1109	0
630	1109	0
631	1109	0
632	1109	0
633	1109	0
635	1109	0
636	1109	0
637	1109	0
640	1109	0
641	1109	0
642	1109	0
643	1109	0
644	1109	0
645	1109	0
646	1109	0
647	1109	0
648	1109	0
649	1109	0
650	1109	0
651	1109	0
652	1109	0
653	1109	0
654	1109	0
655	1109	0
656	1109	0
657	1109	1
658	1109	0
659	1109	0
660	1109	0
661	1109	1
662	1109	0
663	1109	1
664	1109	0
666	1109	0
667	1109	0
668	1109	0
669	1109	0
670	1109	0
671	1109	0
672	1109	0
673	1109	0
674	1109	0
675	1109	0
676	1109	0
677	1109	0
678	1109	0
679	1109	0
680	1109	0
681	1109	0
682	1109	0
683	1109	0
684	1109	0
685	1109	0
686	1109	0
687	1109	0
688	1109	0
689	1109	0
690	1109	0
691	1109	0
692	1109	0
693	1109	0
694	1109	0
695	1109	1
696	1109	0
697	1109	0
698	1109	0
699	1109	0
700	1109	0
701	1109	0
702	1109	0
703	1109	0
704	1109	0
705	1109	0
706	1109	0
707	1109	0
708	1109	0
709	1109	0
710	1109	0
711	1109	0
712	1109	0
713	1109	0
714	1109	0
715	1109	0
716	1109	0
717	1109	0
718	1109	1
719	1109	0
720	1109	0
721	1109	0
722	1109	0
723	1109	0
724	1109	0
725	1109	0
726	1109	0
727	1109	0
728	1109	0
730	1109	0
731	1109	0
732	1109	0
733	1109	0
734	1109	0
735	1109	0
736	1109	0
737	1109	0
738	1109	1
739	1109	0
740	1109	0
741	1109	0
742	1109	0
743	1109	0
744	1109	0
745	1109	0
746	1109	0
747	1109	0
748	1109	0
749	1109	0
750	1109	1
751	1109	0
752	1109	0
753	1109	0
754	1109	0
755	1109	0
756	1109	0
757	1109	0
758	1109	0
759	1109	1
760	1109	0
761	1109	0
762	1109	0
763	1109	1
764	1109	0
765	1109	0
767	1109	0
768	1109	0
769	1109	0
770	1109	0
771	1109	0
772	1109	0
773	1109	0
774	1109	1
775	1109	0
776	1109	0
777	1109	0
778	1109	0
779	1109	0
780	1109	0
782	1109	0
783	1109	0
784	1109	0
785	1109	0
786	1109	0
787	1109	0
788	1109	0
789	1109	0
790	1109	0
791	1109	0
793	1109	0
794	1109	0
795	1109	0
796	1109	1
797	1109	0
798	1109	0
799	1109	0
800	1109	1
801	1109	0
802	1109	1
803	1109	0
804	1109	0
806	1109	0
807	1109	0
808	1109	0
809	1109	0
810	1109	0
811	1109	0
812	1109	0
813	1109	1
814	1109	0
816	1109	0
817	1109	0
818	1109	0
819	1109	0
820	1109	0
821	1109	0
822	1109	0
823	1109	0
824	1109	0
825	1109	0
826	1109	0
827	1109	1
828	1109	1
829	1109	0
830	1109	0
831	1109	0
832	1109	0
833	1109	0
834	1109	0
835	1109	0
836	1109	0
837	1109	0
839	1109	0
840	1109	0
841	1109	0
842	1109	0
843	1109	0
844	1109	0
845	1109	0
846	1109	0
847	1109	0
848	1109	0
849	1109	0
850	1109	0
851	1109	0
852	1109	0
853	1109	0
855	1109	0
856	1109	0
857	1109	0
858	1109	0
859	1109	0
860	1109	0
861	1109	0
862	1109	0
863	1109	0
864	1109	0
865	1109	0
866	1109	0
867	1109	0
868	1109	0
869	1109	0
870	1109	1
872	1109	0
873	1109	0
874	1109	0
875	1109	0
876	1109	0
877	1109	1
878	1109	0
879	1109	0
880	1109	0
881	1109	0
882	1109	0
883	1109	0
884	1109	0
885	1109	0
886	1109	0
887	1109	1
888	1109	0
889	1109	0
890	1109	0
891	1109	0
892	1109	0
893	1109	0
894	1109	0
895	1109	0
896	1109	0
897	1109	0
898	1109	0
900	1109	0
901	1109	0
902	1109	0
903	1109	0
904	1109	0
905	1109	0
906	1109	0
907	1109	0
908	1109	0
909	1109	0
910	1109	0
911	1109	0
912	1109	0
913	1109	1
914	1109	0
916	1109	0
917	1109	0
918	1109	0
919	1109	0
920	1109	0
921	1109	1
922	1109	0
923	1109	0
924	1109	0
925	1109	0
926	1109	0
927	1109	0
928	1109	0
930	1109	0
931	1109	0
933	1109	0
934	1109	0
935	1109	0
936	1109	0
937	1109	0
938	1109	0
939	1109	0
940	1109	0
941	1109	0
942	1109	0
943	1109	0
944	1109	0
945	1109	0
946	1109	0
947	1109	0
948	1109	0
949	1109	0
950	1109	0
952	1109	0
953	1109	0
954	1109	0
955	1109	0
956	1109	0
958	1109	0
959	1109	0
961	1109	0
962	1109	0
963	1109	0
964	1109	0
965	1109	1
967	1109	1
