0	1177	0
1	1177	0
2	1177	1
3	1177	0
4	1177	0
5	1177	0
6	1177	0
7	1177	0
8	1177	1
9	1177	0
10	1177	0
11	1177	0
12	1177	0
13	1177	0
16	1177	0
17	1177	0
18	1177	0
19	1177	0
20	1177	0
21	1177	1
22	1177	0
23	1177	0
24	1177	0
25	1177	0
26	1177	0
27	1177	0
30	1177	1
31	1177	1
32	1177	0
33	1177	0
34	1177	0
36	1177	0
37	1177	0
38	1177	1
39	1177	0
40	1177	1
41	1177	0
42	1177	0
43	1177	0
45	1177	0
46	1177	0
47	1177	0
48	1177	0
49	1177	0
51	1177	0
53	1177	1
54	1177	0
55	1177	1
56	1177	0
58	1177	0
59	1177	0
60	1177	0
61	1177	0
62	1177	0
63	1177	0
64	1177	0
65	1177	0
66	1177	0
67	1177	0
68	1177	0
69	1177	0
70	1177	0
71	1177	0
72	1177	0
74	1177	0
75	1177	0
77	1177	0
78	1177	0
79	1177	1
80	1177	0
81	1177	0
82	1177	1
83	1177	0
84	1177	0
85	1177	0
86	1177	0
87	1177	0
89	1177	0
90	1177	0
91	1177	0
92	1177	0
93	1177	0
94	1177	0
95	1177	0
96	1177	1
97	1177	0
98	1177	0
99	1177	0
100	1177	0
101	1177	0
102	1177	0
103	1177	0
104	1177	0
105	1177	0
106	1177	0
107	1177	0
108	1177	0
109	1177	0
110	1177	0
111	1177	0
112	1177	0
113	1177	0
114	1177	0
115	1177	0
116	1177	0
117	1177	1
118	1177	0
120	1177	0
121	1177	0
124	1177	0
125	1177	0
129	1177	0
130	1177	0
131	1177	0
132	1177	0
133	1177	0
134	1177	0
135	1177	1
136	1177	0
137	1177	0
138	1177	0
139	1177	0
140	1177	0
141	1177	0
142	1177	0
144	1177	0
145	1177	0
146	1177	0
147	1177	0
148	1177	0
149	1177	0
151	1177	0
152	1177	0
153	1177	0
154	1177	0
155	1177	0
156	1177	0
157	1177	0
158	1177	0
159	1177	0
160	1177	0
162	1177	0
163	1177	0
164	1177	0
165	1177	1
166	1177	0
167	1177	0
168	1177	0
169	1177	1
170	1177	0
171	1177	0
172	1177	0
173	1177	0
174	1177	0
175	1177	0
178	1177	1
179	1177	0
180	1177	0
181	1177	0
182	1177	0
183	1177	0
184	1177	1
185	1177	0
186	1177	0
187	1177	0
188	1177	0
190	1177	0
191	1177	1
192	1177	0
193	1177	0
194	1177	1
195	1177	0
196	1177	0
197	1177	0
198	1177	0
199	1177	0
200	1177	0
201	1177	0
202	1177	1
203	1177	0
204	1177	0
206	1177	0
207	1177	0
208	1177	1
209	1177	0
210	1177	0
211	1177	0
212	1177	0
213	1177	0
214	1177	1
215	1177	1
216	1177	0
217	1177	0
218	1177	1
219	1177	0
221	1177	1
222	1177	0
223	1177	0
224	1177	0
225	1177	0
227	1177	0
228	1177	0
229	1177	0
230	1177	0
232	1177	0
233	1177	0
234	1177	1
235	1177	0
236	1177	0
237	1177	0
239	1177	0
240	1177	0
245	1177	0
246	1177	0
247	1177	0
248	1177	0
249	1177	0
251	1177	0
252	1177	0
253	1177	1
254	1177	0
255	1177	0
256	1177	0
257	1177	0
258	1177	1
259	1177	0
260	1177	0
261	1177	0
262	1177	0
263	1177	0
264	1177	0
265	1177	1
266	1177	0
267	1177	0
268	1177	0
270	1177	0
271	1177	0
272	1177	0
273	1177	0
274	1177	1
275	1177	0
277	1177	0
280	1177	0
281	1177	0
282	1177	0
283	1177	0
284	1177	0
285	1177	0
286	1177	0
287	1177	0
288	1177	1
289	1177	1
290	1177	0
291	1177	0
293	1177	0
295	1177	0
296	1177	0
298	1177	0
302	1177	0
303	1177	0
304	1177	0
305	1177	0
306	1177	0
308	1177	0
310	1177	0
312	1177	0
313	1177	0
314	1177	0
315	1177	0
316	1177	0
317	1177	0
318	1177	0
319	1177	0
321	1177	0
322	1177	0
323	1177	0
324	1177	0
325	1177	1
326	1177	0
327	1177	0
328	1177	0
329	1177	0
330	1177	0
331	1177	0
332	1177	1
333	1177	0
334	1177	0
336	1177	0
337	1177	0
338	1177	0
340	1177	0
341	1177	0
343	1177	0
344	1177	0
345	1177	0
346	1177	1
347	1177	0
348	1177	0
350	1177	0
351	1177	0
352	1177	0
353	1177	0
354	1177	0
355	1177	0
356	1177	0
357	1177	0
358	1177	0
359	1177	0
360	1177	0
361	1177	0
362	1177	0
363	1177	0
364	1177	0
365	1177	0
366	1177	0
369	1177	0
370	1177	1
371	1177	0
372	1177	1
373	1177	1
374	1177	1
376	1177	0
377	1177	0
378	1177	1
379	1177	0
380	1177	0
381	1177	0
382	1177	0
383	1177	0
384	1177	0
385	1177	0
386	1177	0
387	1177	0
388	1177	0
389	1177	0
391	1177	0
392	1177	0
393	1177	0
394	1177	0
395	1177	0
397	1177	0
398	1177	0
399	1177	0
401	1177	0
402	1177	0
403	1177	0
404	1177	0
405	1177	0
406	1177	0
407	1177	1
409	1177	0
410	1177	0
412	1177	0
414	1177	0
415	1177	0
416	1177	0
417	1177	0
418	1177	0
420	1177	0
421	1177	1
422	1177	0
423	1177	0
424	1177	0
425	1177	0
426	1177	0
428	1177	0
429	1177	0
430	1177	0
431	1177	0
432	1177	0
433	1177	0
434	1177	0
435	1177	0
436	1177	0
438	1177	0
439	1177	0
440	1177	0
441	1177	0
442	1177	0
443	1177	1
444	1177	0
445	1177	0
446	1177	1
447	1177	0
448	1177	0
449	1177	0
450	1177	0
452	1177	0
453	1177	0
454	1177	0
455	1177	0
456	1177	0
457	1177	0
458	1177	0
459	1177	0
461	1177	1
462	1177	0
464	1177	1
465	1177	0
466	1177	0
467	1177	0
468	1177	0
469	1177	1
470	1177	1
471	1177	1
472	1177	0
473	1177	0
474	1177	0
475	1177	0
476	1177	0
477	1177	1
478	1177	0
479	1177	0
480	1177	0
481	1177	0
483	1177	0
484	1177	0
486	1177	0
487	1177	1
488	1177	0
489	1177	0
490	1177	0
492	1177	0
494	1177	0
496	1177	0
497	1177	0
498	1177	1
500	1177	0
501	1177	0
502	1177	0
503	1177	0
504	1177	1
505	1177	0
506	1177	0
507	1177	1
508	1177	1
509	1177	0
510	1177	0
511	1177	0
512	1177	0
513	1177	0
514	1177	0
515	1177	0
516	1177	1
517	1177	0
518	1177	1
519	1177	0
520	1177	0
521	1177	0
522	1177	1
523	1177	0
524	1177	0
525	1177	0
526	1177	0
527	1177	0
528	1177	0
529	1177	0
530	1177	0
531	1177	0
533	1177	0
534	1177	0
535	1177	0
536	1177	0
538	1177	0
539	1177	0
540	1177	0
541	1177	0
542	1177	0
543	1177	0
544	1177	0
545	1177	0
546	1177	1
547	1177	0
550	1177	0
553	1177	0
555	1177	0
556	1177	0
557	1177	0
558	1177	1
560	1177	0
561	1177	0
562	1177	0
563	1177	0
565	1177	0
567	1177	0
568	1177	0
569	1177	0
571	1177	0
574	1177	1
575	1177	0
576	1177	0
577	1177	0
580	1177	0
581	1177	0
582	1177	0
583	1177	0
584	1177	0
585	1177	0
586	1177	0
588	1177	0
589	1177	0
591	1177	0
593	1177	0
595	1177	0
596	1177	0
597	1177	0
598	1177	0
599	1177	0
600	1177	0
601	1177	0
602	1177	0
604	1177	0
606	1177	0
607	1177	0
608	1177	0
612	1177	0
613	1177	0
614	1177	1
615	1177	0
616	1177	0
617	1177	0
618	1177	0
619	1177	0
620	1177	0
621	1177	0
622	1177	0
624	1177	0
625	1177	0
627	1177	0
628	1177	0
630	1177	0
632	1177	0
633	1177	0
634	1177	0
635	1177	0
636	1177	0
637	1177	0
638	1177	1
639	1177	0
640	1177	0
641	1177	0
642	1177	0
643	1177	1
644	1177	0
645	1177	0
646	1177	0
648	1177	0
649	1177	0
650	1177	0
652	1177	1
653	1177	0
654	1177	0
655	1177	0
656	1177	0
657	1177	1
659	1177	1
660	1177	0
661	1177	0
662	1177	0
663	1177	0
664	1177	0
665	1177	1
666	1177	0
667	1177	1
668	1177	0
669	1177	0
670	1177	0
671	1177	0
672	1177	0
673	1177	0
674	1177	0
675	1177	0
676	1177	0
677	1177	0
678	1177	0
679	1177	0
680	1177	0
681	1177	0
682	1177	0
683	1177	0
684	1177	0
685	1177	0
686	1177	1
687	1177	1
688	1177	0
689	1177	0
690	1177	1
691	1177	0
692	1177	0
693	1177	0
694	1177	0
695	1177	0
696	1177	0
698	1177	0
699	1177	0
700	1177	0
702	1177	0
703	1177	0
704	1177	0
705	1177	0
706	1177	1
707	1177	0
709	1177	0
710	1177	0
711	1177	0
712	1177	0
713	1177	0
714	1177	0
717	1177	0
718	1177	0
719	1177	0
720	1177	0
721	1177	1
722	1177	0
723	1177	0
724	1177	0
725	1177	1
726	1177	0
727	1177	0
728	1177	0
729	1177	1
730	1177	0
732	1177	1
734	1177	0
735	1177	0
736	1177	0
737	1177	0
738	1177	0
740	1177	0
741	1177	0
742	1177	0
745	1177	0
746	1177	0
747	1177	0
748	1177	1
749	1177	0
750	1177	1
752	1177	0
753	1177	0
754	1177	0
755	1177	0
756	1177	0
757	1177	0
758	1177	0
759	1177	0
760	1177	0
761	1177	0
762	1177	0
765	1177	0
766	1177	0
767	1177	0
768	1177	0
769	1177	0
770	1177	0
771	1177	0
772	1177	0
773	1177	0
775	1177	0
776	1177	0
777	1177	0
778	1177	0
779	1177	0
780	1177	0
781	1177	1
782	1177	1
783	1177	0
784	1177	1
785	1177	0
786	1177	0
787	1177	0
790	1177	0
792	1177	0
793	1177	0
794	1177	0
795	1177	0
796	1177	0
797	1177	0
799	1177	0
800	1177	0
801	1177	0
802	1177	0
804	1177	0
805	1177	0
806	1177	0
807	1177	0
808	1177	0
810	1177	0
811	1177	0
814	1177	0
816	1177	0
818	1177	0
819	1177	0
820	1177	0
822	1177	0
823	1177	0
824	1177	0
825	1177	0
826	1177	0
827	1177	0
829	1177	1
830	1177	1
831	1177	0
832	1177	1
833	1177	1
834	1177	0
836	1177	0
837	1177	0
838	1177	0
839	1177	0
840	1177	0
843	1177	0
845	1177	0
848	1177	0
849	1177	0
850	1177	0
852	1177	0
853	1177	0
854	1177	0
855	1177	0
856	1177	0
857	1177	0
861	1177	0
862	1177	0
863	1177	0
864	1177	0
866	1177	0
867	1177	1
868	1177	0
869	1177	0
870	1177	0
871	1177	0
872	1177	0
873	1177	0
874	1177	0
875	1177	0
876	1177	0
877	1177	0
878	1177	0
880	1177	0
881	1177	0
882	1177	0
883	1177	0
884	1177	0
885	1177	0
887	1177	0
888	1177	0
889	1177	0
890	1177	0
891	1177	0
892	1177	0
894	1177	0
895	1177	1
896	1177	0
897	1177	0
899	1177	0
900	1177	0
901	1177	0
904	1177	0
905	1177	0
910	1177	0
911	1177	1
912	1177	0
913	1177	0
914	1177	0
915	1177	0
916	1177	0
917	1177	0
918	1177	0
919	1177	0
921	1177	0
922	1177	0
923	1177	1
924	1177	1
925	1177	0
926	1177	0
927	1177	0
928	1177	1
929	1177	0
933	1177	0
934	1177	0
935	1177	0
936	1177	0
937	1177	0
938	1177	0
939	1177	0
940	1177	0
941	1177	0
942	1177	0
943	1177	0
944	1177	0
945	1177	0
946	1177	0
948	1177	0
949	1177	0
950	1177	0
952	1177	0
953	1177	1
954	1177	0
955	1177	0
956	1177	0
957	1177	0
958	1177	0
959	1177	0
960	1177	0
961	1177	0
962	1177	0
963	1177	0
964	1177	0
965	1177	0
966	1177	0
967	1177	0
