1	1213	0
2	1213	0
3	1213	0
4	1213	0
5	1213	0
6	1213	0
7	1213	0
8	1213	1
9	1213	0
10	1213	0
11	1213	0
12	1213	0
13	1213	0
14	1213	1
15	1213	0
16	1213	0
17	1213	0
18	1213	1
19	1213	1
20	1213	0
21	1213	0
22	1213	0
23	1213	0
24	1213	0
25	1213	0
26	1213	1
27	1213	0
28	1213	0
29	1213	0
31	1213	0
32	1213	0
33	1213	0
34	1213	0
35	1213	1
36	1213	0
37	1213	0
38	1213	0
39	1213	0
40	1213	0
41	1213	0
43	1213	1
44	1213	1
45	1213	0
46	1213	0
47	1213	0
48	1213	0
49	1213	1
50	1213	0
51	1213	0
52	1213	1
53	1213	0
54	1213	0
55	1213	0
56	1213	0
58	1213	0
59	1213	0
60	1213	0
61	1213	0
62	1213	0
63	1213	0
64	1213	0
65	1213	0
66	1213	1
67	1213	0
68	1213	0
69	1213	0
70	1213	1
71	1213	0
72	1213	1
73	1213	0
74	1213	0
75	1213	0
77	1213	0
78	1213	1
79	1213	0
80	1213	0
81	1213	1
82	1213	0
83	1213	1
84	1213	0
85	1213	0
86	1213	0
87	1213	0
88	1213	0
89	1213	0
90	1213	0
91	1213	0
92	1213	0
93	1213	0
94	1213	0
95	1213	0
96	1213	1
97	1213	0
98	1213	0
99	1213	0
100	1213	1
101	1213	0
102	1213	0
103	1213	0
104	1213	0
105	1213	0
106	1213	0
107	1213	0
108	1213	0
109	1213	0
110	1213	0
111	1213	0
112	1213	0
113	1213	0
114	1213	0
115	1213	0
116	1213	0
117	1213	0
118	1213	0
119	1213	0
120	1213	0
121	1213	0
122	1213	0
123	1213	0
124	1213	0
125	1213	0
128	1213	0
129	1213	0
130	1213	0
131	1213	0
132	1213	0
133	1213	0
134	1213	0
135	1213	1
136	1213	0
137	1213	0
138	1213	0
139	1213	0
140	1213	0
141	1213	0
142	1213	0
143	1213	0
144	1213	0
145	1213	0
146	1213	0
147	1213	0
148	1213	1
149	1213	0
150	1213	1
151	1213	0
152	1213	0
153	1213	0
154	1213	0
155	1213	0
156	1213	0
158	1213	0
159	1213	0
160	1213	1
161	1213	0
162	1213	0
163	1213	0
165	1213	0
166	1213	0
167	1213	1
168	1213	0
169	1213	0
170	1213	0
171	1213	0
172	1213	0
173	1213	0
174	1213	0
175	1213	0
177	1213	0
178	1213	0
179	1213	0
180	1213	0
181	1213	0
182	1213	0
183	1213	0
184	1213	0
185	1213	0
186	1213	0
187	1213	0
188	1213	0
189	1213	0
190	1213	0
191	1213	1
192	1213	0
193	1213	0
194	1213	0
195	1213	0
196	1213	1
197	1213	1
198	1213	0
199	1213	0
200	1213	0
201	1213	0
202	1213	0
203	1213	0
204	1213	0
206	1213	0
207	1213	1
208	1213	0
209	1213	0
210	1213	0
211	1213	0
212	1213	0
213	1213	0
214	1213	0
215	1213	0
216	1213	0
217	1213	0
218	1213	0
219	1213	0
220	1213	1
221	1213	0
222	1213	0
223	1213	0
224	1213	0
226	1213	1
227	1213	0
228	1213	1
229	1213	0
230	1213	0
231	1213	0
232	1213	0
233	1213	1
235	1213	0
236	1213	0
237	1213	0
238	1213	0
239	1213	0
240	1213	0
241	1213	0
242	1213	0
243	1213	0
244	1213	0
245	1213	0
246	1213	0
247	1213	0
248	1213	0
249	1213	0
250	1213	0
251	1213	1
252	1213	0
253	1213	0
254	1213	0
255	1213	0
256	1213	0
257	1213	0
258	1213	0
259	1213	0
260	1213	0
261	1213	0
262	1213	0
263	1213	0
264	1213	0
265	1213	0
266	1213	0
267	1213	0
268	1213	0
270	1213	0
271	1213	0
272	1213	0
273	1213	0
274	1213	0
275	1213	0
276	1213	0
277	1213	0
278	1213	0
279	1213	0
280	1213	0
281	1213	0
282	1213	1
283	1213	0
284	1213	0
285	1213	0
286	1213	0
287	1213	0
288	1213	1
289	1213	0
290	1213	0
291	1213	0
292	1213	0
293	1213	1
294	1213	0
295	1213	0
296	1213	0
297	1213	0
298	1213	1
299	1213	0
300	1213	0
301	1213	0
302	1213	0
303	1213	0
304	1213	0
305	1213	1
306	1213	0
307	1213	0
308	1213	0
309	1213	1
310	1213	0
311	1213	0
312	1213	1
313	1213	0
314	1213	0
315	1213	0
316	1213	0
317	1213	0
318	1213	0
319	1213	0
320	1213	0
321	1213	1
322	1213	0
323	1213	0
324	1213	0
325	1213	0
326	1213	0
327	1213	0
328	1213	0
329	1213	0
330	1213	0
331	1213	0
332	1213	0
333	1213	0
334	1213	0
335	1213	0
336	1213	0
337	1213	0
338	1213	0
339	1213	0
340	1213	0
341	1213	0
342	1213	0
343	1213	0
344	1213	0
345	1213	0
346	1213	0
347	1213	0
348	1213	0
349	1213	0
350	1213	1
351	1213	0
352	1213	0
354	1213	0
355	1213	0
356	1213	1
357	1213	0
358	1213	0
359	1213	1
360	1213	1
362	1213	0
363	1213	0
364	1213	0
365	1213	0
366	1213	0
367	1213	0
368	1213	0
369	1213	0
370	1213	0
371	1213	0
372	1213	0
373	1213	0
374	1213	0
375	1213	0
376	1213	0
377	1213	0
378	1213	0
379	1213	0
380	1213	0
381	1213	0
382	1213	0
383	1213	0
384	1213	0
385	1213	0
386	1213	0
387	1213	0
388	1213	0
389	1213	0
391	1213	0
392	1213	0
393	1213	0
394	1213	0
395	1213	1
396	1213	0
397	1213	0
398	1213	0
399	1213	0
400	1213	0
401	1213	0
402	1213	0
403	1213	1
404	1213	0
405	1213	0
406	1213	0
407	1213	0
408	1213	1
410	1213	0
411	1213	0
412	1213	0
413	1213	0
414	1213	0
415	1213	0
416	1213	0
417	1213	0
418	1213	0
419	1213	0
420	1213	0
421	1213	0
422	1213	0
423	1213	0
424	1213	0
425	1213	0
426	1213	0
427	1213	0
428	1213	0
429	1213	0
430	1213	0
431	1213	0
432	1213	0
433	1213	0
434	1213	0
435	1213	0
436	1213	0
437	1213	0
438	1213	0
439	1213	0
440	1213	0
441	1213	1
442	1213	0
443	1213	0
444	1213	1
445	1213	0
446	1213	0
447	1213	0
448	1213	0
449	1213	0
450	1213	0
451	1213	0
452	1213	0
453	1213	0
454	1213	0
455	1213	0
456	1213	0
457	1213	0
458	1213	0
459	1213	0
460	1213	0
461	1213	0
462	1213	0
463	1213	0
464	1213	0
465	1213	0
466	1213	0
467	1213	0
468	1213	1
469	1213	0
470	1213	0
471	1213	0
472	1213	0
473	1213	0
474	1213	0
475	1213	0
476	1213	0
477	1213	0
478	1213	0
479	1213	1
480	1213	0
481	1213	0
482	1213	0
483	1213	0
484	1213	0
485	1213	0
486	1213	0
487	1213	0
488	1213	0
489	1213	1
491	1213	0
493	1213	0
494	1213	0
495	1213	0
496	1213	0
497	1213	1
499	1213	0
500	1213	0
501	1213	0
502	1213	1
503	1213	0
504	1213	0
505	1213	1
506	1213	0
507	1213	1
508	1213	0
509	1213	0
510	1213	0
511	1213	0
512	1213	0
513	1213	0
514	1213	1
515	1213	0
516	1213	0
517	1213	0
518	1213	0
519	1213	0
520	1213	1
521	1213	0
522	1213	0
523	1213	0
524	1213	0
525	1213	0
527	1213	0
528	1213	0
529	1213	0
530	1213	0
531	1213	0
533	1213	0
534	1213	0
535	1213	0
536	1213	0
537	1213	0
538	1213	0
539	1213	0
540	1213	0
541	1213	0
542	1213	0
543	1213	0
544	1213	0
545	1213	0
546	1213	0
547	1213	0
548	1213	0
549	1213	0
550	1213	0
551	1213	0
552	1213	0
553	1213	0
554	1213	0
555	1213	0
556	1213	0
557	1213	0
558	1213	0
560	1213	0
561	1213	0
562	1213	0
563	1213	0
564	1213	0
565	1213	0
566	1213	0
567	1213	0
568	1213	0
569	1213	0
570	1213	0
571	1213	0
572	1213	0
574	1213	0
575	1213	0
576	1213	0
577	1213	0
578	1213	0
579	1213	0
581	1213	0
582	1213	0
583	1213	0
584	1213	0
585	1213	0
586	1213	0
587	1213	0
588	1213	0
589	1213	0
590	1213	0
591	1213	0
593	1213	0
594	1213	0
595	1213	0
596	1213	0
597	1213	0
598	1213	0
599	1213	0
600	1213	0
601	1213	0
602	1213	0
604	1213	0
605	1213	1
607	1213	0
608	1213	0
609	1213	0
611	1213	0
612	1213	0
614	1213	0
615	1213	0
616	1213	0
617	1213	0
618	1213	0
619	1213	0
622	1213	0
624	1213	0
625	1213	0
626	1213	0
627	1213	0
628	1213	0
630	1213	0
632	1213	0
633	1213	0
634	1213	0
635	1213	0
636	1213	0
637	1213	0
638	1213	0
639	1213	0
640	1213	0
641	1213	0
642	1213	0
643	1213	0
644	1213	0
645	1213	0
646	1213	0
647	1213	0
648	1213	0
649	1213	0
650	1213	0
651	1213	1
652	1213	0
653	1213	0
654	1213	0
655	1213	0
656	1213	0
657	1213	0
658	1213	0
659	1213	0
660	1213	1
661	1213	0
662	1213	0
663	1213	0
664	1213	0
665	1213	0
666	1213	0
667	1213	0
669	1213	0
670	1213	0
671	1213	0
672	1213	0
673	1213	0
674	1213	0
675	1213	0
676	1213	0
677	1213	0
678	1213	0
679	1213	0
680	1213	0
681	1213	0
682	1213	0
683	1213	0
684	1213	0
685	1213	0
686	1213	0
687	1213	0
688	1213	0
689	1213	0
690	1213	0
691	1213	0
692	1213	1
693	1213	0
694	1213	0
696	1213	0
697	1213	0
698	1213	0
699	1213	0
700	1213	0
701	1213	0
702	1213	0
703	1213	0
704	1213	0
705	1213	0
706	1213	0
707	1213	0
708	1213	0
709	1213	1
710	1213	0
711	1213	0
712	1213	0
713	1213	0
714	1213	0
715	1213	0
716	1213	1
717	1213	0
718	1213	0
719	1213	0
720	1213	0
721	1213	0
722	1213	0
723	1213	0
724	1213	0
725	1213	0
726	1213	0
727	1213	0
729	1213	0
730	1213	0
731	1213	1
732	1213	0
733	1213	0
734	1213	0
735	1213	0
736	1213	0
737	1213	0
738	1213	0
739	1213	1
740	1213	0
741	1213	0
742	1213	0
743	1213	0
744	1213	0
745	1213	0
746	1213	1
747	1213	0
748	1213	0
749	1213	1
750	1213	0
751	1213	0
752	1213	0
753	1213	0
754	1213	0
755	1213	0
756	1213	0
758	1213	0
759	1213	0
760	1213	0
761	1213	0
762	1213	0
764	1213	0
765	1213	0
766	1213	0
767	1213	0
768	1213	0
769	1213	0
770	1213	0
771	1213	1
772	1213	0
773	1213	0
775	1213	0
776	1213	1
777	1213	0
778	1213	0
779	1213	0
780	1213	0
781	1213	0
782	1213	0
783	1213	0
784	1213	1
785	1213	0
786	1213	0
787	1213	0
788	1213	0
789	1213	0
790	1213	0
791	1213	0
792	1213	0
793	1213	0
794	1213	0
795	1213	0
796	1213	0
797	1213	0
798	1213	0
799	1213	0
800	1213	1
801	1213	0
802	1213	0
803	1213	1
804	1213	0
805	1213	0
806	1213	0
807	1213	0
808	1213	0
809	1213	0
810	1213	0
811	1213	1
812	1213	0
814	1213	0
816	1213	0
817	1213	0
818	1213	0
819	1213	0
820	1213	0
822	1213	0
823	1213	0
824	1213	0
825	1213	0
826	1213	0
827	1213	0
829	1213	0
830	1213	0
831	1213	0
832	1213	1
833	1213	0
834	1213	0
835	1213	0
836	1213	0
838	1213	0
839	1213	0
840	1213	0
841	1213	0
842	1213	0
843	1213	0
844	1213	1
845	1213	0
846	1213	0
847	1213	0
848	1213	0
849	1213	0
850	1213	0
851	1213	0
852	1213	0
853	1213	0
854	1213	0
855	1213	0
856	1213	1
857	1213	1
858	1213	0
859	1213	0
860	1213	0
861	1213	0
863	1213	1
864	1213	1
865	1213	0
866	1213	0
867	1213	0
868	1213	0
869	1213	0
870	1213	1
871	1213	0
872	1213	0
873	1213	0
874	1213	0
875	1213	0
876	1213	0
877	1213	0
878	1213	0
880	1213	0
881	1213	0
882	1213	0
883	1213	0
884	1213	0
885	1213	0
886	1213	0
887	1213	0
888	1213	0
889	1213	0
890	1213	0
891	1213	0
892	1213	0
893	1213	0
894	1213	0
895	1213	1
896	1213	0
897	1213	0
898	1213	0
899	1213	0
900	1213	0
901	1213	0
902	1213	0
903	1213	0
904	1213	0
905	1213	0
907	1213	0
908	1213	1
909	1213	0
910	1213	0
911	1213	0
912	1213	0
913	1213	0
914	1213	0
915	1213	0
916	1213	0
917	1213	0
918	1213	0
919	1213	0
920	1213	0
921	1213	0
922	1213	1
923	1213	0
924	1213	0
925	1213	0
926	1213	0
927	1213	0
928	1213	0
929	1213	0
930	1213	0
931	1213	0
933	1213	0
934	1213	1
935	1213	0
936	1213	0
937	1213	0
939	1213	0
940	1213	0
941	1213	0
942	1213	0
943	1213	1
944	1213	0
945	1213	0
946	1213	0
947	1213	0
948	1213	1
949	1213	1
950	1213	0
953	1213	0
954	1213	0
955	1213	0
957	1213	0
958	1213	0
959	1213	0
960	1213	0
961	1213	0
962	1213	0
963	1213	0
964	1213	0
965	1213	0
966	1213	0
967	1213	0
