1	1189	0
2	1189	0
3	1189	0
4	1189	0
5	1189	0
6	1189	0
7	1189	0
8	1189	0
9	1189	0
10	1189	0
11	1189	0
12	1189	0
13	1189	0
14	1189	0
15	1189	0
16	1189	0
17	1189	0
18	1189	0
19	1189	1
20	1189	0
21	1189	0
22	1189	0
23	1189	0
24	1189	0
25	1189	0
26	1189	1
27	1189	0
28	1189	1
29	1189	0
31	1189	0
32	1189	1
33	1189	0
34	1189	1
35	1189	0
36	1189	0
37	1189	0
38	1189	1
39	1189	1
40	1189	0
41	1189	0
43	1189	1
44	1189	0
45	1189	0
46	1189	0
47	1189	0
48	1189	1
49	1189	0
50	1189	0
51	1189	0
52	1189	0
53	1189	0
54	1189	0
55	1189	0
56	1189	0
58	1189	0
59	1189	0
60	1189	0
61	1189	0
62	1189	0
63	1189	0
64	1189	0
65	1189	0
66	1189	0
67	1189	0
68	1189	0
69	1189	0
70	1189	0
71	1189	0
72	1189	0
73	1189	0
74	1189	0
75	1189	0
77	1189	0
78	1189	0
79	1189	0
80	1189	0
81	1189	0
82	1189	0
83	1189	0
84	1189	0
85	1189	0
86	1189	0
87	1189	0
88	1189	0
89	1189	0
90	1189	0
91	1189	0
92	1189	0
93	1189	0
94	1189	0
95	1189	0
96	1189	0
97	1189	0
98	1189	0
99	1189	0
100	1189	0
101	1189	0
102	1189	1
103	1189	0
104	1189	0
105	1189	0
106	1189	0
107	1189	0
108	1189	0
109	1189	0
110	1189	0
111	1189	1
112	1189	0
113	1189	0
114	1189	0
115	1189	0
116	1189	0
117	1189	0
118	1189	0
119	1189	0
120	1189	1
121	1189	0
122	1189	0
123	1189	0
124	1189	0
125	1189	0
128	1189	1
129	1189	0
130	1189	0
131	1189	0
132	1189	0
133	1189	0
134	1189	0
135	1189	0
136	1189	0
137	1189	0
138	1189	0
139	1189	0
140	1189	0
141	1189	0
142	1189	0
143	1189	0
144	1189	0
145	1189	0
146	1189	0
147	1189	0
148	1189	0
149	1189	0
150	1189	0
151	1189	0
152	1189	0
153	1189	0
154	1189	0
155	1189	0
156	1189	0
158	1189	0
159	1189	0
160	1189	0
161	1189	0
162	1189	0
163	1189	0
165	1189	0
166	1189	0
167	1189	0
168	1189	0
169	1189	0
170	1189	0
171	1189	0
172	1189	0
173	1189	0
174	1189	0
175	1189	1
177	1189	0
178	1189	0
179	1189	1
180	1189	0
181	1189	0
182	1189	0
183	1189	0
184	1189	0
185	1189	0
186	1189	0
187	1189	0
188	1189	1
189	1189	0
190	1189	0
191	1189	1
192	1189	1
193	1189	0
194	1189	1
195	1189	0
196	1189	0
197	1189	1
198	1189	0
199	1189	0
200	1189	0
201	1189	0
202	1189	0
203	1189	0
204	1189	1
206	1189	0
207	1189	1
208	1189	0
209	1189	1
210	1189	0
211	1189	1
212	1189	1
213	1189	0
214	1189	0
215	1189	0
216	1189	0
217	1189	0
218	1189	0
219	1189	0
220	1189	0
221	1189	0
222	1189	0
223	1189	0
224	1189	0
226	1189	0
227	1189	1
228	1189	0
229	1189	0
230	1189	0
231	1189	0
232	1189	0
233	1189	0
235	1189	0
236	1189	0
237	1189	0
238	1189	0
239	1189	0
240	1189	0
241	1189	0
242	1189	0
243	1189	0
244	1189	0
245	1189	0
246	1189	0
247	1189	1
248	1189	0
249	1189	0
250	1189	0
251	1189	0
252	1189	0
253	1189	0
254	1189	0
255	1189	0
256	1189	0
257	1189	0
258	1189	0
259	1189	0
260	1189	1
261	1189	0
262	1189	0
263	1189	0
264	1189	0
265	1189	0
266	1189	0
267	1189	0
268	1189	0
270	1189	0
271	1189	0
272	1189	0
273	1189	0
274	1189	0
275	1189	0
276	1189	0
277	1189	0
278	1189	0
279	1189	0
280	1189	1
281	1189	0
282	1189	0
283	1189	0
284	1189	0
285	1189	0
286	1189	1
287	1189	0
288	1189	0
289	1189	0
290	1189	0
291	1189	0
292	1189	0
293	1189	0
294	1189	0
295	1189	0
296	1189	0
297	1189	0
298	1189	0
299	1189	0
300	1189	1
301	1189	0
302	1189	0
303	1189	0
304	1189	0
305	1189	0
306	1189	0
307	1189	0
308	1189	0
309	1189	0
310	1189	1
311	1189	1
312	1189	0
313	1189	0
314	1189	0
315	1189	0
316	1189	0
317	1189	1
318	1189	1
319	1189	0
320	1189	0
321	1189	0
322	1189	0
323	1189	0
324	1189	0
325	1189	0
326	1189	0
327	1189	1
328	1189	0
329	1189	0
330	1189	0
331	1189	1
332	1189	0
333	1189	0
334	1189	0
335	1189	0
336	1189	0
337	1189	0
338	1189	0
339	1189	0
340	1189	0
341	1189	0
342	1189	0
343	1189	0
344	1189	0
345	1189	0
346	1189	0
347	1189	0
348	1189	0
349	1189	0
350	1189	0
351	1189	0
352	1189	0
354	1189	0
355	1189	0
356	1189	0
357	1189	0
358	1189	0
359	1189	0
360	1189	0
362	1189	0
363	1189	0
364	1189	0
365	1189	0
366	1189	0
367	1189	0
368	1189	0
369	1189	0
370	1189	0
371	1189	0
372	1189	0
373	1189	0
374	1189	1
375	1189	1
376	1189	1
377	1189	0
378	1189	0
379	1189	0
380	1189	0
381	1189	0
382	1189	0
383	1189	0
384	1189	0
385	1189	1
386	1189	0
387	1189	0
388	1189	0
389	1189	1
391	1189	0
392	1189	0
393	1189	0
394	1189	0
395	1189	0
396	1189	0
397	1189	0
398	1189	1
399	1189	0
400	1189	0
402	1189	1
403	1189	0
404	1189	0
405	1189	0
406	1189	0
407	1189	0
408	1189	0
410	1189	0
411	1189	0
412	1189	0
413	1189	0
414	1189	0
415	1189	0
416	1189	0
417	1189	0
418	1189	0
420	1189	1
421	1189	1
422	1189	0
423	1189	0
424	1189	0
425	1189	0
426	1189	0
427	1189	0
428	1189	0
429	1189	0
430	1189	0
431	1189	1
432	1189	0
433	1189	0
434	1189	0
435	1189	1
436	1189	0
437	1189	0
438	1189	0
439	1189	0
440	1189	0
441	1189	0
442	1189	0
443	1189	0
444	1189	0
445	1189	0
446	1189	0
447	1189	0
448	1189	0
449	1189	0
450	1189	0
451	1189	0
452	1189	0
453	1189	0
454	1189	0
455	1189	0
456	1189	0
457	1189	0
458	1189	0
459	1189	0
460	1189	0
461	1189	0
462	1189	0
463	1189	0
464	1189	0
465	1189	0
466	1189	1
467	1189	0
468	1189	0
469	1189	0
470	1189	0
471	1189	0
472	1189	0
473	1189	0
474	1189	0
475	1189	0
476	1189	0
477	1189	0
478	1189	0
479	1189	0
480	1189	0
481	1189	0
482	1189	0
483	1189	0
484	1189	0
485	1189	0
486	1189	0
487	1189	0
488	1189	0
489	1189	0
491	1189	0
493	1189	0
494	1189	0
495	1189	0
496	1189	0
497	1189	0
499	1189	1
500	1189	0
501	1189	0
502	1189	0
503	1189	0
504	1189	0
505	1189	1
506	1189	0
507	1189	0
508	1189	0
509	1189	1
510	1189	0
511	1189	0
512	1189	0
513	1189	0
514	1189	1
515	1189	1
516	1189	1
517	1189	0
518	1189	0
519	1189	0
520	1189	1
521	1189	0
522	1189	1
523	1189	0
524	1189	0
525	1189	1
527	1189	0
528	1189	0
529	1189	0
530	1189	0
531	1189	0
533	1189	0
534	1189	0
535	1189	0
536	1189	0
537	1189	0
538	1189	0
539	1189	1
540	1189	0
541	1189	0
542	1189	1
543	1189	0
544	1189	0
545	1189	0
546	1189	0
547	1189	0
548	1189	0
549	1189	0
550	1189	0
551	1189	0
552	1189	0
553	1189	0
554	1189	1
555	1189	0
556	1189	0
557	1189	0
558	1189	0
560	1189	0
561	1189	0
562	1189	0
563	1189	0
564	1189	0
565	1189	0
566	1189	0
567	1189	0
568	1189	0
569	1189	0
570	1189	0
571	1189	0
572	1189	0
574	1189	0
575	1189	0
576	1189	0
577	1189	0
578	1189	0
579	1189	0
581	1189	0
582	1189	0
583	1189	0
584	1189	0
585	1189	0
586	1189	1
587	1189	0
588	1189	0
589	1189	0
590	1189	0
591	1189	0
593	1189	0
594	1189	1
595	1189	0
596	1189	0
597	1189	0
598	1189	0
599	1189	0
600	1189	0
601	1189	0
602	1189	0
604	1189	0
605	1189	1
607	1189	0
608	1189	0
609	1189	0
611	1189	0
612	1189	0
614	1189	0
615	1189	0
616	1189	0
617	1189	0
618	1189	0
619	1189	0
622	1189	0
624	1189	0
625	1189	0
626	1189	1
627	1189	0
628	1189	0
630	1189	0
632	1189	0
633	1189	0
634	1189	0
635	1189	0
636	1189	0
637	1189	0
638	1189	1
639	1189	0
640	1189	0
641	1189	1
642	1189	0
643	1189	0
644	1189	1
645	1189	0
646	1189	0
647	1189	0
648	1189	0
649	1189	0
650	1189	0
651	1189	1
652	1189	0
653	1189	0
654	1189	0
655	1189	0
656	1189	0
657	1189	1
658	1189	0
659	1189	0
660	1189	0
661	1189	0
662	1189	0
663	1189	1
664	1189	0
665	1189	0
666	1189	1
667	1189	0
669	1189	0
670	1189	0
671	1189	0
672	1189	0
673	1189	0
674	1189	0
675	1189	0
676	1189	0
677	1189	0
678	1189	0
679	1189	0
680	1189	0
681	1189	0
682	1189	0
683	1189	0
684	1189	0
685	1189	0
686	1189	0
687	1189	0
688	1189	0
689	1189	0
690	1189	0
691	1189	0
692	1189	1
693	1189	0
694	1189	0
696	1189	0
697	1189	0
698	1189	0
699	1189	0
700	1189	0
701	1189	0
702	1189	0
703	1189	0
704	1189	0
705	1189	0
706	1189	0
707	1189	0
708	1189	0
709	1189	0
710	1189	0
711	1189	0
712	1189	0
713	1189	0
714	1189	1
715	1189	0
716	1189	0
717	1189	0
718	1189	0
719	1189	0
720	1189	0
721	1189	0
722	1189	0
723	1189	0
724	1189	0
725	1189	0
726	1189	0
727	1189	0
729	1189	0
730	1189	0
731	1189	0
732	1189	1
733	1189	1
734	1189	0
735	1189	0
736	1189	0
737	1189	0
738	1189	1
739	1189	1
740	1189	0
741	1189	0
742	1189	0
743	1189	0
744	1189	0
745	1189	0
746	1189	0
747	1189	0
748	1189	0
749	1189	0
750	1189	0
751	1189	1
752	1189	0
753	1189	0
754	1189	0
755	1189	1
756	1189	0
758	1189	0
759	1189	0
760	1189	0
761	1189	0
762	1189	0
764	1189	0
765	1189	0
766	1189	0
767	1189	0
768	1189	0
769	1189	0
770	1189	0
771	1189	0
772	1189	1
773	1189	0
775	1189	0
776	1189	0
777	1189	1
778	1189	0
779	1189	0
780	1189	1
781	1189	0
782	1189	0
783	1189	0
784	1189	0
785	1189	0
786	1189	0
787	1189	0
788	1189	0
789	1189	0
790	1189	0
791	1189	0
792	1189	0
793	1189	0
794	1189	0
795	1189	0
796	1189	1
797	1189	0
798	1189	0
799	1189	1
800	1189	1
801	1189	0
802	1189	0
803	1189	0
804	1189	0
805	1189	1
806	1189	0
807	1189	0
808	1189	0
809	1189	0
810	1189	0
811	1189	0
812	1189	0
814	1189	0
816	1189	0
817	1189	0
818	1189	0
819	1189	0
820	1189	0
822	1189	0
823	1189	0
824	1189	1
825	1189	0
826	1189	0
827	1189	0
829	1189	0
830	1189	0
831	1189	0
832	1189	1
833	1189	0
834	1189	0
835	1189	0
836	1189	0
838	1189	0
839	1189	0
840	1189	0
841	1189	0
842	1189	0
843	1189	0
844	1189	0
845	1189	0
846	1189	0
847	1189	0
848	1189	0
849	1189	0
850	1189	0
851	1189	0
852	1189	1
853	1189	0
854	1189	0
855	1189	0
856	1189	0
857	1189	0
858	1189	0
859	1189	0
860	1189	0
861	1189	0
863	1189	0
864	1189	0
865	1189	0
866	1189	0
867	1189	0
868	1189	0
869	1189	0
870	1189	1
871	1189	0
872	1189	0
873	1189	0
874	1189	0
875	1189	1
876	1189	0
877	1189	0
878	1189	0
880	1189	0
881	1189	0
882	1189	0
883	1189	0
884	1189	0
885	1189	0
886	1189	1
887	1189	0
888	1189	0
889	1189	0
890	1189	0
891	1189	0
892	1189	0
893	1189	0
894	1189	0
895	1189	0
896	1189	0
897	1189	0
898	1189	0
899	1189	0
900	1189	0
901	1189	0
902	1189	0
903	1189	0
904	1189	0
905	1189	0
907	1189	0
908	1189	0
909	1189	0
910	1189	0
911	1189	0
912	1189	0
913	1189	0
914	1189	0
915	1189	0
916	1189	0
917	1189	0
918	1189	0
919	1189	0
920	1189	0
921	1189	1
922	1189	0
923	1189	1
924	1189	0
925	1189	0
926	1189	0
927	1189	0
928	1189	0
929	1189	0
930	1189	0
931	1189	0
933	1189	0
934	1189	0
935	1189	0
936	1189	0
937	1189	0
939	1189	0
940	1189	0
941	1189	0
942	1189	0
943	1189	0
944	1189	0
945	1189	0
946	1189	0
947	1189	0
948	1189	0
949	1189	0
950	1189	0
953	1189	0
954	1189	0
955	1189	1
957	1189	0
958	1189	0
959	1189	0
960	1189	0
961	1189	0
962	1189	0
963	1189	0
964	1189	0
965	1189	0
966	1189	1
967	1189	1
