0	1141	0
1	1141	0
2	1141	0
3	1141	0
4	1141	0
5	1141	0
6	1141	0
7	1141	0
8	1141	1
10	1141	0
11	1141	0
12	1141	0
13	1141	0
15	1141	0
16	1141	0
17	1141	1
18	1141	1
19	1141	0
20	1141	0
21	1141	1
22	1141	0
23	1141	0
24	1141	0
25	1141	0
27	1141	0
28	1141	0
29	1141	0
30	1141	0
31	1141	0
32	1141	0
33	1141	0
34	1141	1
35	1141	0
36	1141	0
37	1141	0
38	1141	0
39	1141	1
40	1141	1
41	1141	1
42	1141	0
43	1141	0
44	1141	0
45	1141	0
47	1141	1
48	1141	0
49	1141	0
51	1141	0
53	1141	0
55	1141	0
56	1141	0
58	1141	0
59	1141	1
60	1141	0
61	1141	0
62	1141	0
63	1141	0
64	1141	1
65	1141	0
66	1141	0
67	1141	0
68	1141	0
69	1141	0
70	1141	0
71	1141	0
72	1141	0
73	1141	0
74	1141	0
75	1141	0
77	1141	0
78	1141	0
79	1141	0
80	1141	0
81	1141	0
83	1141	0
84	1141	0
85	1141	0
86	1141	0
87	1141	0
89	1141	0
90	1141	0
91	1141	0
92	1141	0
93	1141	0
94	1141	0
95	1141	0
96	1141	1
97	1141	0
98	1141	1
100	1141	0
101	1141	0
102	1141	0
103	1141	0
104	1141	0
105	1141	0
106	1141	0
107	1141	0
108	1141	0
109	1141	1
110	1141	1
111	1141	0
112	1141	1
113	1141	0
114	1141	0
115	1141	0
116	1141	0
117	1141	1
118	1141	0
120	1141	0
121	1141	0
124	1141	1
125	1141	1
129	1141	0
130	1141	0
131	1141	0
132	1141	0
133	1141	0
134	1141	1
135	1141	1
136	1141	0
137	1141	1
138	1141	1
139	1141	0
140	1141	0
141	1141	0
142	1141	0
143	1141	0
144	1141	0
145	1141	0
146	1141	0
147	1141	0
148	1141	0
149	1141	0
150	1141	0
151	1141	0
152	1141	1
153	1141	0
154	1141	1
155	1141	0
156	1141	1
157	1141	0
158	1141	0
159	1141	0
160	1141	0
161	1141	0
162	1141	0
163	1141	0
164	1141	1
165	1141	0
166	1141	0
167	1141	0
168	1141	0
169	1141	0
170	1141	0
171	1141	0
172	1141	1
173	1141	0
174	1141	0
175	1141	0
177	1141	0
178	1141	0
179	1141	0
180	1141	0
181	1141	0
182	1141	0
183	1141	0
184	1141	1
185	1141	0
186	1141	0
187	1141	0
188	1141	1
189	1141	0
190	1141	0
191	1141	0
193	1141	1
194	1141	0
195	1141	0
196	1141	0
197	1141	0
198	1141	0
199	1141	0
200	1141	0
201	1141	0
202	1141	0
203	1141	0
204	1141	0
206	1141	0
207	1141	0
208	1141	0
209	1141	0
210	1141	0
211	1141	0
212	1141	1
213	1141	0
214	1141	0
215	1141	0
216	1141	0
217	1141	0
218	1141	0
219	1141	0
220	1141	0
221	1141	0
222	1141	0
224	1141	0
225	1141	0
227	1141	0
228	1141	0
229	1141	0
230	1141	0
232	1141	1
233	1141	0
235	1141	0
237	1141	0
238	1141	0
239	1141	0
240	1141	0
245	1141	0
246	1141	0
247	1141	1
248	1141	0
249	1141	0
250	1141	0
251	1141	1
252	1141	0
253	1141	1
254	1141	0
255	1141	0
256	1141	0
257	1141	0
258	1141	0
259	1141	0
260	1141	0
261	1141	0
262	1141	0
263	1141	0
264	1141	0
265	1141	0
266	1141	0
267	1141	0
268	1141	0
271	1141	0
272	1141	0
273	1141	0
274	1141	0
275	1141	0
276	1141	0
277	1141	0
278	1141	0
280	1141	0
281	1141	1
282	1141	0
283	1141	0
284	1141	0
285	1141	0
286	1141	0
287	1141	0
288	1141	0
289	1141	1
290	1141	1
292	1141	0
293	1141	0
295	1141	0
296	1141	0
297	1141	0
298	1141	0
302	1141	0
303	1141	0
304	1141	0
305	1141	0
306	1141	0
308	1141	0
310	1141	0
311	1141	0
312	1141	0
313	1141	0
314	1141	0
315	1141	0
317	1141	0
318	1141	1
319	1141	0
321	1141	0
322	1141	0
323	1141	0
324	1141	0
325	1141	0
326	1141	0
327	1141	0
328	1141	0
329	1141	0
330	1141	0
331	1141	0
332	1141	0
333	1141	0
334	1141	1
336	1141	0
337	1141	0
338	1141	0
340	1141	0
341	1141	0
344	1141	0
345	1141	1
346	1141	0
347	1141	0
348	1141	0
349	1141	0
350	1141	0
351	1141	0
352	1141	0
353	1141	0
354	1141	1
355	1141	0
356	1141	0
357	1141	0
358	1141	1
359	1141	0
360	1141	0
361	1141	1
362	1141	1
363	1141	1
364	1141	1
365	1141	0
366	1141	0
367	1141	1
369	1141	0
370	1141	1
371	1141	1
372	1141	0
373	1141	0
374	1141	0
375	1141	0
376	1141	0
377	1141	1
378	1141	1
381	1141	0
382	1141	0
383	1141	0
384	1141	0
385	1141	0
386	1141	1
387	1141	0
388	1141	1
389	1141	1
390	1141	0
391	1141	0
392	1141	0
393	1141	0
394	1141	1
395	1141	1
397	1141	0
398	1141	0
399	1141	0
401	1141	0
402	1141	0
403	1141	0
404	1141	0
405	1141	0
406	1141	0
407	1141	0
408	1141	0
409	1141	0
410	1141	0
412	1141	0
414	1141	1
415	1141	1
416	1141	0
417	1141	1
418	1141	0
419	1141	0
420	1141	1
421	1141	1
422	1141	1
423	1141	1
424	1141	1
425	1141	0
426	1141	0
427	1141	0
428	1141	0
429	1141	0
430	1141	0
431	1141	0
432	1141	0
434	1141	0
436	1141	0
437	1141	0
438	1141	0
439	1141	0
440	1141	0
441	1141	0
442	1141	0
444	1141	0
445	1141	0
446	1141	0
447	1141	0
449	1141	0
450	1141	0
451	1141	0
452	1141	0
453	1141	0
454	1141	0
455	1141	0
456	1141	1
457	1141	0
458	1141	0
459	1141	0
461	1141	0
462	1141	0
463	1141	0
464	1141	1
465	1141	0
466	1141	0
468	1141	0
469	1141	0
470	1141	0
471	1141	0
472	1141	0
473	1141	0
474	1141	0
475	1141	1
476	1141	0
477	1141	0
478	1141	1
479	1141	0
480	1141	0
481	1141	0
482	1141	0
483	1141	0
484	1141	0
486	1141	0
487	1141	0
488	1141	0
489	1141	1
490	1141	0
492	1141	0
493	1141	0
494	1141	0
496	1141	1
497	1141	0
498	1141	1
499	1141	0
500	1141	0
501	1141	0
502	1141	0
503	1141	1
504	1141	0
505	1141	0
507	1141	1
508	1141	1
509	1141	1
510	1141	0
511	1141	0
512	1141	1
513	1141	0
514	1141	1
515	1141	0
516	1141	0
518	1141	1
519	1141	1
520	1141	1
521	1141	0
522	1141	0
523	1141	0
524	1141	0
525	1141	1
526	1141	0
527	1141	0
528	1141	0
530	1141	0
531	1141	0
533	1141	0
534	1141	0
535	1141	0
536	1141	0
538	1141	0
539	1141	0
541	1141	0
542	1141	0
543	1141	0
544	1141	0
545	1141	0
546	1141	0
547	1141	0
549	1141	0
550	1141	0
551	1141	0
553	1141	0
554	1141	0
555	1141	0
556	1141	0
557	1141	0
558	1141	0
559	1141	0
560	1141	0
561	1141	0
562	1141	0
563	1141	0
565	1141	0
566	1141	0
567	1141	0
568	1141	0
569	1141	0
571	1141	0
573	1141	0
574	1141	0
575	1141	0
576	1141	0
577	1141	0
578	1141	0
580	1141	0
583	1141	0
584	1141	1
585	1141	1
586	1141	0
587	1141	0
588	1141	0
589	1141	0
591	1141	0
593	1141	0
595	1141	0
596	1141	0
597	1141	0
598	1141	0
599	1141	0
600	1141	0
601	1141	0
602	1141	0
604	1141	0
605	1141	0
606	1141	0
607	1141	0
608	1141	0
609	1141	0
611	1141	0
612	1141	0
613	1141	0
614	1141	0
616	1141	1
617	1141	1
618	1141	0
619	1141	0
620	1141	0
621	1141	0
622	1141	0
624	1141	0
625	1141	0
626	1141	0
627	1141	0
628	1141	0
630	1141	0
632	1141	0
633	1141	1
634	1141	0
635	1141	0
636	1141	0
637	1141	0
638	1141	1
639	1141	0
640	1141	0
641	1141	0
642	1141	0
643	1141	0
644	1141	0
645	1141	1
646	1141	0
647	1141	0
648	1141	0
649	1141	0
650	1141	0
651	1141	0
652	1141	0
654	1141	0
655	1141	0
656	1141	0
657	1141	0
659	1141	0
660	1141	0
661	1141	1
662	1141	1
663	1141	0
664	1141	0
665	1141	0
666	1141	0
667	1141	0
668	1141	0
669	1141	0
670	1141	0
671	1141	0
672	1141	1
673	1141	0
674	1141	0
676	1141	0
677	1141	0
678	1141	0
679	1141	0
680	1141	0
681	1141	0
683	1141	0
684	1141	0
685	1141	0
686	1141	0
687	1141	0
688	1141	0
689	1141	0
690	1141	0
691	1141	1
692	1141	1
693	1141	0
694	1141	0
695	1141	0
696	1141	0
697	1141	0
698	1141	0
699	1141	0
700	1141	0
701	1141	0
703	1141	0
705	1141	0
706	1141	0
707	1141	0
709	1141	1
710	1141	0
711	1141	0
712	1141	0
713	1141	1
714	1141	0
715	1141	0
717	1141	0
718	1141	0
719	1141	0
720	1141	1
721	1141	1
722	1141	0
723	1141	0
724	1141	0
725	1141	0
726	1141	0
727	1141	0
728	1141	0
729	1141	1
730	1141	0
732	1141	1
734	1141	0
735	1141	0
736	1141	0
737	1141	0
738	1141	0
739	1141	0
740	1141	0
741	1141	0
742	1141	0
743	1141	0
744	1141	0
745	1141	0
746	1141	0
747	1141	1
748	1141	1
749	1141	1
752	1141	0
753	1141	0
754	1141	0
755	1141	0
756	1141	0
757	1141	0
758	1141	0
759	1141	1
760	1141	1
762	1141	0
764	1141	0
765	1141	0
766	1141	0
767	1141	0
768	1141	0
769	1141	0
770	1141	0
771	1141	0
772	1141	0
773	1141	0
775	1141	0
776	1141	0
777	1141	0
778	1141	0
780	1141	1
781	1141	0
782	1141	0
783	1141	0
784	1141	0
786	1141	0
787	1141	0
788	1141	0
790	1141	0
791	1141	0
792	1141	0
793	1141	0
794	1141	0
795	1141	0
796	1141	0
797	1141	0
798	1141	0
799	1141	0
800	1141	0
801	1141	0
802	1141	0
803	1141	0
804	1141	0
806	1141	0
807	1141	0
808	1141	0
810	1141	0
811	1141	0
814	1141	0
816	1141	0
818	1141	0
819	1141	0
820	1141	0
822	1141	0
823	1141	0
824	1141	0
825	1141	0
826	1141	1
827	1141	1
830	1141	0
831	1141	0
832	1141	1
833	1141	1
835	1141	0
836	1141	0
837	1141	1
838	1141	1
839	1141	0
840	1141	0
843	1141	0
844	1141	0
845	1141	0
848	1141	0
849	1141	0
850	1141	0
851	1141	0
852	1141	0
853	1141	0
854	1141	0
855	1141	0
856	1141	0
857	1141	0
861	1141	0
862	1141	0
863	1141	0
864	1141	0
866	1141	0
867	1141	0
868	1141	0
869	1141	0
871	1141	1
873	1141	0
875	1141	0
876	1141	0
877	1141	0
878	1141	0
880	1141	0
881	1141	0
882	1141	0
883	1141	0
884	1141	0
885	1141	0
887	1141	1
888	1141	1
889	1141	1
890	1141	0
891	1141	0
892	1141	0
893	1141	0
894	1141	0
895	1141	1
896	1141	0
897	1141	0
898	1141	0
899	1141	0
900	1141	1
901	1141	0
903	1141	0
904	1141	0
905	1141	0
907	1141	0
908	1141	0
909	1141	0
910	1141	0
911	1141	0
912	1141	0
913	1141	0
915	1141	0
916	1141	0
917	1141	1
918	1141	0
919	1141	0
920	1141	0
921	1141	1
922	1141	0
923	1141	1
924	1141	1
925	1141	0
926	1141	0
927	1141	0
928	1141	0
929	1141	0
934	1141	0
935	1141	0
936	1141	0
937	1141	0
939	1141	0
940	1141	0
941	1141	0
942	1141	0
943	1141	0
944	1141	0
945	1141	0
946	1141	0
948	1141	0
949	1141	1
950	1141	0
952	1141	0
953	1141	0
954	1141	0
955	1141	0
956	1141	0
957	1141	0
958	1141	1
959	1141	0
960	1141	0
961	1141	0
962	1141	0
963	1141	0
964	1141	0
965	1141	1
966	1141	0
967	1141	1
