1	1212	0
2	1212	0
3	1212	0
4	1212	1
5	1212	0
6	1212	0
7	1212	0
8	1212	0
9	1212	0
10	1212	0
11	1212	0
12	1212	0
13	1212	1
14	1212	1
16	1212	0
17	1212	0
18	1212	0
19	1212	1
20	1212	0
21	1212	0
22	1212	0
23	1212	0
24	1212	1
25	1212	0
26	1212	0
27	1212	0
28	1212	0
29	1212	0
31	1212	0
32	1212	0
33	1212	0
34	1212	0
35	1212	1
36	1212	0
37	1212	0
38	1212	0
39	1212	0
41	1212	0
43	1212	1
44	1212	0
45	1212	0
46	1212	1
47	1212	0
48	1212	1
49	1212	0
50	1212	0
51	1212	0
52	1212	0
53	1212	1
54	1212	0
55	1212	0
56	1212	0
58	1212	0
59	1212	0
60	1212	0
61	1212	0
62	1212	0
63	1212	0
64	1212	0
65	1212	0
66	1212	0
67	1212	0
68	1212	1
69	1212	0
70	1212	0
71	1212	0
72	1212	1
73	1212	0
74	1212	0
75	1212	0
77	1212	0
78	1212	0
79	1212	0
80	1212	0
81	1212	0
82	1212	0
83	1212	1
84	1212	0
85	1212	0
86	1212	0
87	1212	0
88	1212	0
89	1212	0
91	1212	0
92	1212	0
93	1212	0
94	1212	0
95	1212	0
96	1212	0
97	1212	0
98	1212	1
99	1212	0
100	1212	1
101	1212	0
102	1212	1
103	1212	0
104	1212	1
105	1212	0
106	1212	1
107	1212	0
108	1212	0
109	1212	0
110	1212	0
111	1212	0
112	1212	0
113	1212	0
114	1212	0
115	1212	1
116	1212	0
117	1212	0
118	1212	0
119	1212	0
120	1212	0
121	1212	0
122	1212	0
123	1212	0
124	1212	0
125	1212	0
128	1212	0
129	1212	0
130	1212	0
131	1212	0
132	1212	1
133	1212	0
134	1212	0
135	1212	1
136	1212	0
137	1212	0
138	1212	0
139	1212	0
140	1212	0
141	1212	0
142	1212	0
143	1212	0
144	1212	0
145	1212	0
146	1212	0
147	1212	0
148	1212	0
149	1212	0
150	1212	0
151	1212	0
152	1212	0
153	1212	1
154	1212	0
155	1212	0
156	1212	0
158	1212	0
159	1212	0
160	1212	1
161	1212	0
162	1212	0
163	1212	0
165	1212	0
166	1212	1
167	1212	0
168	1212	0
169	1212	0
170	1212	1
171	1212	0
172	1212	0
173	1212	0
174	1212	0
175	1212	0
177	1212	0
178	1212	0
179	1212	0
180	1212	0
181	1212	0
182	1212	0
183	1212	0
184	1212	0
185	1212	0
186	1212	0
187	1212	0
188	1212	1
189	1212	1
190	1212	0
191	1212	0
192	1212	0
193	1212	0
194	1212	0
195	1212	0
196	1212	0
197	1212	0
198	1212	0
199	1212	0
200	1212	1
201	1212	0
202	1212	0
203	1212	0
204	1212	0
206	1212	0
207	1212	0
208	1212	0
209	1212	0
210	1212	0
211	1212	0
212	1212	0
214	1212	0
215	1212	0
216	1212	0
217	1212	0
218	1212	0
219	1212	1
220	1212	1
221	1212	0
222	1212	0
223	1212	0
224	1212	0
226	1212	0
227	1212	0
228	1212	0
229	1212	0
230	1212	0
231	1212	0
232	1212	0
233	1212	0
235	1212	0
236	1212	0
237	1212	0
238	1212	0
239	1212	0
240	1212	0
241	1212	0
242	1212	0
243	1212	0
244	1212	0
245	1212	0
246	1212	0
247	1212	0
248	1212	0
249	1212	0
250	1212	0
251	1212	0
252	1212	0
253	1212	0
254	1212	0
255	1212	0
256	1212	0
257	1212	0
258	1212	0
259	1212	0
260	1212	0
261	1212	0
262	1212	0
263	1212	0
264	1212	0
265	1212	0
266	1212	0
267	1212	0
268	1212	0
270	1212	0
271	1212	0
272	1212	0
273	1212	0
274	1212	0
275	1212	0
276	1212	0
277	1212	0
278	1212	0
279	1212	0
280	1212	1
281	1212	0
282	1212	0
283	1212	0
284	1212	0
285	1212	0
286	1212	1
287	1212	1
288	1212	0
289	1212	0
290	1212	0
291	1212	0
292	1212	1
293	1212	0
294	1212	1
295	1212	0
296	1212	0
297	1212	0
298	1212	0
299	1212	0
300	1212	0
301	1212	0
302	1212	0
303	1212	1
304	1212	0
305	1212	0
306	1212	0
307	1212	0
308	1212	0
309	1212	1
310	1212	0
311	1212	0
312	1212	0
313	1212	0
314	1212	0
315	1212	0
316	1212	1
317	1212	0
318	1212	0
319	1212	0
320	1212	1
321	1212	1
322	1212	0
323	1212	0
324	1212	0
325	1212	0
326	1212	0
328	1212	0
329	1212	0
331	1212	1
332	1212	0
333	1212	1
334	1212	0
335	1212	0
336	1212	0
337	1212	1
338	1212	0
339	1212	0
340	1212	0
341	1212	0
342	1212	0
343	1212	0
344	1212	0
345	1212	0
346	1212	0
347	1212	0
348	1212	0
349	1212	0
350	1212	0
351	1212	0
352	1212	0
354	1212	0
355	1212	0
356	1212	0
357	1212	0
358	1212	0
359	1212	0
360	1212	0
362	1212	0
363	1212	0
364	1212	0
365	1212	0
366	1212	1
367	1212	1
368	1212	0
369	1212	0
370	1212	0
371	1212	0
372	1212	0
373	1212	0
374	1212	0
375	1212	1
376	1212	0
377	1212	0
378	1212	0
379	1212	0
380	1212	1
381	1212	0
382	1212	0
383	1212	0
384	1212	0
385	1212	0
386	1212	1
387	1212	0
388	1212	0
389	1212	0
391	1212	0
392	1212	0
393	1212	0
394	1212	0
395	1212	0
396	1212	0
397	1212	0
398	1212	0
399	1212	0
400	1212	0
401	1212	0
402	1212	0
403	1212	1
404	1212	1
405	1212	0
406	1212	0
407	1212	0
408	1212	1
410	1212	0
411	1212	0
412	1212	0
413	1212	0
415	1212	0
416	1212	0
417	1212	0
418	1212	0
419	1212	0
420	1212	0
421	1212	0
422	1212	0
423	1212	0
424	1212	0
425	1212	0
426	1212	0
427	1212	1
428	1212	0
429	1212	0
430	1212	0
431	1212	0
432	1212	0
433	1212	0
434	1212	0
435	1212	0
436	1212	0
437	1212	0
438	1212	0
439	1212	0
440	1212	0
441	1212	0
442	1212	0
443	1212	0
444	1212	0
445	1212	0
446	1212	0
447	1212	0
448	1212	1
449	1212	0
450	1212	0
451	1212	0
452	1212	0
453	1212	0
454	1212	0
455	1212	0
456	1212	0
457	1212	0
458	1212	0
459	1212	0
460	1212	0
461	1212	0
462	1212	0
463	1212	1
464	1212	0
465	1212	0
466	1212	0
467	1212	0
468	1212	0
469	1212	0
470	1212	0
471	1212	0
472	1212	0
473	1212	0
474	1212	0
475	1212	1
476	1212	0
477	1212	0
478	1212	0
479	1212	1
480	1212	0
481	1212	1
482	1212	0
483	1212	0
484	1212	0
485	1212	0
486	1212	0
487	1212	0
488	1212	0
489	1212	0
491	1212	0
493	1212	0
494	1212	0
495	1212	0
496	1212	1
497	1212	0
499	1212	1
500	1212	0
501	1212	0
502	1212	0
503	1212	1
504	1212	0
505	1212	0
506	1212	1
507	1212	0
508	1212	0
509	1212	1
510	1212	0
511	1212	0
512	1212	0
513	1212	0
514	1212	1
515	1212	0
516	1212	0
517	1212	1
518	1212	0
519	1212	0
520	1212	1
521	1212	0
522	1212	0
523	1212	1
524	1212	0
525	1212	0
527	1212	1
528	1212	0
529	1212	0
530	1212	0
531	1212	0
533	1212	0
534	1212	0
535	1212	0
536	1212	0
537	1212	0
538	1212	0
539	1212	0
540	1212	0
541	1212	0
542	1212	0
543	1212	0
544	1212	0
545	1212	0
546	1212	0
547	1212	0
548	1212	0
549	1212	0
550	1212	0
551	1212	0
552	1212	0
553	1212	0
554	1212	0
555	1212	0
556	1212	0
557	1212	0
558	1212	0
560	1212	0
561	1212	0
562	1212	0
563	1212	0
564	1212	0
565	1212	0
566	1212	0
567	1212	1
568	1212	0
569	1212	0
570	1212	0
571	1212	0
572	1212	0
574	1212	0
575	1212	0
576	1212	0
577	1212	0
578	1212	0
579	1212	0
581	1212	0
582	1212	0
583	1212	0
584	1212	0
585	1212	0
586	1212	0
587	1212	0
588	1212	0
589	1212	0
590	1212	0
591	1212	0
593	1212	0
594	1212	0
595	1212	0
596	1212	0
597	1212	0
598	1212	0
599	1212	0
600	1212	0
601	1212	0
602	1212	0
604	1212	0
605	1212	0
607	1212	0
608	1212	0
609	1212	0
611	1212	0
612	1212	0
614	1212	0
615	1212	0
616	1212	0
617	1212	0
618	1212	0
619	1212	0
622	1212	0
624	1212	0
625	1212	0
626	1212	0
627	1212	0
628	1212	0
630	1212	1
632	1212	0
633	1212	0
634	1212	0
635	1212	0
636	1212	0
637	1212	0
638	1212	1
639	1212	0
640	1212	0
642	1212	0
643	1212	0
644	1212	1
645	1212	1
646	1212	0
647	1212	0
648	1212	0
649	1212	0
650	1212	0
651	1212	0
652	1212	0
653	1212	0
654	1212	0
655	1212	0
656	1212	0
657	1212	0
658	1212	0
659	1212	0
660	1212	0
661	1212	1
662	1212	1
663	1212	0
664	1212	0
666	1212	0
667	1212	0
669	1212	0
670	1212	0
671	1212	0
672	1212	1
673	1212	0
674	1212	0
675	1212	0
676	1212	0
677	1212	0
678	1212	0
679	1212	0
680	1212	0
681	1212	0
682	1212	0
683	1212	0
684	1212	0
685	1212	0
686	1212	0
687	1212	0
688	1212	0
689	1212	0
690	1212	0
691	1212	0
692	1212	0
693	1212	0
694	1212	0
696	1212	1
697	1212	0
698	1212	0
699	1212	0
700	1212	0
701	1212	0
702	1212	0
703	1212	0
704	1212	0
705	1212	0
706	1212	0
707	1212	0
708	1212	0
709	1212	0
710	1212	0
711	1212	0
712	1212	1
713	1212	0
715	1212	0
716	1212	0
717	1212	0
718	1212	1
719	1212	0
720	1212	0
721	1212	0
722	1212	0
723	1212	0
724	1212	0
725	1212	0
726	1212	0
727	1212	0
729	1212	0
730	1212	0
731	1212	1
732	1212	0
733	1212	0
734	1212	0
735	1212	0
736	1212	0
737	1212	0
738	1212	0
739	1212	0
740	1212	1
741	1212	1
742	1212	0
743	1212	0
744	1212	1
745	1212	0
747	1212	0
748	1212	0
749	1212	0
750	1212	0
751	1212	0
752	1212	0
753	1212	1
754	1212	0
755	1212	0
756	1212	1
758	1212	0
759	1212	1
760	1212	0
761	1212	0
762	1212	0
764	1212	0
765	1212	1
766	1212	0
767	1212	0
768	1212	0
769	1212	0
770	1212	0
771	1212	0
772	1212	1
773	1212	0
775	1212	0
776	1212	0
777	1212	0
778	1212	0
779	1212	1
780	1212	0
781	1212	0
782	1212	0
783	1212	1
784	1212	1
785	1212	0
786	1212	0
787	1212	1
788	1212	1
789	1212	1
790	1212	0
791	1212	1
792	1212	0
793	1212	1
794	1212	0
795	1212	0
796	1212	0
797	1212	1
798	1212	1
799	1212	1
800	1212	0
801	1212	0
802	1212	0
803	1212	0
804	1212	0
805	1212	1
806	1212	0
807	1212	0
808	1212	0
809	1212	0
810	1212	0
811	1212	0
812	1212	0
814	1212	0
816	1212	0
817	1212	0
818	1212	0
819	1212	0
820	1212	0
822	1212	0
823	1212	0
824	1212	0
825	1212	0
826	1212	0
827	1212	0
829	1212	0
830	1212	0
831	1212	0
832	1212	1
833	1212	0
834	1212	0
835	1212	0
836	1212	0
838	1212	0
839	1212	0
840	1212	0
841	1212	0
842	1212	0
843	1212	0
844	1212	1
845	1212	0
846	1212	0
847	1212	0
848	1212	0
849	1212	0
850	1212	0
851	1212	0
852	1212	0
853	1212	1
854	1212	0
855	1212	0
856	1212	1
857	1212	0
858	1212	0
859	1212	1
860	1212	0
861	1212	0
863	1212	0
864	1212	1
865	1212	0
866	1212	0
867	1212	0
868	1212	0
869	1212	0
870	1212	0
871	1212	0
872	1212	0
873	1212	0
874	1212	0
875	1212	0
876	1212	0
877	1212	0
878	1212	0
880	1212	0
881	1212	0
882	1212	1
883	1212	0
884	1212	0
885	1212	0
886	1212	0
887	1212	0
888	1212	0
889	1212	0
890	1212	0
891	1212	0
892	1212	0
893	1212	0
894	1212	0
895	1212	0
896	1212	1
897	1212	0
898	1212	0
899	1212	0
900	1212	0
901	1212	0
902	1212	0
903	1212	0
904	1212	1
905	1212	1
907	1212	0
908	1212	0
909	1212	0
910	1212	0
911	1212	0
912	1212	0
913	1212	0
914	1212	0
915	1212	0
916	1212	0
917	1212	0
918	1212	0
919	1212	1
920	1212	0
921	1212	1
922	1212	0
923	1212	0
924	1212	0
925	1212	0
926	1212	1
927	1212	0
928	1212	0
929	1212	0
930	1212	0
931	1212	0
933	1212	0
934	1212	0
935	1212	0
936	1212	0
937	1212	0
939	1212	0
940	1212	0
941	1212	1
942	1212	0
943	1212	1
944	1212	0
945	1212	0
946	1212	0
947	1212	0
948	1212	0
949	1212	0
950	1212	0
953	1212	0
955	1212	1
957	1212	0
958	1212	0
959	1212	1
960	1212	0
961	1212	0
962	1212	0
963	1212	0
964	1212	0
965	1212	0
966	1212	0
967	1212	1
