0	1078	1
1	1078	0
2	1078	0
3	1078	0
4	1078	0
5	1078	0
6	1078	0
7	1078	0
8	1078	1
9	1078	0
10	1078	0
11	1078	0
12	1078	0
13	1078	0
14	1078	1
15	1078	0
16	1078	0
17	1078	0
18	1078	1
19	1078	0
20	1078	0
21	1078	0
22	1078	0
23	1078	0
24	1078	0
26	1078	0
27	1078	0
28	1078	0
29	1078	0
30	1078	0
31	1078	1
32	1078	1
33	1078	0
34	1078	1
35	1078	0
36	1078	0
37	1078	0
38	1078	0
39	1078	0
40	1078	0
42	1078	0
43	1078	0
44	1078	0
45	1078	1
46	1078	0
47	1078	1
48	1078	0
49	1078	0
50	1078	0
51	1078	0
52	1078	0
53	1078	0
54	1078	0
55	1078	0
56	1078	0
57	1078	0
58	1078	0
59	1078	1
60	1078	0
61	1078	0
62	1078	0
64	1078	1
65	1078	0
66	1078	0
67	1078	0
68	1078	0
69	1078	0
70	1078	0
71	1078	1
72	1078	0
73	1078	0
74	1078	0
75	1078	0
76	1078	0
77	1078	0
78	1078	0
79	1078	0
80	1078	0
81	1078	0
82	1078	0
83	1078	0
84	1078	0
85	1078	0
86	1078	0
87	1078	0
88	1078	0
89	1078	0
90	1078	0
91	1078	1
92	1078	0
93	1078	0
94	1078	0
95	1078	1
96	1078	0
97	1078	0
98	1078	1
99	1078	0
100	1078	0
101	1078	0
102	1078	0
103	1078	0
104	1078	0
105	1078	0
106	1078	0
109	1078	1
111	1078	0
112	1078	0
113	1078	0
114	1078	0
115	1078	0
116	1078	0
117	1078	1
118	1078	0
119	1078	0
120	1078	0
121	1078	0
122	1078	0
123	1078	0
124	1078	0
125	1078	1
126	1078	0
127	1078	1
129	1078	1
130	1078	0
131	1078	0
132	1078	0
133	1078	0
134	1078	0
136	1078	0
137	1078	0
138	1078	1
139	1078	0
140	1078	1
141	1078	0
142	1078	0
143	1078	0
144	1078	0
145	1078	0
146	1078	0
147	1078	0
148	1078	0
149	1078	0
150	1078	0
151	1078	0
152	1078	0
153	1078	0
154	1078	0
155	1078	0
156	1078	0
157	1078	0
158	1078	1
159	1078	0
160	1078	0
161	1078	0
162	1078	0
163	1078	1
165	1078	0
166	1078	0
167	1078	0
168	1078	1
169	1078	0
170	1078	0
171	1078	0
172	1078	1
173	1078	0
174	1078	0
175	1078	0
177	1078	0
178	1078	0
179	1078	0
180	1078	0
182	1078	0
183	1078	0
184	1078	0
185	1078	0
186	1078	0
187	1078	0
189	1078	0
190	1078	0
191	1078	0
192	1078	1
193	1078	0
194	1078	1
195	1078	0
196	1078	1
197	1078	1
198	1078	0
199	1078	0
200	1078	0
201	1078	0
202	1078	0
203	1078	1
204	1078	0
206	1078	0
207	1078	0
208	1078	0
210	1078	0
211	1078	1
212	1078	1
213	1078	0
214	1078	0
215	1078	0
216	1078	0
217	1078	0
218	1078	0
219	1078	1
220	1078	0
222	1078	0
223	1078	0
224	1078	1
225	1078	0
226	1078	0
227	1078	1
228	1078	0
229	1078	0
230	1078	0
231	1078	1
232	1078	0
233	1078	0
234	1078	0
235	1078	0
236	1078	0
237	1078	0
238	1078	0
239	1078	0
240	1078	0
241	1078	0
242	1078	0
244	1078	0
245	1078	0
246	1078	1
247	1078	0
248	1078	0
249	1078	0
250	1078	0
251	1078	0
252	1078	0
253	1078	1
254	1078	0
255	1078	1
256	1078	0
258	1078	0
259	1078	1
260	1078	0
261	1078	0
262	1078	0
263	1078	0
264	1078	0
265	1078	0
266	1078	1
267	1078	0
268	1078	1
269	1078	0
270	1078	0
271	1078	0
272	1078	0
274	1078	1
275	1078	0
276	1078	0
277	1078	0
278	1078	0
279	1078	0
280	1078	0
281	1078	0
282	1078	1
283	1078	0
284	1078	0
285	1078	0
286	1078	0
287	1078	0
288	1078	1
289	1078	0
290	1078	0
291	1078	0
292	1078	0
293	1078	0
294	1078	0
295	1078	0
296	1078	0
297	1078	0
298	1078	0
299	1078	0
300	1078	0
301	1078	0
302	1078	0
303	1078	0
304	1078	0
305	1078	0
306	1078	0
307	1078	0
308	1078	0
309	1078	0
310	1078	1
311	1078	0
312	1078	0
313	1078	0
314	1078	0
315	1078	0
316	1078	0
317	1078	0
318	1078	0
319	1078	0
320	1078	0
321	1078	0
322	1078	0
323	1078	0
324	1078	0
325	1078	1
326	1078	0
327	1078	0
328	1078	0
329	1078	0
330	1078	0
331	1078	0
333	1078	0
335	1078	0
336	1078	1
337	1078	0
338	1078	0
339	1078	0
340	1078	1
341	1078	0
342	1078	0
343	1078	0
344	1078	0
346	1078	0
347	1078	0
348	1078	1
349	1078	0
350	1078	0
351	1078	0
352	1078	0
354	1078	0
355	1078	0
357	1078	0
358	1078	0
359	1078	0
360	1078	0
361	1078	1
363	1078	0
364	1078	0
365	1078	1
366	1078	0
367	1078	0
368	1078	0
370	1078	1
371	1078	0
372	1078	0
373	1078	1
374	1078	0
375	1078	1
377	1078	0
378	1078	1
379	1078	0
380	1078	1
381	1078	0
382	1078	0
383	1078	0
384	1078	1
385	1078	1
386	1078	1
387	1078	0
388	1078	0
389	1078	0
390	1078	1
391	1078	0
393	1078	0
394	1078	0
395	1078	1
396	1078	0
398	1078	0
399	1078	0
400	1078	0
401	1078	0
402	1078	0
403	1078	0
404	1078	0
405	1078	0
406	1078	0
407	1078	1
408	1078	0
409	1078	0
410	1078	0
411	1078	0
412	1078	0
413	1078	0
414	1078	0
415	1078	0
416	1078	0
417	1078	0
418	1078	0
419	1078	0
420	1078	0
421	1078	0
422	1078	1
423	1078	0
424	1078	0
425	1078	1
426	1078	0
427	1078	0
428	1078	0
429	1078	0
431	1078	0
432	1078	0
433	1078	0
434	1078	0
435	1078	0
436	1078	1
437	1078	0
438	1078	0
439	1078	0
440	1078	0
441	1078	0
442	1078	0
443	1078	1
444	1078	0
445	1078	0
446	1078	1
447	1078	0
448	1078	0
449	1078	1
450	1078	0
451	1078	0
452	1078	0
453	1078	0
454	1078	0
455	1078	0
456	1078	1
457	1078	0
458	1078	1
459	1078	0
460	1078	0
461	1078	0
462	1078	0
463	1078	0
464	1078	0
465	1078	1
466	1078	0
467	1078	0
468	1078	0
469	1078	0
470	1078	0
471	1078	0
472	1078	0
473	1078	0
474	1078	0
475	1078	0
476	1078	0
477	1078	0
478	1078	0
480	1078	0
481	1078	0
482	1078	0
483	1078	0
484	1078	0
485	1078	0
486	1078	0
487	1078	0
489	1078	0
490	1078	0
491	1078	0
492	1078	0
493	1078	0
495	1078	0
496	1078	0
497	1078	0
499	1078	0
500	1078	0
501	1078	0
502	1078	0
503	1078	1
505	1078	0
506	1078	1
508	1078	1
509	1078	1
510	1078	0
511	1078	0
512	1078	0
513	1078	0
514	1078	1
515	1078	0
516	1078	1
517	1078	0
518	1078	1
519	1078	0
520	1078	1
521	1078	0
522	1078	0
523	1078	1
524	1078	0
525	1078	0
526	1078	1
527	1078	0
528	1078	0
529	1078	0
531	1078	0
533	1078	0
534	1078	0
536	1078	0
537	1078	0
538	1078	0
540	1078	0
541	1078	0
542	1078	0
543	1078	0
544	1078	0
546	1078	1
547	1078	0
548	1078	0
549	1078	0
550	1078	0
551	1078	0
553	1078	0
554	1078	0
555	1078	0
556	1078	0
557	1078	1
558	1078	1
559	1078	0
560	1078	0
561	1078	0
562	1078	0
563	1078	0
564	1078	0
565	1078	0
566	1078	0
567	1078	0
568	1078	0
569	1078	0
570	1078	0
571	1078	0
572	1078	0
574	1078	0
575	1078	1
576	1078	0
577	1078	0
578	1078	0
579	1078	0
580	1078	0
582	1078	0
583	1078	0
584	1078	1
585	1078	1
586	1078	0
587	1078	0
588	1078	0
589	1078	0
590	1078	0
591	1078	1
592	1078	1
593	1078	0
594	1078	0
595	1078	0
596	1078	0
597	1078	0
598	1078	0
599	1078	0
600	1078	0
601	1078	0
602	1078	0
604	1078	0
605	1078	0
606	1078	0
607	1078	0
608	1078	0
609	1078	0
611	1078	0
612	1078	1
613	1078	0
614	1078	1
615	1078	0
616	1078	0
617	1078	0
618	1078	0
619	1078	0
620	1078	0
621	1078	0
622	1078	0
624	1078	0
625	1078	1
626	1078	0
627	1078	0
628	1078	0
630	1078	0
631	1078	0
632	1078	0
633	1078	0
635	1078	0
636	1078	0
637	1078	1
640	1078	1
641	1078	0
642	1078	0
643	1078	0
644	1078	0
645	1078	1
646	1078	0
647	1078	0
648	1078	0
649	1078	0
650	1078	1
651	1078	0
652	1078	0
653	1078	0
654	1078	0
655	1078	0
656	1078	1
657	1078	0
658	1078	0
659	1078	0
660	1078	0
661	1078	1
662	1078	0
663	1078	1
664	1078	0
666	1078	1
667	1078	1
668	1078	0
669	1078	0
670	1078	0
671	1078	0
672	1078	0
673	1078	0
674	1078	0
675	1078	0
676	1078	0
677	1078	0
678	1078	0
679	1078	0
680	1078	0
681	1078	0
682	1078	0
683	1078	0
684	1078	0
685	1078	0
686	1078	0
687	1078	0
688	1078	0
689	1078	0
690	1078	0
691	1078	1
692	1078	1
693	1078	0
694	1078	1
695	1078	0
696	1078	0
697	1078	0
698	1078	0
699	1078	0
700	1078	0
701	1078	0
702	1078	0
703	1078	0
704	1078	0
705	1078	0
706	1078	0
707	1078	0
708	1078	0
709	1078	0
710	1078	0
711	1078	0
712	1078	0
713	1078	1
714	1078	0
715	1078	0
716	1078	0
717	1078	0
718	1078	0
719	1078	0
720	1078	0
721	1078	0
722	1078	0
723	1078	0
724	1078	0
725	1078	0
726	1078	0
727	1078	0
728	1078	0
730	1078	0
731	1078	0
732	1078	1
733	1078	0
734	1078	0
735	1078	0
736	1078	0
737	1078	0
738	1078	0
739	1078	0
740	1078	0
741	1078	0
742	1078	0
743	1078	0
744	1078	0
745	1078	0
746	1078	1
747	1078	0
748	1078	1
749	1078	0
750	1078	1
751	1078	0
752	1078	0
753	1078	0
754	1078	0
755	1078	0
756	1078	0
757	1078	0
758	1078	0
759	1078	0
760	1078	0
761	1078	0
762	1078	0
763	1078	1
764	1078	0
765	1078	0
767	1078	0
768	1078	0
769	1078	0
770	1078	0
771	1078	0
772	1078	0
773	1078	0
774	1078	1
775	1078	0
776	1078	0
777	1078	0
778	1078	0
779	1078	0
780	1078	1
782	1078	0
783	1078	0
784	1078	0
785	1078	0
786	1078	0
787	1078	0
788	1078	0
789	1078	0
790	1078	0
791	1078	0
793	1078	0
794	1078	0
795	1078	0
796	1078	1
797	1078	0
798	1078	0
799	1078	0
800	1078	0
801	1078	0
802	1078	0
803	1078	0
804	1078	0
806	1078	1
807	1078	0
808	1078	0
809	1078	0
810	1078	0
811	1078	0
812	1078	0
813	1078	1
814	1078	0
816	1078	0
817	1078	0
818	1078	0
819	1078	0
820	1078	0
821	1078	0
822	1078	0
823	1078	0
824	1078	0
825	1078	0
826	1078	0
827	1078	1
828	1078	1
829	1078	1
830	1078	1
831	1078	1
832	1078	1
833	1078	1
834	1078	0
835	1078	0
836	1078	0
837	1078	1
839	1078	1
840	1078	0
841	1078	0
842	1078	0
843	1078	0
844	1078	0
845	1078	0
846	1078	0
847	1078	0
848	1078	0
849	1078	0
850	1078	0
851	1078	0
852	1078	0
853	1078	0
854	1078	0
855	1078	0
856	1078	0
857	1078	0
858	1078	0
859	1078	0
860	1078	0
861	1078	0
862	1078	0
863	1078	0
864	1078	0
865	1078	0
866	1078	0
867	1078	0
868	1078	1
869	1078	0
870	1078	1
872	1078	0
873	1078	0
874	1078	0
875	1078	0
876	1078	0
877	1078	0
878	1078	0
879	1078	0
880	1078	0
881	1078	0
882	1078	0
883	1078	0
884	1078	0
885	1078	0
886	1078	1
887	1078	0
888	1078	1
889	1078	0
890	1078	0
891	1078	1
892	1078	0
893	1078	0
894	1078	0
895	1078	0
896	1078	0
897	1078	0
898	1078	0
900	1078	0
901	1078	0
902	1078	0
903	1078	0
904	1078	0
905	1078	0
906	1078	0
907	1078	0
908	1078	0
909	1078	1
910	1078	0
911	1078	0
912	1078	0
913	1078	0
914	1078	0
916	1078	0
917	1078	1
918	1078	1
919	1078	0
920	1078	0
921	1078	0
922	1078	0
923	1078	0
924	1078	0
925	1078	0
926	1078	0
927	1078	0
928	1078	1
930	1078	0
931	1078	0
933	1078	0
934	1078	0
935	1078	0
936	1078	0
937	1078	1
938	1078	0
939	1078	0
940	1078	0
941	1078	0
942	1078	1
943	1078	0
944	1078	0
945	1078	0
946	1078	0
947	1078	1
948	1078	0
949	1078	0
950	1078	0
952	1078	0
953	1078	1
954	1078	0
955	1078	0
956	1078	1
958	1078	0
959	1078	0
961	1078	0
962	1078	0
963	1078	1
964	1078	0
965	1078	0
967	1078	1
