0	1135	0
1	1135	0
2	1135	0
3	1135	0
4	1135	0
5	1135	0
6	1135	0
7	1135	0
8	1135	1
10	1135	0
11	1135	0
12	1135	0
13	1135	1
15	1135	0
16	1135	0
17	1135	0
18	1135	1
19	1135	0
20	1135	0
21	1135	1
22	1135	0
23	1135	0
24	1135	0
25	1135	0
27	1135	0
28	1135	0
29	1135	0
30	1135	0
31	1135	1
32	1135	1
33	1135	0
34	1135	0
35	1135	0
36	1135	0
37	1135	0
38	1135	0
39	1135	0
40	1135	1
41	1135	0
42	1135	0
44	1135	0
45	1135	0
47	1135	1
48	1135	0
49	1135	0
51	1135	0
53	1135	0
55	1135	0
56	1135	0
58	1135	0
59	1135	1
60	1135	0
61	1135	0
62	1135	0
63	1135	0
64	1135	1
65	1135	0
66	1135	0
67	1135	0
68	1135	0
69	1135	0
70	1135	0
71	1135	0
72	1135	0
73	1135	0
74	1135	0
75	1135	0
77	1135	0
78	1135	0
79	1135	0
80	1135	0
81	1135	0
83	1135	0
84	1135	0
85	1135	0
86	1135	0
87	1135	0
89	1135	0
90	1135	0
92	1135	0
93	1135	0
94	1135	0
95	1135	0
96	1135	1
97	1135	0
98	1135	0
100	1135	0
101	1135	1
102	1135	0
103	1135	0
104	1135	0
105	1135	0
106	1135	0
107	1135	0
108	1135	0
109	1135	0
110	1135	1
111	1135	0
112	1135	1
113	1135	0
114	1135	0
116	1135	0
117	1135	0
118	1135	0
120	1135	0
121	1135	0
124	1135	0
125	1135	0
129	1135	0
130	1135	0
131	1135	0
132	1135	0
133	1135	0
134	1135	1
135	1135	1
136	1135	0
137	1135	0
138	1135	1
139	1135	0
140	1135	0
141	1135	0
142	1135	0
143	1135	0
144	1135	0
145	1135	0
146	1135	0
147	1135	0
148	1135	0
149	1135	0
150	1135	0
151	1135	0
152	1135	1
153	1135	0
154	1135	0
155	1135	0
156	1135	0
157	1135	0
158	1135	0
159	1135	0
160	1135	0
161	1135	0
162	1135	0
163	1135	1
164	1135	0
165	1135	0
166	1135	0
167	1135	0
168	1135	0
169	1135	0
170	1135	0
171	1135	0
172	1135	0
173	1135	0
174	1135	0
175	1135	0
177	1135	1
178	1135	0
179	1135	0
180	1135	0
181	1135	0
182	1135	0
183	1135	0
184	1135	1
185	1135	0
186	1135	0
187	1135	0
188	1135	1
189	1135	0
190	1135	0
191	1135	0
193	1135	0
194	1135	0
195	1135	0
196	1135	0
197	1135	0
198	1135	0
199	1135	0
200	1135	0
201	1135	0
202	1135	0
203	1135	0
204	1135	0
206	1135	0
207	1135	0
208	1135	0
209	1135	0
210	1135	0
211	1135	0
212	1135	0
213	1135	0
214	1135	0
215	1135	0
216	1135	0
217	1135	0
218	1135	0
219	1135	0
220	1135	0
221	1135	0
222	1135	0
224	1135	0
225	1135	0
227	1135	0
228	1135	0
229	1135	0
230	1135	0
232	1135	0
233	1135	0
235	1135	0
237	1135	0
238	1135	0
239	1135	0
240	1135	0
245	1135	0
246	1135	0
247	1135	1
248	1135	0
249	1135	0
250	1135	0
251	1135	0
252	1135	0
253	1135	1
254	1135	1
255	1135	0
256	1135	0
257	1135	0
258	1135	0
259	1135	0
260	1135	0
261	1135	0
262	1135	0
263	1135	0
264	1135	0
265	1135	0
266	1135	0
267	1135	1
268	1135	0
271	1135	0
272	1135	0
273	1135	0
274	1135	1
275	1135	0
276	1135	0
277	1135	0
278	1135	0
280	1135	0
281	1135	0
282	1135	0
283	1135	0
284	1135	0
285	1135	0
286	1135	0
287	1135	0
288	1135	0
289	1135	1
290	1135	1
292	1135	0
293	1135	1
295	1135	0
296	1135	0
297	1135	0
298	1135	0
302	1135	0
303	1135	0
304	1135	0
305	1135	0
306	1135	0
308	1135	0
310	1135	0
311	1135	0
312	1135	0
313	1135	0
314	1135	0
315	1135	0
317	1135	0
318	1135	0
319	1135	0
321	1135	0
322	1135	0
323	1135	0
324	1135	0
325	1135	0
326	1135	0
327	1135	0
328	1135	0
329	1135	0
330	1135	0
331	1135	0
332	1135	0
333	1135	0
334	1135	0
336	1135	0
337	1135	0
338	1135	0
340	1135	0
341	1135	0
344	1135	0
345	1135	1
346	1135	0
347	1135	0
348	1135	0
349	1135	1
350	1135	0
351	1135	0
352	1135	0
353	1135	0
354	1135	1
355	1135	0
356	1135	0
357	1135	0
358	1135	0
359	1135	0
360	1135	0
361	1135	0
362	1135	0
363	1135	1
364	1135	0
365	1135	0
366	1135	0
367	1135	0
369	1135	0
370	1135	0
371	1135	0
372	1135	0
373	1135	0
374	1135	0
375	1135	1
376	1135	0
377	1135	1
378	1135	0
379	1135	0
381	1135	1
382	1135	0
383	1135	0
384	1135	0
385	1135	0
386	1135	1
387	1135	0
388	1135	0
389	1135	0
390	1135	1
391	1135	0
392	1135	0
394	1135	0
395	1135	1
397	1135	0
398	1135	0
399	1135	0
401	1135	0
402	1135	0
403	1135	0
404	1135	0
405	1135	0
406	1135	0
407	1135	0
408	1135	0
409	1135	0
412	1135	0
414	1135	0
415	1135	0
416	1135	0
417	1135	0
418	1135	1
419	1135	0
420	1135	1
421	1135	1
422	1135	0
423	1135	0
424	1135	1
425	1135	0
426	1135	0
427	1135	0
428	1135	0
429	1135	0
430	1135	0
431	1135	0
432	1135	0
434	1135	0
436	1135	0
437	1135	0
438	1135	0
439	1135	0
440	1135	0
441	1135	0
442	1135	0
444	1135	0
445	1135	0
446	1135	0
447	1135	0
449	1135	0
450	1135	0
451	1135	0
452	1135	0
453	1135	0
454	1135	0
455	1135	0
456	1135	0
457	1135	0
458	1135	0
459	1135	0
461	1135	0
462	1135	0
463	1135	0
464	1135	1
465	1135	0
466	1135	0
468	1135	0
469	1135	0
470	1135	0
471	1135	0
472	1135	0
473	1135	0
474	1135	0
475	1135	1
476	1135	1
477	1135	1
478	1135	0
479	1135	0
480	1135	0
481	1135	0
482	1135	0
483	1135	0
484	1135	0
486	1135	0
487	1135	1
488	1135	0
489	1135	0
490	1135	0
492	1135	0
493	1135	0
494	1135	0
496	1135	0
498	1135	0
499	1135	0
500	1135	0
501	1135	0
502	1135	0
503	1135	1
504	1135	0
505	1135	0
507	1135	0
508	1135	1
509	1135	1
510	1135	0
511	1135	0
512	1135	1
513	1135	0
514	1135	1
515	1135	0
516	1135	0
518	1135	1
519	1135	0
520	1135	1
521	1135	0
522	1135	0
523	1135	0
524	1135	0
525	1135	0
526	1135	0
527	1135	0
528	1135	0
530	1135	0
531	1135	0
533	1135	0
534	1135	0
535	1135	0
536	1135	0
538	1135	0
539	1135	0
541	1135	0
542	1135	1
543	1135	0
544	1135	0
545	1135	0
546	1135	0
547	1135	0
549	1135	0
550	1135	0
551	1135	0
553	1135	0
554	1135	0
555	1135	0
556	1135	0
557	1135	0
558	1135	0
559	1135	0
560	1135	0
561	1135	0
562	1135	0
563	1135	0
565	1135	0
566	1135	0
567	1135	0
568	1135	0
569	1135	0
571	1135	0
573	1135	0
574	1135	0
575	1135	0
576	1135	0
577	1135	0
578	1135	0
580	1135	0
583	1135	0
584	1135	0
585	1135	0
586	1135	0
587	1135	0
588	1135	0
589	1135	0
591	1135	0
593	1135	0
595	1135	0
597	1135	0
598	1135	0
599	1135	0
600	1135	0
601	1135	0
602	1135	0
604	1135	0
605	1135	0
606	1135	0
607	1135	0
608	1135	0
609	1135	0
611	1135	0
612	1135	0
613	1135	0
614	1135	0
616	1135	1
617	1135	1
618	1135	0
619	1135	0
620	1135	0
621	1135	0
622	1135	0
624	1135	0
625	1135	0
626	1135	1
627	1135	0
628	1135	0
630	1135	0
632	1135	0
633	1135	1
634	1135	0
635	1135	0
636	1135	0
637	1135	0
638	1135	0
639	1135	0
640	1135	0
641	1135	0
642	1135	0
643	1135	0
644	1135	0
645	1135	1
646	1135	0
647	1135	0
648	1135	0
649	1135	0
650	1135	0
651	1135	0
652	1135	1
654	1135	0
655	1135	0
656	1135	0
657	1135	0
659	1135	0
660	1135	0
661	1135	1
662	1135	0
663	1135	1
664	1135	0
665	1135	0
666	1135	0
667	1135	0
668	1135	0
669	1135	0
670	1135	0
671	1135	0
672	1135	0
673	1135	0
674	1135	0
676	1135	0
677	1135	0
678	1135	0
679	1135	0
680	1135	0
681	1135	0
683	1135	0
684	1135	0
685	1135	0
686	1135	0
687	1135	0
688	1135	0
689	1135	0
690	1135	0
691	1135	0
692	1135	1
693	1135	0
694	1135	0
695	1135	0
696	1135	0
697	1135	0
698	1135	0
699	1135	0
700	1135	0
701	1135	0
703	1135	1
705	1135	0
706	1135	0
707	1135	0
709	1135	0
710	1135	0
711	1135	0
712	1135	0
713	1135	0
714	1135	0
715	1135	0
717	1135	0
718	1135	0
719	1135	0
720	1135	0
721	1135	1
722	1135	0
723	1135	0
724	1135	0
725	1135	0
726	1135	0
727	1135	0
728	1135	0
729	1135	1
730	1135	0
732	1135	0
734	1135	0
735	1135	0
736	1135	0
737	1135	0
738	1135	0
739	1135	0
740	1135	0
741	1135	0
742	1135	0
744	1135	0
745	1135	0
746	1135	0
747	1135	1
748	1135	0
749	1135	1
752	1135	0
753	1135	0
754	1135	0
755	1135	0
756	1135	0
757	1135	0
758	1135	0
759	1135	0
760	1135	0
762	1135	0
764	1135	0
765	1135	0
766	1135	0
767	1135	0
768	1135	0
769	1135	0
770	1135	0
771	1135	0
772	1135	0
773	1135	0
775	1135	0
776	1135	0
777	1135	0
778	1135	0
780	1135	0
781	1135	0
782	1135	0
783	1135	0
784	1135	0
786	1135	0
787	1135	0
788	1135	0
790	1135	0
791	1135	0
792	1135	0
793	1135	0
794	1135	0
795	1135	0
796	1135	0
797	1135	0
798	1135	0
799	1135	0
800	1135	0
801	1135	0
802	1135	1
803	1135	0
804	1135	0
806	1135	0
807	1135	0
808	1135	0
810	1135	0
811	1135	0
814	1135	0
816	1135	0
818	1135	0
819	1135	0
820	1135	0
822	1135	0
823	1135	0
824	1135	0
825	1135	0
826	1135	0
827	1135	0
830	1135	1
831	1135	0
832	1135	1
833	1135	0
835	1135	0
836	1135	0
837	1135	1
838	1135	0
839	1135	0
840	1135	0
843	1135	0
844	1135	0
845	1135	0
848	1135	0
849	1135	0
850	1135	0
851	1135	0
852	1135	0
853	1135	0
854	1135	0
855	1135	0
856	1135	0
857	1135	0
861	1135	0
862	1135	1
863	1135	0
864	1135	0
866	1135	1
867	1135	0
868	1135	0
869	1135	0
871	1135	1
873	1135	1
875	1135	1
876	1135	1
877	1135	0
878	1135	0
880	1135	0
881	1135	0
882	1135	0
883	1135	0
884	1135	0
885	1135	0
887	1135	1
888	1135	0
889	1135	1
890	1135	0
891	1135	0
892	1135	0
893	1135	0
894	1135	0
895	1135	0
896	1135	0
897	1135	0
898	1135	0
899	1135	0
900	1135	0
901	1135	0
903	1135	0
904	1135	0
905	1135	0
907	1135	0
908	1135	0
909	1135	0
910	1135	0
911	1135	0
912	1135	0
915	1135	0
916	1135	0
917	1135	0
918	1135	0
919	1135	1
920	1135	0
921	1135	1
922	1135	0
923	1135	0
924	1135	0
925	1135	0
926	1135	0
927	1135	0
928	1135	0
929	1135	0
934	1135	0
935	1135	0
936	1135	0
937	1135	0
939	1135	0
940	1135	0
942	1135	0
943	1135	0
944	1135	0
945	1135	0
946	1135	0
948	1135	0
949	1135	0
950	1135	0
952	1135	0
953	1135	1
954	1135	0
955	1135	0
956	1135	0
957	1135	0
958	1135	0
959	1135	0
960	1135	0
961	1135	0
962	1135	0
963	1135	0
964	1135	0
965	1135	1
966	1135	0
967	1135	1
