8	992	0
10	992	0
13	992	0
16	992	0
18	992	0
20	992	0
21	992	1
24	992	0
27	992	0
31	992	1
32	992	0
33	992	0
34	992	0
36	992	0
39	992	1
42	992	0
43	992	0
44	992	0
45	992	0
47	992	0
48	992	0
49	992	0
59	992	0
61	992	0
64	992	0
67	992	0
71	992	0
76	992	0
87	992	0
93	992	0
96	992	0
98	992	0
101	992	0
106	992	0
109	992	0
112	992	1
113	992	0
117	992	0
120	992	0
121	992	0
122	992	0
125	992	0
130	992	0
131	992	0
133	992	0
134	992	0
137	992	0
138	992	0
139	992	0
140	992	0
141	992	0
142	992	0
143	992	1
146	992	0
151	992	0
152	992	0
154	992	0
156	992	0
157	992	0
159	992	0
162	992	0
163	992	0
164	992	0
168	992	0
170	992	0
171	992	0
172	992	0
174	992	0
181	992	0
182	992	0
183	992	0
184	992	0
188	992	0
190	992	0
191	992	0
192	992	0
193	992	1
194	992	0
195	992	1
196	992	0
197	992	0
201	992	1
202	992	0
203	992	1
204	992	0
205	992	0
206	992	0
207	992	1
208	992	0
210	992	0
211	992	0
214	992	0
221	992	0
222	992	0
224	992	1
225	992	1
227	992	1
228	992	0
230	992	0
232	992	0
233	992	0
234	992	0
251	992	0
252	992	0
253	992	0
255	992	0
263	992	0
269	992	0
274	992	0
275	992	0
279	992	0
282	992	0
283	992	0
289	992	0
290	992	1
296	992	0
301	992	0
310	992	0
316	992	0
328	992	1
329	992	0
334	992	0
336	992	0
338	992	0
339	992	0
340	992	0
341	992	0
343	992	0
358	992	0
359	992	0
360	992	0
361	992	0
364	992	0
365	992	0
367	992	0
368	992	0
370	992	0
371	992	0
372	992	0
373	992	0
374	992	1
375	992	0
377	992	0
378	992	0
379	992	0
380	992	0
381	992	0
382	992	0
383	992	0
384	992	0
385	992	1
386	992	0
390	992	0
391	992	0
393	992	0
395	992	0
401	992	0
402	992	1
404	992	0
405	992	0
406	992	0
420	992	0
421	992	1
422	992	0
423	992	0
424	992	0
425	992	1
426	992	0
427	992	0
428	992	0
429	992	0
430	992	0
431	992	1
432	992	0
433	992	0
435	992	1
436	992	0
443	992	0
446	992	0
448	992	0
449	992	0
450	992	1
451	992	0
453	992	1
454	992	0
455	992	0
457	992	0
458	992	0
459	992	0
461	992	0
464	992	0
465	992	0
475	992	0
476	992	0
478	992	0
486	992	1
487	992	0
489	992	0
496	992	1
497	992	0
499	992	1
500	992	0
503	992	1
505	992	1
506	992	0
508	992	0
509	992	1
510	992	0
511	992	0
512	992	0
514	992	1
515	992	0
516	992	0
517	992	0
518	992	0
519	992	0
520	992	0
521	992	1
522	992	0
524	992	0
525	992	0
526	992	0
527	992	0
528	992	0
529	992	0
534	992	0
536	992	0
538	992	0
540	992	1
541	992	0
542	992	0
544	992	0
549	992	0
551	992	1
554	992	0
557	992	0
561	992	0
565	992	0
566	992	0
567	992	0
568	992	0
569	992	0
573	992	0
574	992	1
584	992	0
585	992	0
588	992	0
589	992	0
592	992	0
595	992	0
597	992	0
607	992	0
608	992	0
612	992	0
613	992	0
616	992	0
617	992	0
620	992	0
625	992	0
626	992	0
627	992	0
630	992	0
631	992	0
633	992	0
637	992	0
640	992	0
641	992	0
642	992	0
643	992	0
644	992	0
645	992	0
646	992	0
647	992	0
648	992	0
649	992	0
650	992	1
651	992	1
652	992	0
661	992	0
662	992	0
663	992	1
664	992	0
666	992	0
667	992	0
672	992	0
673	992	1
674	992	0
683	992	0
692	992	0
693	992	0
694	992	0
713	992	0
715	992	1
718	992	1
720	992	0
721	992	0
728	992	0
732	992	0
737	992	0
738	992	0
741	992	0
742	992	0
743	992	0
745	992	0
747	992	0
748	992	0
749	992	0
750	992	0
754	992	0
758	992	0
761	992	0
763	992	0
767	992	0
768	992	0
769	992	0
771	992	0
772	992	0
773	992	0
774	992	1
778	992	1
780	992	1
784	992	0
786	992	0
787	992	0
796	992	1
798	992	0
799	992	0
802	992	0
803	992	0
805	992	0
808	992	0
810	992	0
824	992	0
825	992	0
827	992	0
828	992	0
830	992	0
831	992	0
833	992	0
834	992	0
837	992	0
839	992	0
840	992	0
855	992	0
859	992	0
862	992	0
863	992	0
864	992	0
870	992	0
873	992	0
874	992	0
875	992	1
876	992	1
877	992	0
879	992	0
880	992	0
881	992	0
882	992	1
883	992	0
885	992	0
886	992	1
887	992	0
888	992	0
890	992	0
895	992	0
900	992	0
901	992	0
904	992	0
911	992	0
913	992	1
917	992	0
923	992	0
924	992	0
928	992	0
937	992	0
943	992	0
944	992	0
947	992	0
949	992	0
952	992	0
953	992	0
954	992	0
955	992	0
956	992	1
958	992	0
963	992	0
964	992	0
965	992	0
967	992	0
