0	1147	0
1	1147	0
2	1147	0
3	1147	0
4	1147	1
5	1147	0
6	1147	0
7	1147	0
8	1147	0
9	1147	0
10	1147	0
11	1147	0
12	1147	0
13	1147	0
16	1147	0
17	1147	0
18	1147	0
19	1147	1
20	1147	0
21	1147	0
22	1147	0
23	1147	0
24	1147	0
25	1147	1
26	1147	0
27	1147	0
30	1147	1
31	1147	0
32	1147	0
33	1147	0
34	1147	0
36	1147	0
37	1147	0
38	1147	0
39	1147	0
40	1147	0
41	1147	0
42	1147	0
43	1147	0
45	1147	0
46	1147	0
47	1147	0
48	1147	0
49	1147	0
51	1147	0
53	1147	1
54	1147	0
55	1147	0
56	1147	0
58	1147	1
59	1147	0
60	1147	0
61	1147	0
62	1147	0
63	1147	0
64	1147	0
65	1147	0
66	1147	0
67	1147	0
68	1147	1
69	1147	0
70	1147	0
71	1147	0
72	1147	0
74	1147	0
75	1147	0
77	1147	0
78	1147	0
79	1147	0
80	1147	1
81	1147	0
82	1147	0
83	1147	0
84	1147	0
85	1147	0
86	1147	0
87	1147	0
89	1147	0
90	1147	0
91	1147	0
92	1147	0
93	1147	0
94	1147	0
96	1147	0
97	1147	0
98	1147	0
99	1147	0
100	1147	0
101	1147	0
102	1147	1
103	1147	0
104	1147	0
105	1147	0
106	1147	1
107	1147	1
108	1147	0
109	1147	0
110	1147	0
111	1147	1
112	1147	0
113	1147	0
114	1147	0
115	1147	1
116	1147	0
117	1147	0
118	1147	0
120	1147	0
121	1147	0
124	1147	0
125	1147	0
129	1147	0
130	1147	0
131	1147	0
132	1147	1
133	1147	1
134	1147	0
135	1147	0
136	1147	0
137	1147	0
138	1147	0
139	1147	0
140	1147	0
141	1147	1
142	1147	0
144	1147	0
145	1147	0
146	1147	0
147	1147	0
148	1147	0
149	1147	0
151	1147	0
152	1147	0
153	1147	0
154	1147	0
155	1147	0
156	1147	0
157	1147	0
158	1147	0
159	1147	0
160	1147	0
162	1147	0
163	1147	0
164	1147	0
165	1147	1
166	1147	0
167	1147	0
168	1147	0
169	1147	0
170	1147	1
171	1147	0
172	1147	0
173	1147	0
174	1147	0
175	1147	0
178	1147	0
179	1147	0
180	1147	0
181	1147	0
182	1147	0
183	1147	0
184	1147	1
185	1147	0
186	1147	0
187	1147	0
188	1147	1
190	1147	0
191	1147	0
192	1147	0
193	1147	0
194	1147	0
195	1147	0
196	1147	0
197	1147	0
198	1147	0
199	1147	0
200	1147	0
201	1147	0
202	1147	0
203	1147	0
204	1147	0
206	1147	0
207	1147	0
208	1147	0
209	1147	0
210	1147	0
211	1147	0
212	1147	0
213	1147	0
214	1147	0
215	1147	0
216	1147	0
217	1147	0
218	1147	0
219	1147	1
221	1147	0
222	1147	0
223	1147	0
224	1147	0
225	1147	0
227	1147	0
228	1147	0
229	1147	0
230	1147	0
232	1147	0
233	1147	0
234	1147	0
235	1147	0
236	1147	0
237	1147	0
239	1147	0
240	1147	0
245	1147	0
246	1147	0
247	1147	1
248	1147	0
249	1147	0
250	1147	0
251	1147	0
252	1147	0
253	1147	0
254	1147	0
255	1147	0
256	1147	1
257	1147	0
258	1147	1
259	1147	1
260	1147	0
261	1147	0
262	1147	0
263	1147	0
264	1147	0
265	1147	0
266	1147	0
267	1147	0
268	1147	0
270	1147	0
271	1147	0
272	1147	0
273	1147	0
274	1147	0
275	1147	0
277	1147	0
280	1147	0
281	1147	0
282	1147	0
283	1147	0
284	1147	0
285	1147	0
286	1147	0
287	1147	0
288	1147	0
289	1147	0
290	1147	1
291	1147	0
293	1147	0
295	1147	0
296	1147	0
298	1147	0
302	1147	0
303	1147	1
304	1147	0
305	1147	0
306	1147	0
308	1147	0
310	1147	0
312	1147	0
313	1147	0
314	1147	0
315	1147	0
316	1147	1
317	1147	1
318	1147	0
319	1147	0
321	1147	0
322	1147	0
323	1147	0
324	1147	0
325	1147	0
326	1147	0
327	1147	1
328	1147	0
329	1147	0
330	1147	0
331	1147	1
332	1147	0
333	1147	1
334	1147	0
336	1147	0
337	1147	1
338	1147	0
340	1147	0
341	1147	0
343	1147	0
344	1147	0
345	1147	0
346	1147	1
347	1147	0
348	1147	0
350	1147	0
351	1147	1
352	1147	0
353	1147	0
354	1147	1
355	1147	0
356	1147	0
357	1147	0
358	1147	0
359	1147	0
360	1147	0
361	1147	0
362	1147	0
363	1147	1
364	1147	0
365	1147	0
366	1147	0
369	1147	0
370	1147	0
371	1147	0
372	1147	0
373	1147	0
374	1147	0
376	1147	0
377	1147	0
378	1147	0
379	1147	0
380	1147	0
381	1147	0
382	1147	0
383	1147	0
384	1147	0
385	1147	0
386	1147	1
387	1147	0
388	1147	0
389	1147	0
391	1147	0
392	1147	0
393	1147	0
394	1147	0
395	1147	0
397	1147	0
398	1147	1
399	1147	0
401	1147	0
402	1147	0
403	1147	1
404	1147	1
405	1147	0
406	1147	1
407	1147	0
408	1147	0
409	1147	0
410	1147	0
412	1147	0
414	1147	0
415	1147	0
416	1147	0
417	1147	0
418	1147	0
420	1147	0
421	1147	0
422	1147	0
423	1147	0
424	1147	1
425	1147	0
426	1147	0
428	1147	1
429	1147	0
430	1147	0
431	1147	0
432	1147	0
433	1147	0
434	1147	0
435	1147	0
436	1147	0
437	1147	0
438	1147	1
439	1147	0
440	1147	0
441	1147	0
442	1147	0
443	1147	0
444	1147	0
445	1147	0
446	1147	0
447	1147	1
448	1147	1
449	1147	0
450	1147	0
452	1147	0
453	1147	1
454	1147	1
455	1147	0
456	1147	0
457	1147	0
458	1147	0
459	1147	0
461	1147	0
462	1147	0
464	1147	0
465	1147	0
466	1147	0
467	1147	0
468	1147	0
469	1147	0
470	1147	0
471	1147	0
472	1147	0
473	1147	0
474	1147	0
475	1147	0
476	1147	0
477	1147	0
478	1147	0
479	1147	1
480	1147	0
481	1147	0
483	1147	0
484	1147	0
485	1147	0
486	1147	0
487	1147	0
488	1147	0
489	1147	0
490	1147	1
491	1147	0
492	1147	0
494	1147	0
496	1147	0
497	1147	0
498	1147	0
500	1147	0
501	1147	0
502	1147	0
503	1147	0
504	1147	0
505	1147	0
506	1147	1
507	1147	0
508	1147	0
509	1147	0
510	1147	0
511	1147	0
512	1147	0
513	1147	0
514	1147	0
515	1147	0
516	1147	0
517	1147	1
518	1147	0
519	1147	0
520	1147	1
521	1147	0
522	1147	0
523	1147	0
524	1147	0
525	1147	0
526	1147	0
527	1147	0
528	1147	0
529	1147	0
530	1147	0
531	1147	0
533	1147	0
534	1147	0
535	1147	0
536	1147	0
538	1147	0
539	1147	0
540	1147	0
541	1147	0
542	1147	0
543	1147	0
544	1147	0
545	1147	0
546	1147	0
547	1147	0
550	1147	0
551	1147	0
553	1147	0
555	1147	0
556	1147	0
557	1147	0
558	1147	0
560	1147	0
561	1147	0
562	1147	0
563	1147	0
565	1147	0
566	1147	0
567	1147	0
568	1147	0
569	1147	0
571	1147	0
574	1147	0
575	1147	0
576	1147	0
577	1147	0
579	1147	0
580	1147	0
581	1147	0
582	1147	0
583	1147	0
584	1147	0
585	1147	0
586	1147	0
588	1147	0
589	1147	0
591	1147	0
593	1147	0
595	1147	0
596	1147	1
597	1147	0
598	1147	0
599	1147	0
600	1147	0
601	1147	0
602	1147	0
604	1147	0
606	1147	0
607	1147	0
608	1147	0
609	1147	0
612	1147	0
613	1147	0
614	1147	0
615	1147	0
616	1147	0
617	1147	0
618	1147	0
619	1147	0
620	1147	0
621	1147	0
622	1147	0
624	1147	0
625	1147	0
627	1147	0
628	1147	0
630	1147	0
632	1147	0
633	1147	0
634	1147	0
635	1147	0
636	1147	0
637	1147	0
638	1147	0
639	1147	0
640	1147	0
641	1147	0
642	1147	0
643	1147	0
644	1147	0
645	1147	0
646	1147	0
648	1147	0
649	1147	1
650	1147	0
652	1147	0
653	1147	0
654	1147	0
655	1147	0
656	1147	0
657	1147	0
658	1147	0
659	1147	0
660	1147	0
661	1147	1
662	1147	1
663	1147	0
664	1147	0
665	1147	0
666	1147	0
667	1147	0
668	1147	1
669	1147	0
670	1147	0
671	1147	0
672	1147	0
673	1147	0
674	1147	0
675	1147	0
676	1147	0
677	1147	0
678	1147	0
679	1147	0
680	1147	1
681	1147	0
682	1147	0
683	1147	0
684	1147	1
685	1147	0
686	1147	0
687	1147	0
688	1147	0
689	1147	0
690	1147	0
691	1147	0
692	1147	0
693	1147	0
694	1147	0
695	1147	0
696	1147	0
698	1147	1
699	1147	0
700	1147	0
703	1147	0
704	1147	0
705	1147	0
706	1147	0
707	1147	0
709	1147	0
710	1147	0
711	1147	0
712	1147	0
713	1147	0
714	1147	0
717	1147	0
718	1147	1
719	1147	0
720	1147	0
721	1147	0
722	1147	0
723	1147	0
724	1147	0
725	1147	0
726	1147	0
727	1147	0
728	1147	0
729	1147	0
730	1147	1
732	1147	0
734	1147	0
735	1147	0
736	1147	0
737	1147	0
738	1147	0
739	1147	0
740	1147	0
741	1147	0
742	1147	0
745	1147	0
746	1147	0
747	1147	0
748	1147	0
749	1147	0
750	1147	0
752	1147	0
753	1147	1
754	1147	0
755	1147	0
756	1147	0
757	1147	0
758	1147	0
759	1147	0
760	1147	0
761	1147	0
762	1147	0
765	1147	0
766	1147	0
767	1147	0
768	1147	0
769	1147	0
770	1147	0
771	1147	0
772	1147	1
773	1147	0
775	1147	0
776	1147	0
777	1147	0
778	1147	1
779	1147	1
780	1147	0
781	1147	0
782	1147	0
783	1147	0
784	1147	0
785	1147	0
786	1147	1
787	1147	1
789	1147	1
790	1147	0
792	1147	0
793	1147	1
794	1147	0
795	1147	0
796	1147	0
797	1147	0
799	1147	0
800	1147	0
801	1147	0
802	1147	0
804	1147	0
805	1147	1
806	1147	0
807	1147	0
808	1147	0
810	1147	0
811	1147	0
814	1147	0
816	1147	0
818	1147	0
819	1147	0
820	1147	0
822	1147	0
823	1147	0
824	1147	1
825	1147	0
826	1147	0
827	1147	0
829	1147	0
830	1147	0
831	1147	0
832	1147	0
833	1147	0
834	1147	0
836	1147	1
837	1147	0
838	1147	0
839	1147	0
840	1147	0
843	1147	0
844	1147	0
845	1147	0
848	1147	0
849	1147	0
850	1147	0
852	1147	0
853	1147	1
854	1147	1
855	1147	0
856	1147	0
857	1147	0
860	1147	0
861	1147	0
862	1147	0
863	1147	0
864	1147	1
866	1147	0
867	1147	0
868	1147	0
869	1147	0
870	1147	0
871	1147	0
872	1147	0
873	1147	0
874	1147	0
875	1147	0
876	1147	0
877	1147	1
878	1147	0
880	1147	0
881	1147	0
882	1147	0
883	1147	0
884	1147	0
885	1147	0
887	1147	0
888	1147	0
889	1147	0
890	1147	0
891	1147	0
892	1147	0
893	1147	0
894	1147	1
895	1147	0
896	1147	0
897	1147	0
899	1147	0
900	1147	0
901	1147	0
902	1147	0
904	1147	1
905	1147	0
907	1147	0
910	1147	0
911	1147	0
912	1147	0
913	1147	0
914	1147	0
915	1147	0
916	1147	0
917	1147	0
918	1147	1
919	1147	0
921	1147	1
922	1147	0
923	1147	0
924	1147	0
925	1147	0
926	1147	0
927	1147	0
928	1147	0
929	1147	0
933	1147	1
934	1147	0
935	1147	0
936	1147	0
937	1147	0
938	1147	0
939	1147	0
940	1147	0
941	1147	0
942	1147	0
943	1147	0
944	1147	0
945	1147	0
946	1147	0
948	1147	0
949	1147	0
950	1147	0
952	1147	0
953	1147	0
954	1147	0
955	1147	0
956	1147	0
957	1147	0
958	1147	0
959	1147	0
960	1147	0
961	1147	0
962	1147	0
963	1147	0
964	1147	0
965	1147	0
966	1147	0
967	1147	0
