0	1182	0
1	1182	0
2	1182	0
3	1182	0
4	1182	1
5	1182	0
6	1182	1
7	1182	0
8	1182	0
9	1182	0
10	1182	0
11	1182	1
12	1182	0
13	1182	1
16	1182	0
17	1182	0
18	1182	0
19	1182	1
20	1182	0
21	1182	0
22	1182	0
23	1182	0
24	1182	0
25	1182	1
26	1182	0
27	1182	0
30	1182	1
31	1182	0
32	1182	0
33	1182	0
34	1182	0
36	1182	0
37	1182	1
38	1182	1
39	1182	0
40	1182	0
41	1182	0
42	1182	1
43	1182	0
45	1182	0
46	1182	0
47	1182	0
48	1182	0
49	1182	0
51	1182	0
53	1182	1
54	1182	0
55	1182	0
56	1182	1
58	1182	1
59	1182	0
60	1182	0
61	1182	0
62	1182	0
63	1182	0
64	1182	0
65	1182	0
66	1182	0
67	1182	1
68	1182	1
69	1182	0
70	1182	0
71	1182	0
72	1182	0
74	1182	0
75	1182	0
77	1182	0
78	1182	0
79	1182	1
80	1182	1
81	1182	0
82	1182	0
83	1182	0
84	1182	0
85	1182	0
86	1182	0
87	1182	0
89	1182	1
90	1182	1
91	1182	0
92	1182	0
93	1182	0
94	1182	0
95	1182	0
96	1182	0
97	1182	0
98	1182	0
99	1182	0
100	1182	0
101	1182	0
102	1182	1
103	1182	0
104	1182	0
105	1182	0
106	1182	1
107	1182	1
108	1182	0
109	1182	0
110	1182	0
111	1182	1
112	1182	0
113	1182	0
114	1182	0
115	1182	1
116	1182	0
117	1182	0
118	1182	1
120	1182	0
121	1182	0
124	1182	0
125	1182	0
129	1182	0
130	1182	0
131	1182	0
132	1182	1
133	1182	1
134	1182	0
135	1182	0
136	1182	0
137	1182	0
138	1182	0
139	1182	0
140	1182	0
141	1182	0
142	1182	0
144	1182	0
145	1182	0
146	1182	0
147	1182	0
148	1182	0
149	1182	0
151	1182	0
152	1182	0
153	1182	0
154	1182	0
155	1182	0
156	1182	0
157	1182	0
158	1182	0
159	1182	0
160	1182	0
162	1182	0
163	1182	0
164	1182	0
165	1182	1
166	1182	0
167	1182	1
168	1182	0
169	1182	0
170	1182	1
171	1182	0
172	1182	0
173	1182	1
174	1182	1
175	1182	0
178	1182	0
179	1182	0
180	1182	0
181	1182	0
182	1182	0
183	1182	0
184	1182	1
185	1182	0
186	1182	1
187	1182	0
188	1182	0
190	1182	1
191	1182	0
192	1182	0
193	1182	0
194	1182	0
195	1182	0
196	1182	0
197	1182	0
198	1182	0
199	1182	0
200	1182	0
201	1182	0
202	1182	0
203	1182	0
204	1182	0
206	1182	0
207	1182	0
208	1182	0
209	1182	0
210	1182	0
211	1182	0
212	1182	0
213	1182	1
214	1182	0
215	1182	1
216	1182	0
217	1182	0
218	1182	0
219	1182	1
221	1182	0
222	1182	0
223	1182	0
224	1182	0
225	1182	0
227	1182	0
228	1182	0
229	1182	0
230	1182	0
232	1182	0
233	1182	0
234	1182	1
235	1182	0
236	1182	0
237	1182	0
239	1182	0
240	1182	0
245	1182	0
246	1182	1
247	1182	1
248	1182	0
249	1182	0
250	1182	0
251	1182	0
252	1182	0
253	1182	0
254	1182	0
255	1182	0
256	1182	1
257	1182	0
258	1182	1
259	1182	1
260	1182	0
261	1182	0
262	1182	0
263	1182	0
264	1182	0
265	1182	0
266	1182	0
267	1182	0
268	1182	0
270	1182	0
271	1182	0
272	1182	0
273	1182	0
274	1182	0
275	1182	0
277	1182	0
280	1182	0
281	1182	0
282	1182	1
283	1182	0
284	1182	0
285	1182	0
286	1182	0
287	1182	0
288	1182	0
289	1182	0
290	1182	1
291	1182	0
293	1182	0
295	1182	0
296	1182	1
298	1182	0
302	1182	1
303	1182	1
304	1182	0
305	1182	0
306	1182	1
308	1182	0
310	1182	0
312	1182	0
313	1182	0
314	1182	0
315	1182	0
316	1182	1
317	1182	1
318	1182	0
319	1182	0
321	1182	0
322	1182	0
323	1182	0
324	1182	0
325	1182	0
326	1182	1
327	1182	1
328	1182	0
329	1182	0
330	1182	0
331	1182	1
332	1182	0
333	1182	1
334	1182	0
336	1182	0
337	1182	1
338	1182	0
340	1182	0
341	1182	0
343	1182	0
344	1182	0
345	1182	0
346	1182	1
347	1182	0
348	1182	0
350	1182	0
351	1182	1
352	1182	0
353	1182	0
354	1182	1
355	1182	1
356	1182	1
357	1182	0
358	1182	0
359	1182	0
360	1182	0
361	1182	0
362	1182	0
363	1182	1
364	1182	0
365	1182	1
366	1182	1
369	1182	0
370	1182	0
371	1182	0
372	1182	0
373	1182	0
374	1182	0
376	1182	0
377	1182	0
378	1182	0
379	1182	0
380	1182	0
381	1182	0
382	1182	0
383	1182	0
384	1182	0
385	1182	0
386	1182	1
387	1182	0
388	1182	0
389	1182	0
391	1182	0
392	1182	1
393	1182	0
394	1182	1
395	1182	0
397	1182	0
398	1182	1
399	1182	1
401	1182	0
402	1182	0
403	1182	0
404	1182	1
405	1182	0
406	1182	1
407	1182	0
408	1182	0
409	1182	0
410	1182	0
412	1182	0
414	1182	1
415	1182	0
416	1182	0
417	1182	0
418	1182	0
420	1182	0
421	1182	0
422	1182	0
423	1182	0
424	1182	1
425	1182	0
426	1182	1
428	1182	1
429	1182	1
430	1182	0
431	1182	0
432	1182	0
433	1182	0
434	1182	0
435	1182	0
436	1182	0
437	1182	0
438	1182	0
439	1182	0
440	1182	0
441	1182	0
442	1182	0
443	1182	0
444	1182	0
445	1182	0
446	1182	0
447	1182	1
448	1182	1
449	1182	0
450	1182	0
452	1182	1
453	1182	0
454	1182	1
455	1182	0
456	1182	0
457	1182	0
458	1182	0
459	1182	0
461	1182	0
462	1182	0
464	1182	0
465	1182	0
466	1182	0
467	1182	0
468	1182	0
469	1182	0
470	1182	0
471	1182	0
472	1182	0
473	1182	0
474	1182	0
475	1182	0
476	1182	1
477	1182	0
478	1182	0
479	1182	1
480	1182	1
481	1182	0
483	1182	0
484	1182	0
485	1182	0
486	1182	1
487	1182	0
488	1182	0
489	1182	0
490	1182	1
491	1182	0
492	1182	0
494	1182	0
496	1182	0
497	1182	0
498	1182	0
500	1182	0
501	1182	0
502	1182	0
503	1182	0
504	1182	0
505	1182	0
506	1182	1
507	1182	0
508	1182	0
509	1182	0
510	1182	0
511	1182	0
512	1182	0
513	1182	0
514	1182	1
515	1182	0
516	1182	1
517	1182	1
518	1182	0
519	1182	0
520	1182	1
521	1182	0
522	1182	0
523	1182	0
524	1182	0
525	1182	0
526	1182	0
527	1182	0
528	1182	0
529	1182	0
530	1182	0
531	1182	0
533	1182	0
534	1182	0
535	1182	0
536	1182	0
538	1182	0
539	1182	0
540	1182	1
541	1182	0
542	1182	0
543	1182	0
544	1182	0
545	1182	0
546	1182	0
547	1182	0
550	1182	0
551	1182	0
553	1182	0
555	1182	0
556	1182	0
557	1182	0
558	1182	0
560	1182	0
561	1182	0
562	1182	0
563	1182	0
565	1182	0
566	1182	0
567	1182	0
568	1182	0
569	1182	0
571	1182	1
574	1182	0
575	1182	0
576	1182	1
577	1182	0
579	1182	0
580	1182	0
581	1182	0
582	1182	0
583	1182	1
584	1182	0
585	1182	0
586	1182	0
588	1182	0
589	1182	0
591	1182	0
593	1182	0
595	1182	0
596	1182	1
597	1182	0
598	1182	0
599	1182	0
600	1182	0
601	1182	0
602	1182	0
604	1182	0
606	1182	0
607	1182	0
608	1182	0
609	1182	0
612	1182	0
613	1182	0
614	1182	0
615	1182	0
616	1182	0
617	1182	0
618	1182	0
619	1182	0
620	1182	0
621	1182	0
622	1182	0
624	1182	0
625	1182	0
627	1182	0
628	1182	0
630	1182	1
632	1182	0
633	1182	0
634	1182	0
635	1182	0
636	1182	0
637	1182	0
638	1182	0
639	1182	0
640	1182	0
641	1182	0
642	1182	0
643	1182	0
644	1182	0
645	1182	0
646	1182	0
648	1182	0
649	1182	1
650	1182	0
652	1182	0
653	1182	0
654	1182	0
655	1182	0
656	1182	0
657	1182	0
658	1182	0
659	1182	0
660	1182	0
661	1182	1
662	1182	1
663	1182	0
664	1182	0
665	1182	0
666	1182	0
668	1182	1
669	1182	0
670	1182	0
671	1182	0
672	1182	1
673	1182	0
674	1182	0
675	1182	0
676	1182	0
677	1182	0
678	1182	0
679	1182	0
680	1182	1
681	1182	1
682	1182	0
683	1182	0
684	1182	1
685	1182	0
686	1182	0
687	1182	1
688	1182	0
689	1182	0
690	1182	0
691	1182	0
692	1182	0
693	1182	0
694	1182	0
695	1182	0
696	1182	0
698	1182	1
699	1182	0
700	1182	0
702	1182	0
703	1182	0
704	1182	0
705	1182	0
706	1182	0
707	1182	0
709	1182	1
710	1182	0
711	1182	1
712	1182	0
713	1182	0
714	1182	0
717	1182	1
718	1182	1
719	1182	0
720	1182	0
721	1182	0
722	1182	0
723	1182	0
724	1182	0
725	1182	0
726	1182	1
727	1182	1
728	1182	0
729	1182	0
730	1182	1
732	1182	0
734	1182	0
735	1182	0
736	1182	0
737	1182	0
738	1182	0
739	1182	0
740	1182	0
741	1182	1
742	1182	0
745	1182	0
746	1182	0
747	1182	0
748	1182	0
749	1182	0
750	1182	0
752	1182	0
753	1182	1
754	1182	0
755	1182	0
756	1182	0
757	1182	0
758	1182	0
759	1182	0
760	1182	0
761	1182	0
762	1182	0
765	1182	0
766	1182	1
767	1182	0
768	1182	0
769	1182	0
770	1182	0
771	1182	0
772	1182	1
773	1182	0
775	1182	0
776	1182	0
777	1182	0
778	1182	0
779	1182	1
780	1182	0
781	1182	0
782	1182	1
783	1182	0
784	1182	0
785	1182	0
786	1182	1
787	1182	1
789	1182	1
790	1182	1
792	1182	0
793	1182	1
794	1182	0
795	1182	0
796	1182	0
797	1182	1
799	1182	0
800	1182	0
801	1182	0
802	1182	0
804	1182	0
805	1182	1
806	1182	0
807	1182	0
808	1182	0
810	1182	0
811	1182	0
814	1182	0
816	1182	1
818	1182	1
819	1182	0
820	1182	0
822	1182	0
823	1182	0
824	1182	1
825	1182	0
826	1182	1
827	1182	0
829	1182	0
830	1182	0
831	1182	0
832	1182	0
833	1182	0
834	1182	0
836	1182	1
837	1182	0
838	1182	0
839	1182	0
840	1182	0
843	1182	1
844	1182	0
845	1182	0
848	1182	0
849	1182	0
850	1182	0
852	1182	0
853	1182	1
854	1182	1
855	1182	0
856	1182	1
857	1182	0
860	1182	0
861	1182	0
862	1182	0
863	1182	0
864	1182	0
866	1182	0
867	1182	0
868	1182	0
869	1182	0
870	1182	0
871	1182	0
872	1182	0
873	1182	0
874	1182	0
875	1182	0
876	1182	0
877	1182	1
878	1182	0
880	1182	0
881	1182	0
882	1182	0
883	1182	0
884	1182	0
885	1182	0
887	1182	0
888	1182	0
889	1182	0
890	1182	0
891	1182	0
892	1182	0
893	1182	0
894	1182	1
895	1182	0
896	1182	1
897	1182	0
899	1182	0
900	1182	0
901	1182	0
902	1182	0
904	1182	1
905	1182	0
907	1182	0
910	1182	0
911	1182	0
912	1182	0
913	1182	0
914	1182	0
915	1182	0
916	1182	0
917	1182	0
918	1182	1
919	1182	0
921	1182	1
922	1182	0
923	1182	0
924	1182	0
925	1182	0
926	1182	0
927	1182	0
928	1182	0
929	1182	0
933	1182	1
934	1182	1
935	1182	0
936	1182	0
937	1182	0
938	1182	0
939	1182	0
940	1182	0
941	1182	0
942	1182	0
943	1182	0
944	1182	0
945	1182	0
946	1182	0
948	1182	0
949	1182	0
950	1182	0
952	1182	0
953	1182	0
954	1182	0
955	1182	0
956	1182	0
957	1182	0
958	1182	0
959	1182	0
960	1182	0
961	1182	0
962	1182	0
963	1182	0
964	1182	1
965	1182	0
966	1182	0
967	1182	0
