0	1167	0
1	1167	0
2	1167	0
3	1167	0
4	1167	0
5	1167	0
6	1167	0
7	1167	0
8	1167	1
9	1167	0
10	1167	0
11	1167	0
12	1167	0
13	1167	0
16	1167	0
17	1167	0
18	1167	0
19	1167	1
20	1167	0
21	1167	0
22	1167	0
23	1167	0
24	1167	0
25	1167	0
26	1167	0
27	1167	0
30	1167	1
31	1167	1
32	1167	1
33	1167	0
34	1167	0
36	1167	0
37	1167	0
38	1167	0
39	1167	1
40	1167	0
41	1167	0
42	1167	0
43	1167	0
45	1167	0
46	1167	0
47	1167	1
48	1167	0
49	1167	0
51	1167	1
53	1167	0
54	1167	0
55	1167	0
56	1167	1
58	1167	0
59	1167	1
60	1167	0
61	1167	0
62	1167	0
63	1167	0
64	1167	1
65	1167	0
66	1167	0
67	1167	0
68	1167	0
69	1167	0
70	1167	0
71	1167	0
72	1167	0
74	1167	0
75	1167	0
77	1167	0
78	1167	0
79	1167	0
80	1167	0
81	1167	1
82	1167	0
83	1167	0
84	1167	0
85	1167	0
86	1167	0
87	1167	0
89	1167	0
90	1167	0
91	1167	0
92	1167	0
93	1167	0
94	1167	0
95	1167	0
96	1167	1
97	1167	0
98	1167	1
99	1167	0
100	1167	0
101	1167	0
102	1167	1
103	1167	0
104	1167	0
105	1167	0
106	1167	0
107	1167	0
108	1167	0
109	1167	0
110	1167	0
111	1167	0
112	1167	0
113	1167	0
114	1167	0
115	1167	0
116	1167	0
117	1167	0
118	1167	0
120	1167	0
121	1167	0
124	1167	0
125	1167	0
129	1167	0
130	1167	0
131	1167	0
132	1167	0
133	1167	0
134	1167	0
135	1167	1
136	1167	0
137	1167	0
138	1167	0
139	1167	0
140	1167	0
141	1167	0
142	1167	1
143	1167	0
144	1167	0
145	1167	0
146	1167	0
147	1167	0
148	1167	1
149	1167	0
151	1167	0
152	1167	0
153	1167	0
154	1167	0
155	1167	0
156	1167	0
157	1167	0
158	1167	0
159	1167	0
160	1167	0
162	1167	0
163	1167	0
164	1167	0
165	1167	0
166	1167	0
167	1167	0
168	1167	0
169	1167	0
170	1167	0
171	1167	0
172	1167	0
173	1167	0
174	1167	0
175	1167	0
178	1167	0
179	1167	0
180	1167	0
181	1167	0
182	1167	0
183	1167	0
184	1167	0
185	1167	0
186	1167	1
187	1167	0
188	1167	1
190	1167	0
191	1167	0
192	1167	0
193	1167	0
194	1167	1
195	1167	0
196	1167	1
197	1167	1
198	1167	0
199	1167	0
200	1167	0
201	1167	0
202	1167	0
203	1167	0
204	1167	0
206	1167	0
207	1167	0
208	1167	0
209	1167	0
210	1167	0
211	1167	0
212	1167	0
213	1167	0
214	1167	0
215	1167	0
216	1167	0
217	1167	0
218	1167	0
219	1167	0
221	1167	0
222	1167	0
223	1167	0
224	1167	0
225	1167	0
227	1167	0
228	1167	0
229	1167	0
230	1167	0
232	1167	0
233	1167	0
234	1167	0
235	1167	0
236	1167	0
237	1167	0
239	1167	0
240	1167	0
245	1167	0
246	1167	0
247	1167	0
248	1167	0
249	1167	1
250	1167	0
251	1167	0
252	1167	0
253	1167	0
254	1167	0
255	1167	0
256	1167	0
257	1167	0
258	1167	1
259	1167	0
260	1167	0
261	1167	0
262	1167	0
263	1167	0
264	1167	0
265	1167	0
266	1167	0
267	1167	0
268	1167	0
270	1167	0
271	1167	0
272	1167	0
273	1167	0
274	1167	0
275	1167	0
277	1167	0
280	1167	0
281	1167	0
282	1167	0
283	1167	0
284	1167	0
285	1167	0
286	1167	0
287	1167	1
288	1167	0
289	1167	0
290	1167	0
291	1167	0
293	1167	0
295	1167	0
296	1167	0
298	1167	0
302	1167	0
303	1167	1
304	1167	0
305	1167	0
306	1167	0
308	1167	0
310	1167	1
312	1167	0
313	1167	0
314	1167	0
315	1167	0
316	1167	0
317	1167	0
318	1167	0
319	1167	0
321	1167	0
322	1167	0
323	1167	0
324	1167	0
325	1167	0
326	1167	0
327	1167	0
328	1167	1
329	1167	0
330	1167	0
331	1167	0
332	1167	0
333	1167	1
334	1167	0
336	1167	0
337	1167	0
338	1167	0
340	1167	0
341	1167	0
343	1167	0
344	1167	0
345	1167	1
346	1167	0
347	1167	0
348	1167	0
350	1167	0
351	1167	0
352	1167	0
353	1167	0
354	1167	0
355	1167	0
356	1167	0
357	1167	0
358	1167	0
359	1167	0
360	1167	0
361	1167	0
362	1167	0
363	1167	0
364	1167	0
365	1167	0
366	1167	0
367	1167	0
369	1167	1
370	1167	1
371	1167	0
372	1167	0
373	1167	1
374	1167	0
376	1167	0
377	1167	0
378	1167	0
379	1167	0
380	1167	0
381	1167	0
382	1167	0
383	1167	0
384	1167	0
385	1167	0
386	1167	0
387	1167	0
388	1167	0
389	1167	0
391	1167	0
392	1167	0
393	1167	0
394	1167	0
395	1167	0
397	1167	0
398	1167	0
399	1167	0
401	1167	0
402	1167	0
403	1167	0
404	1167	0
405	1167	0
406	1167	0
407	1167	0
408	1167	0
409	1167	0
410	1167	0
412	1167	0
414	1167	0
415	1167	0
416	1167	0
417	1167	0
418	1167	0
420	1167	1
421	1167	0
422	1167	0
423	1167	0
424	1167	1
425	1167	0
426	1167	1
428	1167	0
429	1167	0
430	1167	0
431	1167	0
432	1167	0
433	1167	0
434	1167	0
435	1167	1
436	1167	0
437	1167	0
438	1167	0
439	1167	0
440	1167	0
441	1167	0
442	1167	0
443	1167	0
444	1167	0
445	1167	0
446	1167	0
447	1167	0
448	1167	0
449	1167	0
450	1167	0
452	1167	0
453	1167	0
454	1167	0
455	1167	0
456	1167	1
458	1167	0
459	1167	0
461	1167	1
462	1167	0
464	1167	0
465	1167	0
466	1167	0
467	1167	0
468	1167	0
469	1167	0
470	1167	0
471	1167	0
472	1167	0
473	1167	0
474	1167	0
475	1167	0
476	1167	0
477	1167	0
478	1167	0
479	1167	0
480	1167	0
481	1167	0
483	1167	0
484	1167	0
485	1167	0
486	1167	0
487	1167	0
488	1167	0
489	1167	0
490	1167	0
491	1167	0
492	1167	0
494	1167	0
496	1167	0
497	1167	0
498	1167	0
499	1167	0
500	1167	0
501	1167	0
502	1167	0
503	1167	1
504	1167	1
505	1167	0
506	1167	1
507	1167	0
508	1167	1
509	1167	1
510	1167	0
511	1167	0
512	1167	0
513	1167	0
514	1167	1
515	1167	0
516	1167	0
517	1167	0
518	1167	1
519	1167	0
520	1167	0
521	1167	0
522	1167	0
523	1167	0
524	1167	0
525	1167	1
526	1167	0
527	1167	0
528	1167	0
529	1167	0
530	1167	0
531	1167	0
533	1167	0
534	1167	0
535	1167	0
536	1167	0
538	1167	0
539	1167	0
540	1167	0
541	1167	0
542	1167	0
543	1167	0
544	1167	0
545	1167	0
546	1167	0
547	1167	0
550	1167	0
551	1167	0
553	1167	0
555	1167	0
556	1167	0
557	1167	0
558	1167	1
560	1167	0
561	1167	0
562	1167	0
563	1167	0
565	1167	0
566	1167	0
567	1167	0
568	1167	0
569	1167	0
571	1167	0
574	1167	0
575	1167	0
576	1167	0
577	1167	0
579	1167	0
580	1167	0
581	1167	0
582	1167	0
583	1167	0
584	1167	0
585	1167	0
586	1167	0
588	1167	0
589	1167	0
591	1167	0
593	1167	0
595	1167	0
596	1167	0
597	1167	0
598	1167	0
599	1167	0
600	1167	0
601	1167	0
602	1167	0
604	1167	0
606	1167	0
607	1167	0
608	1167	0
609	1167	0
612	1167	0
613	1167	0
614	1167	0
615	1167	0
616	1167	0
617	1167	0
618	1167	0
619	1167	0
620	1167	0
621	1167	0
622	1167	0
624	1167	0
625	1167	0
627	1167	0
628	1167	0
630	1167	0
632	1167	0
633	1167	0
634	1167	0
635	1167	0
636	1167	0
637	1167	0
638	1167	1
639	1167	0
640	1167	0
641	1167	0
642	1167	0
643	1167	0
644	1167	0
645	1167	1
646	1167	0
648	1167	0
649	1167	0
650	1167	0
652	1167	0
653	1167	0
654	1167	0
655	1167	0
656	1167	0
657	1167	0
658	1167	0
659	1167	0
660	1167	0
661	1167	1
662	1167	0
663	1167	0
664	1167	0
665	1167	1
666	1167	0
667	1167	0
668	1167	0
669	1167	0
670	1167	0
671	1167	0
672	1167	0
673	1167	0
674	1167	0
675	1167	0
676	1167	0
677	1167	0
678	1167	0
679	1167	0
680	1167	0
681	1167	0
682	1167	0
683	1167	0
684	1167	0
685	1167	0
686	1167	0
687	1167	0
688	1167	0
689	1167	0
690	1167	0
691	1167	0
692	1167	1
693	1167	0
694	1167	1
695	1167	1
696	1167	0
698	1167	0
699	1167	0
700	1167	0
702	1167	0
703	1167	0
704	1167	0
705	1167	0
706	1167	0
707	1167	0
709	1167	0
710	1167	1
711	1167	0
712	1167	0
713	1167	0
714	1167	0
717	1167	0
718	1167	0
719	1167	0
720	1167	0
721	1167	1
722	1167	0
723	1167	0
724	1167	0
725	1167	0
726	1167	0
727	1167	0
728	1167	0
729	1167	1
730	1167	0
732	1167	0
733	1167	0
734	1167	0
735	1167	0
736	1167	0
737	1167	0
738	1167	0
739	1167	0
740	1167	0
741	1167	0
742	1167	0
745	1167	0
746	1167	0
747	1167	0
748	1167	1
749	1167	0
750	1167	1
752	1167	0
753	1167	0
754	1167	0
755	1167	0
756	1167	0
757	1167	0
758	1167	0
759	1167	0
760	1167	0
761	1167	0
762	1167	0
765	1167	0
766	1167	0
767	1167	0
768	1167	0
769	1167	0
770	1167	0
771	1167	0
772	1167	0
773	1167	0
775	1167	0
776	1167	0
777	1167	0
778	1167	0
779	1167	0
780	1167	0
781	1167	0
782	1167	0
783	1167	0
784	1167	0
785	1167	0
786	1167	0
787	1167	0
789	1167	0
790	1167	0
791	1167	0
792	1167	0
793	1167	0
794	1167	0
795	1167	0
796	1167	0
797	1167	0
799	1167	0
800	1167	0
801	1167	0
802	1167	0
803	1167	0
804	1167	0
805	1167	1
806	1167	1
807	1167	0
808	1167	0
810	1167	0
811	1167	0
814	1167	0
816	1167	0
818	1167	0
819	1167	0
820	1167	0
822	1167	0
823	1167	0
824	1167	0
825	1167	0
826	1167	0
827	1167	0
829	1167	0
830	1167	0
831	1167	0
832	1167	1
833	1167	1
834	1167	0
835	1167	0
836	1167	0
837	1167	1
838	1167	0
839	1167	0
840	1167	0
843	1167	0
844	1167	0
845	1167	0
848	1167	0
849	1167	0
850	1167	0
852	1167	0
853	1167	0
854	1167	0
855	1167	0
856	1167	0
857	1167	0
860	1167	0
861	1167	0
862	1167	0
863	1167	0
864	1167	1
866	1167	0
867	1167	0
868	1167	0
869	1167	0
870	1167	0
871	1167	0
872	1167	0
873	1167	0
874	1167	0
875	1167	0
876	1167	0
877	1167	0
878	1167	0
880	1167	0
881	1167	0
882	1167	0
883	1167	0
884	1167	0
885	1167	0
887	1167	0
888	1167	0
889	1167	0
890	1167	0
891	1167	0
892	1167	1
893	1167	0
894	1167	1
895	1167	1
896	1167	0
897	1167	0
899	1167	0
900	1167	0
901	1167	0
902	1167	0
904	1167	0
905	1167	0
907	1167	0
910	1167	0
911	1167	1
912	1167	0
913	1167	0
914	1167	0
915	1167	0
916	1167	0
917	1167	0
918	1167	0
919	1167	0
921	1167	0
922	1167	0
923	1167	0
924	1167	0
925	1167	0
926	1167	1
927	1167	0
928	1167	1
929	1167	0
931	1167	0
933	1167	0
934	1167	0
935	1167	0
936	1167	0
937	1167	0
938	1167	0
939	1167	0
940	1167	0
941	1167	0
942	1167	0
943	1167	0
944	1167	0
945	1167	0
946	1167	0
948	1167	0
949	1167	0
950	1167	0
952	1167	0
953	1167	0
954	1167	0
955	1167	0
956	1167	1
957	1167	0
958	1167	0
959	1167	0
960	1167	0
961	1167	0
962	1167	0
963	1167	0
964	1167	0
965	1167	1
966	1167	0
967	1167	1
