0	1128	0
1	1128	0
2	1128	0
3	1128	0
4	1128	0
5	1128	0
6	1128	0
7	1128	0
8	1128	1
9	1128	0
10	1128	0
11	1128	0
12	1128	0
13	1128	0
14	1128	0
15	1128	0
16	1128	0
18	1128	0
19	1128	0
20	1128	0
21	1128	0
22	1128	0
23	1128	0
24	1128	0
26	1128	0
27	1128	0
28	1128	0
29	1128	0
30	1128	0
31	1128	0
32	1128	0
33	1128	0
34	1128	0
35	1128	0
36	1128	0
37	1128	0
38	1128	0
39	1128	0
40	1128	0
42	1128	0
43	1128	0
44	1128	0
45	1128	0
46	1128	0
47	1128	0
48	1128	0
49	1128	0
50	1128	0
51	1128	0
52	1128	0
53	1128	0
54	1128	0
55	1128	0
56	1128	0
57	1128	0
58	1128	0
59	1128	1
60	1128	0
61	1128	1
62	1128	0
64	1128	1
65	1128	0
66	1128	0
67	1128	0
68	1128	0
69	1128	0
70	1128	1
71	1128	1
72	1128	0
73	1128	0
74	1128	0
75	1128	0
76	1128	0
77	1128	0
78	1128	0
79	1128	0
80	1128	0
81	1128	0
82	1128	0
83	1128	0
84	1128	0
85	1128	0
86	1128	0
87	1128	0
88	1128	0
89	1128	0
90	1128	0
91	1128	0
92	1128	0
93	1128	0
94	1128	0
95	1128	0
96	1128	1
97	1128	0
98	1128	0
99	1128	0
100	1128	0
101	1128	0
102	1128	0
103	1128	0
104	1128	0
105	1128	0
106	1128	0
111	1128	0
112	1128	0
113	1128	0
114	1128	0
115	1128	0
116	1128	0
117	1128	1
118	1128	0
119	1128	0
120	1128	0
121	1128	0
122	1128	0
123	1128	0
124	1128	0
125	1128	0
126	1128	0
127	1128	1
129	1128	0
130	1128	0
131	1128	0
132	1128	0
133	1128	0
134	1128	0
136	1128	1
137	1128	1
138	1128	0
139	1128	0
140	1128	0
141	1128	0
142	1128	0
143	1128	0
144	1128	0
145	1128	0
146	1128	0
147	1128	0
148	1128	0
149	1128	0
150	1128	1
151	1128	1
152	1128	0
153	1128	0
154	1128	1
155	1128	0
156	1128	0
157	1128	0
158	1128	0
159	1128	0
160	1128	0
161	1128	0
162	1128	0
163	1128	0
165	1128	0
166	1128	0
167	1128	0
168	1128	0
169	1128	0
171	1128	1
173	1128	0
174	1128	0
175	1128	0
177	1128	0
178	1128	0
179	1128	0
180	1128	0
182	1128	0
183	1128	0
184	1128	0
185	1128	0
186	1128	0
187	1128	0
188	1128	0
189	1128	0
190	1128	0
191	1128	1
192	1128	0
193	1128	1
194	1128	1
195	1128	0
196	1128	1
197	1128	1
198	1128	0
199	1128	0
200	1128	0
201	1128	0
202	1128	0
203	1128	1
204	1128	0
206	1128	0
207	1128	0
208	1128	0
210	1128	0
211	1128	0
212	1128	1
213	1128	0
214	1128	1
215	1128	0
216	1128	0
217	1128	0
218	1128	0
219	1128	0
220	1128	0
222	1128	0
223	1128	0
224	1128	0
225	1128	0
226	1128	0
228	1128	0
229	1128	0
230	1128	0
231	1128	0
232	1128	1
233	1128	0
234	1128	0
235	1128	0
236	1128	0
237	1128	0
238	1128	0
239	1128	0
240	1128	0
241	1128	0
242	1128	0
244	1128	0
245	1128	0
246	1128	0
247	1128	0
248	1128	0
249	1128	0
250	1128	0
251	1128	0
252	1128	0
253	1128	0
254	1128	0
255	1128	0
256	1128	0
258	1128	0
259	1128	0
260	1128	0
261	1128	0
262	1128	0
263	1128	0
264	1128	0
265	1128	0
266	1128	0
267	1128	0
268	1128	0
269	1128	0
270	1128	0
271	1128	0
272	1128	0
274	1128	0
275	1128	0
276	1128	0
277	1128	0
278	1128	0
279	1128	0
280	1128	0
281	1128	0
282	1128	0
283	1128	0
284	1128	0
285	1128	0
286	1128	0
287	1128	0
288	1128	0
289	1128	0
290	1128	0
291	1128	0
292	1128	0
293	1128	0
294	1128	0
295	1128	0
296	1128	0
297	1128	0
298	1128	0
299	1128	0
300	1128	0
301	1128	0
302	1128	0
303	1128	0
304	1128	0
305	1128	0
306	1128	0
307	1128	0
308	1128	0
309	1128	0
310	1128	0
311	1128	0
312	1128	0
313	1128	0
314	1128	0
315	1128	0
316	1128	0
317	1128	0
318	1128	0
319	1128	0
320	1128	0
321	1128	0
322	1128	0
323	1128	0
324	1128	0
325	1128	0
326	1128	0
327	1128	0
328	1128	1
329	1128	0
330	1128	0
331	1128	0
333	1128	0
335	1128	0
336	1128	0
337	1128	0
338	1128	0
339	1128	0
340	1128	0
341	1128	1
342	1128	0
343	1128	0
344	1128	0
346	1128	0
347	1128	0
348	1128	0
349	1128	0
350	1128	0
351	1128	0
352	1128	0
354	1128	0
355	1128	0
357	1128	0
358	1128	0
359	1128	1
360	1128	0
361	1128	1
363	1128	0
364	1128	0
365	1128	0
366	1128	0
367	1128	0
368	1128	0
370	1128	1
371	1128	0
372	1128	0
373	1128	0
374	1128	1
375	1128	1
377	1128	1
378	1128	1
379	1128	0
380	1128	0
381	1128	1
382	1128	0
383	1128	0
384	1128	0
385	1128	0
386	1128	0
387	1128	0
388	1128	0
389	1128	0
390	1128	1
391	1128	0
393	1128	0
394	1128	0
395	1128	1
396	1128	0
398	1128	0
399	1128	0
400	1128	0
401	1128	0
402	1128	0
403	1128	0
404	1128	0
405	1128	0
406	1128	0
407	1128	1
408	1128	0
409	1128	0
410	1128	0
411	1128	0
412	1128	0
413	1128	0
414	1128	0
415	1128	0
416	1128	0
417	1128	0
418	1128	0
419	1128	0
420	1128	0
421	1128	0
422	1128	0
423	1128	0
424	1128	0
425	1128	0
426	1128	0
427	1128	0
428	1128	0
429	1128	0
431	1128	0
432	1128	0
433	1128	0
434	1128	0
435	1128	0
436	1128	1
437	1128	0
438	1128	1
439	1128	0
440	1128	0
441	1128	0
442	1128	0
443	1128	1
444	1128	0
445	1128	0
446	1128	1
447	1128	0
448	1128	0
449	1128	0
450	1128	0
451	1128	0
452	1128	0
453	1128	0
454	1128	0
455	1128	0
456	1128	0
458	1128	0
459	1128	0
460	1128	0
461	1128	0
462	1128	0
463	1128	0
464	1128	0
465	1128	0
466	1128	0
467	1128	0
468	1128	0
469	1128	0
470	1128	0
471	1128	0
472	1128	0
473	1128	1
474	1128	0
475	1128	0
476	1128	0
477	1128	0
478	1128	0
480	1128	0
481	1128	0
482	1128	0
483	1128	0
484	1128	0
485	1128	0
486	1128	0
487	1128	0
489	1128	0
490	1128	0
491	1128	0
492	1128	0
493	1128	0
495	1128	0
496	1128	1
497	1128	1
499	1128	0
500	1128	0
501	1128	0
502	1128	0
505	1128	1
506	1128	0
508	1128	0
509	1128	0
510	1128	0
511	1128	0
512	1128	0
513	1128	0
514	1128	1
515	1128	0
516	1128	0
517	1128	0
519	1128	0
520	1128	0
521	1128	0
522	1128	0
523	1128	0
524	1128	0
525	1128	0
526	1128	1
527	1128	0
528	1128	0
529	1128	1
531	1128	0
533	1128	0
534	1128	0
536	1128	0
537	1128	0
538	1128	0
540	1128	0
541	1128	0
542	1128	0
543	1128	0
544	1128	0
546	1128	0
547	1128	0
548	1128	0
549	1128	0
550	1128	0
551	1128	0
553	1128	0
554	1128	0
555	1128	0
556	1128	0
557	1128	0
558	1128	0
559	1128	0
560	1128	0
561	1128	0
562	1128	0
563	1128	0
564	1128	0
565	1128	0
566	1128	0
567	1128	0
568	1128	0
569	1128	0
570	1128	0
571	1128	0
572	1128	0
574	1128	0
575	1128	0
576	1128	0
577	1128	0
578	1128	0
579	1128	0
580	1128	0
582	1128	0
583	1128	0
584	1128	0
585	1128	0
586	1128	0
587	1128	0
588	1128	0
589	1128	0
590	1128	0
591	1128	0
592	1128	0
593	1128	0
594	1128	0
595	1128	0
596	1128	0
597	1128	0
598	1128	0
599	1128	0
600	1128	0
601	1128	0
602	1128	0
604	1128	0
605	1128	0
606	1128	0
607	1128	0
608	1128	0
609	1128	0
611	1128	0
612	1128	1
613	1128	0
614	1128	0
615	1128	0
616	1128	0
617	1128	0
618	1128	0
619	1128	0
620	1128	0
621	1128	0
622	1128	0
624	1128	0
625	1128	0
626	1128	0
627	1128	0
628	1128	0
630	1128	0
631	1128	1
632	1128	1
633	1128	0
635	1128	0
636	1128	0
637	1128	1
640	1128	0
641	1128	0
642	1128	0
643	1128	0
644	1128	0
646	1128	0
647	1128	0
648	1128	0
649	1128	0
650	1128	1
651	1128	0
652	1128	1
653	1128	0
654	1128	0
655	1128	0
656	1128	0
657	1128	0
658	1128	0
659	1128	0
660	1128	0
661	1128	0
662	1128	0
663	1128	0
664	1128	1
666	1128	1
667	1128	1
668	1128	0
669	1128	0
670	1128	0
671	1128	0
672	1128	1
673	1128	0
674	1128	0
675	1128	0
676	1128	0
677	1128	0
678	1128	0
679	1128	0
680	1128	0
681	1128	0
682	1128	0
683	1128	0
684	1128	0
685	1128	0
686	1128	0
687	1128	0
688	1128	0
689	1128	0
690	1128	0
691	1128	0
692	1128	1
693	1128	0
694	1128	0
695	1128	1
696	1128	0
697	1128	0
698	1128	0
699	1128	0
700	1128	0
701	1128	0
702	1128	0
703	1128	0
704	1128	0
705	1128	0
706	1128	0
707	1128	0
708	1128	0
709	1128	0
710	1128	0
711	1128	0
712	1128	0
713	1128	0
714	1128	0
715	1128	0
716	1128	0
717	1128	0
718	1128	0
719	1128	0
720	1128	0
721	1128	0
722	1128	0
723	1128	1
724	1128	0
725	1128	0
726	1128	1
727	1128	1
728	1128	0
730	1128	0
731	1128	0
732	1128	1
733	1128	0
734	1128	0
735	1128	0
736	1128	0
737	1128	1
738	1128	0
739	1128	0
740	1128	0
741	1128	0
742	1128	0
743	1128	0
744	1128	0
745	1128	0
746	1128	0
747	1128	1
748	1128	0
749	1128	0
750	1128	1
751	1128	0
752	1128	0
753	1128	0
754	1128	0
755	1128	0
756	1128	0
757	1128	0
758	1128	0
759	1128	1
760	1128	0
761	1128	0
762	1128	0
763	1128	0
764	1128	0
765	1128	0
767	1128	0
768	1128	0
769	1128	0
770	1128	0
771	1128	0
772	1128	0
773	1128	0
774	1128	1
775	1128	0
776	1128	0
777	1128	0
778	1128	0
779	1128	0
780	1128	0
782	1128	0
783	1128	0
784	1128	0
785	1128	0
786	1128	0
787	1128	0
788	1128	0
789	1128	0
790	1128	0
791	1128	0
793	1128	0
794	1128	0
795	1128	0
796	1128	0
797	1128	0
798	1128	0
799	1128	0
800	1128	0
801	1128	0
802	1128	0
803	1128	0
804	1128	0
806	1128	0
807	1128	0
808	1128	0
809	1128	0
810	1128	0
811	1128	0
812	1128	0
813	1128	0
814	1128	0
816	1128	0
817	1128	1
818	1128	0
819	1128	0
820	1128	0
821	1128	0
822	1128	0
823	1128	0
824	1128	0
825	1128	0
826	1128	0
827	1128	1
828	1128	1
829	1128	1
830	1128	1
831	1128	0
832	1128	1
833	1128	1
834	1128	1
835	1128	0
836	1128	0
837	1128	1
839	1128	0
840	1128	0
841	1128	0
842	1128	0
843	1128	0
844	1128	0
845	1128	0
846	1128	0
847	1128	0
848	1128	0
849	1128	0
850	1128	0
851	1128	0
852	1128	0
853	1128	0
854	1128	0
855	1128	0
856	1128	0
857	1128	0
858	1128	0
859	1128	0
860	1128	0
861	1128	0
862	1128	0
863	1128	0
864	1128	0
865	1128	0
866	1128	0
867	1128	0
868	1128	0
869	1128	0
870	1128	0
872	1128	0
873	1128	0
874	1128	0
875	1128	0
876	1128	0
877	1128	0
878	1128	0
879	1128	0
880	1128	0
881	1128	0
882	1128	0
883	1128	0
884	1128	0
885	1128	0
886	1128	0
887	1128	0
888	1128	0
889	1128	0
890	1128	0
892	1128	0
893	1128	0
894	1128	0
895	1128	1
896	1128	0
897	1128	0
898	1128	0
900	1128	0
901	1128	0
902	1128	0
903	1128	0
904	1128	0
905	1128	0
906	1128	0
907	1128	0
908	1128	0
909	1128	0
910	1128	0
911	1128	0
912	1128	0
913	1128	0
914	1128	0
916	1128	0
918	1128	1
919	1128	0
920	1128	0
922	1128	0
923	1128	0
924	1128	0
925	1128	0
926	1128	0
927	1128	0
928	1128	0
930	1128	0
931	1128	0
934	1128	0
935	1128	0
936	1128	0
937	1128	1
938	1128	0
939	1128	0
940	1128	0
941	1128	0
942	1128	0
943	1128	0
944	1128	0
945	1128	0
946	1128	0
947	1128	0
948	1128	0
949	1128	0
950	1128	0
952	1128	0
953	1128	0
954	1128	0
955	1128	0
956	1128	0
958	1128	1
959	1128	1
961	1128	0
962	1128	0
963	1128	1
964	1128	0
965	1128	1
967	1128	1
