0	1176	0
1	1176	0
2	1176	0
3	1176	1
4	1176	0
5	1176	1
6	1176	1
7	1176	0
8	1176	0
9	1176	0
10	1176	1
11	1176	0
12	1176	0
13	1176	0
16	1176	0
17	1176	0
18	1176	0
19	1176	1
20	1176	0
21	1176	0
22	1176	0
23	1176	0
24	1176	0
25	1176	0
26	1176	0
27	1176	0
30	1176	1
31	1176	1
32	1176	0
33	1176	0
34	1176	0
36	1176	0
37	1176	1
38	1176	0
39	1176	0
40	1176	1
41	1176	0
42	1176	1
43	1176	0
45	1176	0
46	1176	0
47	1176	0
48	1176	0
49	1176	0
51	1176	1
53	1176	0
54	1176	0
55	1176	0
56	1176	1
58	1176	1
59	1176	0
60	1176	0
61	1176	0
62	1176	0
63	1176	0
64	1176	0
65	1176	0
66	1176	0
67	1176	0
68	1176	0
69	1176	0
70	1176	1
71	1176	0
72	1176	0
74	1176	0
75	1176	0
77	1176	1
78	1176	0
79	1176	1
80	1176	0
81	1176	0
82	1176	0
83	1176	0
84	1176	0
85	1176	0
86	1176	0
87	1176	0
89	1176	0
90	1176	0
91	1176	0
92	1176	0
93	1176	0
94	1176	0
95	1176	1
96	1176	1
97	1176	0
98	1176	1
99	1176	0
100	1176	0
101	1176	1
102	1176	1
103	1176	1
104	1176	0
105	1176	0
106	1176	0
107	1176	0
108	1176	0
109	1176	0
110	1176	0
111	1176	0
112	1176	0
113	1176	0
114	1176	0
115	1176	0
116	1176	0
117	1176	0
118	1176	0
120	1176	0
121	1176	0
124	1176	1
125	1176	0
129	1176	0
130	1176	0
131	1176	0
132	1176	0
133	1176	0
134	1176	0
135	1176	1
136	1176	1
137	1176	0
138	1176	0
139	1176	0
140	1176	0
141	1176	0
142	1176	0
143	1176	0
144	1176	0
145	1176	0
146	1176	0
147	1176	0
148	1176	0
149	1176	0
151	1176	0
152	1176	1
153	1176	0
154	1176	0
155	1176	0
156	1176	0
157	1176	0
158	1176	0
159	1176	0
160	1176	0
162	1176	0
163	1176	0
164	1176	0
165	1176	1
166	1176	0
167	1176	0
168	1176	0
169	1176	0
170	1176	0
171	1176	0
172	1176	0
173	1176	0
174	1176	0
175	1176	0
178	1176	0
179	1176	0
180	1176	0
181	1176	0
182	1176	0
183	1176	0
184	1176	0
185	1176	0
186	1176	0
187	1176	0
188	1176	0
190	1176	1
191	1176	1
192	1176	1
193	1176	0
194	1176	0
195	1176	0
196	1176	0
197	1176	1
198	1176	0
199	1176	0
200	1176	0
201	1176	0
202	1176	1
203	1176	0
204	1176	0
206	1176	0
207	1176	0
208	1176	0
209	1176	0
210	1176	0
211	1176	0
212	1176	0
213	1176	1
214	1176	0
215	1176	0
216	1176	0
217	1176	0
218	1176	0
219	1176	0
221	1176	0
222	1176	0
223	1176	1
224	1176	0
225	1176	0
227	1176	0
228	1176	0
229	1176	0
230	1176	0
232	1176	0
233	1176	0
234	1176	1
235	1176	0
236	1176	0
237	1176	1
239	1176	0
240	1176	0
245	1176	0
246	1176	0
247	1176	1
248	1176	0
249	1176	1
251	1176	0
252	1176	0
253	1176	0
254	1176	0
255	1176	0
256	1176	1
257	1176	0
258	1176	0
259	1176	0
260	1176	0
261	1176	0
262	1176	0
263	1176	0
264	1176	0
265	1176	0
266	1176	0
267	1176	0
268	1176	0
270	1176	0
271	1176	0
272	1176	0
273	1176	0
274	1176	0
275	1176	0
277	1176	0
280	1176	0
281	1176	0
282	1176	1
283	1176	0
284	1176	0
285	1176	0
286	1176	0
287	1176	1
288	1176	1
289	1176	0
290	1176	0
291	1176	0
293	1176	1
295	1176	0
296	1176	0
298	1176	0
302	1176	1
303	1176	0
304	1176	1
305	1176	0
306	1176	0
308	1176	0
310	1176	0
312	1176	0
313	1176	0
314	1176	0
315	1176	0
316	1176	0
317	1176	0
318	1176	0
319	1176	0
321	1176	0
322	1176	0
323	1176	0
324	1176	0
325	1176	0
326	1176	0
327	1176	0
328	1176	0
329	1176	0
330	1176	0
331	1176	0
332	1176	0
333	1176	1
334	1176	0
336	1176	0
337	1176	0
338	1176	0
340	1176	1
341	1176	0
343	1176	0
344	1176	0
345	1176	0
346	1176	0
347	1176	0
348	1176	0
350	1176	0
351	1176	0
352	1176	0
353	1176	0
354	1176	1
355	1176	1
356	1176	0
357	1176	1
358	1176	0
359	1176	0
360	1176	0
361	1176	0
362	1176	0
363	1176	0
364	1176	0
365	1176	0
366	1176	0
367	1176	0
369	1176	0
370	1176	1
371	1176	0
372	1176	0
373	1176	0
374	1176	0
376	1176	0
377	1176	0
378	1176	0
379	1176	1
380	1176	0
381	1176	0
382	1176	0
383	1176	0
384	1176	0
385	1176	0
386	1176	0
387	1176	0
388	1176	0
389	1176	0
391	1176	0
392	1176	0
393	1176	0
394	1176	1
395	1176	0
397	1176	0
398	1176	0
399	1176	0
401	1176	0
402	1176	0
403	1176	0
404	1176	0
405	1176	0
406	1176	0
407	1176	0
408	1176	0
409	1176	0
410	1176	0
412	1176	0
414	1176	0
415	1176	0
416	1176	0
417	1176	0
418	1176	0
420	1176	0
421	1176	0
422	1176	0
423	1176	0
424	1176	0
425	1176	0
426	1176	1
428	1176	0
429	1176	0
430	1176	0
431	1176	0
432	1176	0
433	1176	0
434	1176	0
435	1176	0
436	1176	0
437	1176	0
438	1176	0
439	1176	0
440	1176	0
441	1176	1
442	1176	0
443	1176	0
444	1176	0
445	1176	0
446	1176	0
447	1176	0
448	1176	1
449	1176	0
450	1176	0
452	1176	0
453	1176	0
454	1176	0
455	1176	0
456	1176	0
457	1176	0
458	1176	0
459	1176	0
461	1176	1
462	1176	0
464	1176	0
465	1176	0
466	1176	1
467	1176	0
468	1176	0
469	1176	0
470	1176	0
471	1176	0
472	1176	0
473	1176	0
474	1176	1
475	1176	0
476	1176	0
477	1176	1
478	1176	0
479	1176	0
480	1176	0
481	1176	0
483	1176	0
484	1176	0
485	1176	0
486	1176	0
487	1176	0
488	1176	0
489	1176	0
490	1176	1
491	1176	0
492	1176	0
494	1176	0
496	1176	0
497	1176	0
498	1176	0
499	1176	0
500	1176	0
501	1176	0
502	1176	1
503	1176	0
504	1176	1
505	1176	0
506	1176	0
507	1176	0
508	1176	0
509	1176	0
510	1176	0
511	1176	0
512	1176	0
513	1176	0
514	1176	1
515	1176	0
516	1176	1
517	1176	0
518	1176	0
519	1176	0
520	1176	0
521	1176	0
522	1176	0
523	1176	0
524	1176	1
525	1176	1
526	1176	0
527	1176	0
528	1176	0
529	1176	0
530	1176	1
531	1176	0
533	1176	0
534	1176	0
535	1176	0
536	1176	0
538	1176	0
539	1176	0
540	1176	0
541	1176	0
542	1176	0
543	1176	0
544	1176	0
545	1176	0
546	1176	0
547	1176	0
550	1176	0
551	1176	0
553	1176	0
555	1176	0
556	1176	0
557	1176	0
558	1176	1
560	1176	0
561	1176	0
562	1176	0
563	1176	1
565	1176	0
566	1176	0
567	1176	0
568	1176	0
569	1176	0
571	1176	1
574	1176	0
575	1176	0
576	1176	0
577	1176	0
579	1176	0
580	1176	0
581	1176	0
582	1176	1
583	1176	0
584	1176	0
585	1176	0
586	1176	0
588	1176	0
589	1176	0
591	1176	0
593	1176	0
595	1176	0
596	1176	0
597	1176	1
598	1176	0
599	1176	0
600	1176	1
601	1176	0
602	1176	0
604	1176	0
606	1176	0
607	1176	0
608	1176	0
609	1176	0
612	1176	0
613	1176	0
614	1176	0
615	1176	0
616	1176	0
617	1176	0
618	1176	0
619	1176	0
620	1176	0
621	1176	0
622	1176	0
624	1176	0
625	1176	0
627	1176	0
628	1176	0
630	1176	0
632	1176	0
633	1176	0
634	1176	0
635	1176	0
636	1176	0
637	1176	0
638	1176	0
639	1176	0
640	1176	0
641	1176	0
642	1176	0
643	1176	1
644	1176	0
645	1176	0
646	1176	0
648	1176	0
649	1176	0
650	1176	0
652	1176	0
653	1176	0
654	1176	0
655	1176	1
656	1176	0
657	1176	0
658	1176	0
659	1176	0
660	1176	0
661	1176	0
662	1176	0
663	1176	0
664	1176	0
665	1176	1
666	1176	0
667	1176	0
668	1176	0
669	1176	0
670	1176	1
671	1176	0
672	1176	0
673	1176	0
674	1176	0
675	1176	0
676	1176	1
677	1176	0
678	1176	0
679	1176	0
680	1176	0
681	1176	0
682	1176	0
683	1176	0
684	1176	0
685	1176	0
686	1176	0
687	1176	1
688	1176	0
689	1176	0
690	1176	0
691	1176	0
692	1176	0
693	1176	0
694	1176	0
695	1176	0
696	1176	0
698	1176	0
699	1176	0
700	1176	0
702	1176	0
703	1176	0
704	1176	0
705	1176	0
706	1176	0
707	1176	0
709	1176	1
710	1176	1
711	1176	1
712	1176	0
713	1176	0
714	1176	1
717	1176	0
718	1176	1
719	1176	0
720	1176	0
721	1176	0
722	1176	0
723	1176	0
724	1176	0
725	1176	0
726	1176	0
727	1176	0
728	1176	0
729	1176	0
730	1176	0
732	1176	0
733	1176	0
734	1176	0
735	1176	0
736	1176	0
737	1176	0
738	1176	0
739	1176	0
740	1176	0
741	1176	0
742	1176	0
745	1176	0
746	1176	0
747	1176	0
748	1176	0
749	1176	0
750	1176	0
752	1176	0
753	1176	0
754	1176	0
755	1176	0
756	1176	0
757	1176	0
758	1176	0
759	1176	1
760	1176	0
761	1176	0
762	1176	0
765	1176	0
766	1176	0
767	1176	0
768	1176	1
769	1176	1
770	1176	0
771	1176	1
772	1176	0
773	1176	1
775	1176	0
776	1176	0
777	1176	0
778	1176	0
779	1176	1
780	1176	0
781	1176	0
782	1176	0
783	1176	0
784	1176	0
785	1176	0
786	1176	0
787	1176	0
789	1176	0
790	1176	0
791	1176	0
792	1176	0
793	1176	0
794	1176	0
795	1176	0
796	1176	0
797	1176	0
799	1176	1
800	1176	1
801	1176	0
802	1176	0
803	1176	0
804	1176	1
805	1176	0
806	1176	0
807	1176	0
808	1176	0
810	1176	0
811	1176	0
814	1176	1
816	1176	0
818	1176	0
819	1176	0
820	1176	0
822	1176	0
823	1176	0
824	1176	0
825	1176	0
826	1176	0
827	1176	0
829	1176	0
830	1176	0
831	1176	0
832	1176	0
833	1176	1
834	1176	0
835	1176	0
836	1176	0
837	1176	0
838	1176	0
839	1176	0
840	1176	0
843	1176	0
844	1176	0
845	1176	0
848	1176	0
849	1176	1
850	1176	0
852	1176	0
853	1176	0
854	1176	0
855	1176	0
856	1176	0
857	1176	0
860	1176	0
861	1176	0
862	1176	1
863	1176	0
864	1176	0
866	1176	0
867	1176	0
868	1176	0
869	1176	1
870	1176	0
871	1176	0
872	1176	0
873	1176	0
874	1176	0
875	1176	0
876	1176	0
877	1176	0
878	1176	0
880	1176	0
881	1176	0
882	1176	0
883	1176	0
884	1176	0
885	1176	0
887	1176	0
888	1176	0
889	1176	0
890	1176	0
891	1176	0
892	1176	0
893	1176	0
894	1176	0
895	1176	0
896	1176	0
897	1176	0
899	1176	0
900	1176	0
901	1176	0
902	1176	0
904	1176	0
905	1176	0
907	1176	0
910	1176	0
911	1176	0
912	1176	0
913	1176	0
914	1176	1
915	1176	0
916	1176	0
917	1176	0
918	1176	0
919	1176	0
921	1176	1
922	1176	0
923	1176	0
924	1176	0
925	1176	0
926	1176	1
927	1176	0
928	1176	0
929	1176	0
931	1176	1
933	1176	1
934	1176	0
935	1176	0
936	1176	0
937	1176	0
938	1176	0
939	1176	0
940	1176	0
941	1176	0
942	1176	0
943	1176	0
944	1176	0
945	1176	0
946	1176	0
948	1176	0
949	1176	0
950	1176	0
952	1176	0
953	1176	0
954	1176	0
955	1176	0
956	1176	0
957	1176	1
958	1176	0
959	1176	0
960	1176	0
961	1176	0
962	1176	0
963	1176	0
964	1176	0
965	1176	0
966	1176	0
967	1176	1
