0	1117	0
1	1117	0
2	1117	0
3	1117	0
4	1117	0
5	1117	0
6	1117	0
7	1117	0
8	1117	0
9	1117	0
10	1117	0
11	1117	0
12	1117	0
13	1117	0
14	1117	0
15	1117	0
16	1117	0
17	1117	1
18	1117	0
19	1117	0
20	1117	0
21	1117	0
22	1117	1
23	1117	0
24	1117	0
26	1117	0
27	1117	0
28	1117	0
29	1117	0
30	1117	0
31	1117	0
32	1117	0
33	1117	0
34	1117	0
35	1117	0
36	1117	0
37	1117	0
38	1117	0
39	1117	0
40	1117	0
42	1117	0
43	1117	0
44	1117	0
45	1117	0
46	1117	0
47	1117	0
48	1117	0
49	1117	0
50	1117	0
51	1117	0
52	1117	0
53	1117	0
54	1117	0
55	1117	0
56	1117	0
57	1117	0
58	1117	0
59	1117	0
60	1117	0
61	1117	1
62	1117	1
64	1117	0
65	1117	0
66	1117	1
67	1117	0
68	1117	0
69	1117	0
70	1117	0
71	1117	0
72	1117	0
73	1117	0
74	1117	0
75	1117	0
76	1117	0
77	1117	0
78	1117	0
79	1117	0
80	1117	0
81	1117	0
82	1117	0
83	1117	0
84	1117	0
85	1117	0
86	1117	0
87	1117	0
88	1117	0
89	1117	0
90	1117	0
91	1117	0
92	1117	0
93	1117	0
94	1117	0
95	1117	0
96	1117	0
97	1117	0
98	1117	0
99	1117	0
100	1117	1
101	1117	1
102	1117	0
103	1117	0
104	1117	1
105	1117	0
106	1117	0
109	1117	0
111	1117	0
112	1117	0
113	1117	0
114	1117	0
115	1117	0
116	1117	0
117	1117	1
118	1117	0
119	1117	0
120	1117	0
121	1117	0
122	1117	0
123	1117	1
124	1117	0
126	1117	0
127	1117	0
129	1117	0
130	1117	0
131	1117	0
132	1117	1
133	1117	1
134	1117	0
136	1117	0
137	1117	1
138	1117	1
139	1117	0
140	1117	0
141	1117	0
142	1117	0
143	1117	0
144	1117	0
145	1117	0
146	1117	0
147	1117	1
148	1117	0
149	1117	0
150	1117	0
151	1117	0
152	1117	0
153	1117	0
154	1117	0
155	1117	0
156	1117	0
157	1117	0
158	1117	0
159	1117	0
160	1117	1
161	1117	0
162	1117	0
163	1117	0
165	1117	0
166	1117	0
167	1117	0
168	1117	0
169	1117	0
170	1117	0
171	1117	0
172	1117	0
173	1117	0
174	1117	0
175	1117	0
177	1117	1
178	1117	0
179	1117	0
180	1117	0
182	1117	0
183	1117	0
184	1117	0
185	1117	0
186	1117	0
187	1117	0
188	1117	0
189	1117	0
190	1117	0
191	1117	1
192	1117	1
193	1117	1
194	1117	0
195	1117	0
196	1117	1
197	1117	1
198	1117	1
199	1117	0
200	1117	0
201	1117	0
202	1117	1
203	1117	1
204	1117	1
206	1117	0
207	1117	1
208	1117	1
210	1117	0
211	1117	1
212	1117	1
213	1117	0
214	1117	0
215	1117	0
216	1117	0
217	1117	0
218	1117	0
219	1117	0
220	1117	1
222	1117	0
223	1117	1
224	1117	0
225	1117	0
226	1117	0
227	1117	0
228	1117	0
229	1117	0
230	1117	1
231	1117	0
232	1117	0
233	1117	0
234	1117	0
235	1117	0
236	1117	0
237	1117	0
238	1117	0
239	1117	0
240	1117	0
241	1117	0
242	1117	0
244	1117	0
245	1117	0
247	1117	0
248	1117	0
249	1117	0
250	1117	0
251	1117	0
252	1117	0
253	1117	0
254	1117	0
255	1117	0
256	1117	0
258	1117	0
259	1117	0
260	1117	0
261	1117	0
262	1117	0
263	1117	0
264	1117	0
265	1117	0
266	1117	0
267	1117	0
268	1117	0
269	1117	0
270	1117	0
271	1117	0
272	1117	0
273	1117	1
274	1117	0
275	1117	0
276	1117	0
277	1117	0
278	1117	0
279	1117	0
280	1117	0
281	1117	0
282	1117	0
283	1117	0
284	1117	0
285	1117	0
286	1117	0
287	1117	0
288	1117	0
289	1117	0
290	1117	0
291	1117	0
292	1117	0
293	1117	0
294	1117	0
295	1117	0
296	1117	0
297	1117	0
298	1117	0
299	1117	0
300	1117	0
301	1117	0
302	1117	0
303	1117	0
304	1117	0
305	1117	0
306	1117	0
307	1117	0
308	1117	0
309	1117	0
310	1117	0
311	1117	0
312	1117	0
313	1117	0
314	1117	0
315	1117	0
316	1117	0
317	1117	0
318	1117	0
319	1117	0
320	1117	1
321	1117	0
322	1117	0
323	1117	0
324	1117	0
325	1117	0
326	1117	0
327	1117	0
328	1117	1
329	1117	0
330	1117	1
331	1117	1
333	1117	0
335	1117	0
336	1117	0
337	1117	0
338	1117	0
339	1117	0
340	1117	0
342	1117	0
343	1117	0
344	1117	0
346	1117	0
347	1117	0
348	1117	1
349	1117	0
350	1117	0
351	1117	1
352	1117	0
354	1117	0
355	1117	0
357	1117	0
358	1117	0
359	1117	0
360	1117	1
361	1117	0
363	1117	0
364	1117	0
365	1117	0
366	1117	0
367	1117	0
368	1117	0
371	1117	0
372	1117	0
373	1117	0
374	1117	1
377	1117	0
378	1117	0
379	1117	0
380	1117	0
381	1117	1
382	1117	0
383	1117	0
384	1117	0
385	1117	0
386	1117	0
387	1117	0
388	1117	0
389	1117	0
390	1117	0
391	1117	0
393	1117	1
394	1117	0
395	1117	0
396	1117	0
398	1117	0
399	1117	0
400	1117	0
401	1117	0
402	1117	0
403	1117	0
404	1117	0
405	1117	0
406	1117	0
407	1117	0
408	1117	0
409	1117	0
410	1117	0
411	1117	0
412	1117	0
413	1117	0
414	1117	0
415	1117	0
416	1117	0
417	1117	0
418	1117	0
419	1117	0
420	1117	0
421	1117	0
422	1117	0
423	1117	0
424	1117	0
425	1117	0
426	1117	0
427	1117	0
428	1117	0
429	1117	0
431	1117	0
432	1117	0
433	1117	0
434	1117	0
435	1117	1
436	1117	0
437	1117	0
438	1117	0
439	1117	0
440	1117	0
441	1117	0
442	1117	0
443	1117	1
444	1117	0
445	1117	0
446	1117	0
447	1117	0
448	1117	0
449	1117	0
450	1117	0
451	1117	0
452	1117	0
453	1117	0
454	1117	0
455	1117	0
456	1117	0
457	1117	1
458	1117	0
459	1117	0
460	1117	0
461	1117	0
462	1117	0
463	1117	0
464	1117	0
465	1117	0
466	1117	0
467	1117	0
468	1117	0
469	1117	0
470	1117	0
471	1117	0
472	1117	0
473	1117	0
474	1117	1
475	1117	0
476	1117	0
477	1117	0
478	1117	0
480	1117	1
481	1117	0
482	1117	0
483	1117	0
484	1117	0
485	1117	0
486	1117	0
487	1117	0
489	1117	0
490	1117	0
491	1117	0
492	1117	0
493	1117	0
495	1117	0
496	1117	0
497	1117	0
499	1117	0
500	1117	0
501	1117	0
502	1117	0
503	1117	0
505	1117	1
506	1117	0
508	1117	0
509	1117	0
510	1117	0
511	1117	1
512	1117	0
513	1117	0
514	1117	0
515	1117	1
516	1117	0
517	1117	0
518	1117	0
519	1117	1
520	1117	0
521	1117	0
522	1117	1
523	1117	0
524	1117	1
525	1117	1
526	1117	1
527	1117	0
528	1117	1
529	1117	1
531	1117	0
533	1117	1
534	1117	1
536	1117	0
537	1117	0
538	1117	0
540	1117	0
541	1117	0
542	1117	1
543	1117	0
544	1117	0
546	1117	0
547	1117	0
548	1117	0
549	1117	0
550	1117	0
551	1117	0
553	1117	0
554	1117	0
555	1117	1
556	1117	0
557	1117	0
558	1117	0
559	1117	0
560	1117	1
561	1117	0
562	1117	0
563	1117	0
564	1117	0
565	1117	0
566	1117	0
567	1117	0
568	1117	1
569	1117	0
570	1117	1
571	1117	1
572	1117	0
573	1117	0
574	1117	0
575	1117	0
576	1117	0
577	1117	0
578	1117	0
579	1117	0
580	1117	0
582	1117	0
583	1117	0
584	1117	1
585	1117	1
586	1117	0
587	1117	0
588	1117	0
589	1117	0
590	1117	0
591	1117	0
592	1117	0
593	1117	0
594	1117	0
595	1117	0
596	1117	0
597	1117	0
598	1117	0
599	1117	0
600	1117	0
601	1117	0
602	1117	0
604	1117	0
605	1117	0
606	1117	0
607	1117	0
608	1117	0
609	1117	1
611	1117	0
612	1117	0
613	1117	1
614	1117	0
615	1117	0
616	1117	0
617	1117	0
618	1117	0
619	1117	0
620	1117	0
621	1117	0
622	1117	0
624	1117	0
625	1117	0
626	1117	0
627	1117	0
628	1117	0
630	1117	0
631	1117	0
632	1117	0
633	1117	0
635	1117	0
636	1117	0
637	1117	0
640	1117	0
641	1117	0
642	1117	0
643	1117	0
644	1117	0
645	1117	0
646	1117	0
647	1117	0
648	1117	0
649	1117	0
650	1117	1
651	1117	0
652	1117	0
653	1117	0
654	1117	0
655	1117	0
656	1117	0
657	1117	1
658	1117	0
659	1117	0
660	1117	0
661	1117	0
662	1117	0
663	1117	0
664	1117	1
666	1117	0
667	1117	1
668	1117	0
669	1117	0
670	1117	0
671	1117	0
672	1117	0
673	1117	0
674	1117	0
675	1117	0
676	1117	0
677	1117	0
678	1117	0
679	1117	0
680	1117	0
681	1117	0
682	1117	0
683	1117	0
684	1117	0
685	1117	0
686	1117	0
687	1117	0
688	1117	0
689	1117	0
690	1117	0
691	1117	0
692	1117	1
693	1117	0
694	1117	0
695	1117	0
696	1117	0
697	1117	0
698	1117	0
699	1117	1
700	1117	0
701	1117	0
702	1117	0
703	1117	0
704	1117	1
705	1117	0
706	1117	0
707	1117	0
708	1117	0
709	1117	0
710	1117	1
711	1117	0
712	1117	0
713	1117	0
714	1117	0
715	1117	0
716	1117	0
717	1117	0
718	1117	0
719	1117	0
720	1117	0
721	1117	0
722	1117	0
723	1117	0
724	1117	0
725	1117	0
726	1117	0
727	1117	0
728	1117	0
730	1117	0
731	1117	0
732	1117	0
733	1117	0
734	1117	0
735	1117	1
736	1117	0
737	1117	1
738	1117	1
739	1117	0
740	1117	0
741	1117	0
742	1117	0
743	1117	0
744	1117	1
745	1117	0
746	1117	0
747	1117	0
748	1117	0
749	1117	1
750	1117	0
751	1117	1
752	1117	0
753	1117	1
754	1117	0
755	1117	0
756	1117	0
757	1117	0
758	1117	0
759	1117	1
760	1117	0
761	1117	0
762	1117	0
763	1117	0
764	1117	0
765	1117	0
767	1117	0
768	1117	0
769	1117	0
770	1117	0
771	1117	0
772	1117	0
773	1117	0
774	1117	1
775	1117	0
776	1117	0
777	1117	0
778	1117	0
779	1117	0
780	1117	1
782	1117	0
783	1117	0
784	1117	0
785	1117	0
786	1117	0
787	1117	0
788	1117	0
789	1117	0
790	1117	1
791	1117	0
793	1117	0
794	1117	0
795	1117	0
796	1117	1
797	1117	0
798	1117	1
799	1117	0
800	1117	0
801	1117	0
802	1117	0
803	1117	0
804	1117	0
806	1117	0
807	1117	0
808	1117	0
809	1117	0
810	1117	0
811	1117	0
812	1117	0
813	1117	0
814	1117	0
816	1117	0
817	1117	1
818	1117	0
819	1117	0
820	1117	0
821	1117	0
822	1117	0
823	1117	0
824	1117	0
825	1117	0
826	1117	0
827	1117	1
828	1117	0
829	1117	0
830	1117	0
831	1117	0
832	1117	1
833	1117	0
834	1117	1
835	1117	0
836	1117	1
837	1117	1
839	1117	0
840	1117	0
841	1117	0
842	1117	0
843	1117	0
844	1117	0
845	1117	0
846	1117	0
847	1117	0
848	1117	0
849	1117	0
850	1117	0
851	1117	0
852	1117	0
853	1117	0
854	1117	0
855	1117	0
856	1117	0
857	1117	0
858	1117	0
859	1117	0
860	1117	0
861	1117	0
862	1117	0
863	1117	0
864	1117	0
865	1117	0
866	1117	0
867	1117	0
868	1117	0
869	1117	0
870	1117	1
872	1117	0
873	1117	0
874	1117	0
875	1117	0
876	1117	0
877	1117	0
878	1117	0
879	1117	1
880	1117	0
881	1117	0
882	1117	0
883	1117	0
884	1117	0
885	1117	0
886	1117	0
887	1117	1
888	1117	0
889	1117	0
890	1117	0
891	1117	1
892	1117	0
893	1117	0
894	1117	0
895	1117	0
896	1117	0
897	1117	0
898	1117	0
900	1117	0
901	1117	0
902	1117	0
903	1117	1
904	1117	1
905	1117	0
906	1117	0
907	1117	0
908	1117	0
909	1117	0
910	1117	0
911	1117	0
912	1117	0
913	1117	1
914	1117	0
916	1117	0
917	1117	0
918	1117	1
919	1117	0
920	1117	0
921	1117	1
922	1117	0
923	1117	0
924	1117	0
925	1117	0
926	1117	0
927	1117	0
928	1117	0
930	1117	0
931	1117	0
933	1117	0
934	1117	0
935	1117	1
936	1117	0
937	1117	0
938	1117	0
939	1117	0
940	1117	0
941	1117	0
942	1117	0
943	1117	1
944	1117	0
945	1117	0
946	1117	0
947	1117	0
948	1117	0
949	1117	0
950	1117	0
952	1117	0
953	1117	0
954	1117	0
955	1117	1
956	1117	0
958	1117	0
959	1117	0
961	1117	0
962	1117	0
963	1117	0
964	1117	0
965	1117	0
967	1117	0
