0	1144	0
1	1144	0
2	1144	0
3	1144	0
4	1144	0
5	1144	0
6	1144	0
7	1144	0
8	1144	1
9	1144	0
10	1144	0
11	1144	0
12	1144	0
13	1144	0
16	1144	0
17	1144	0
18	1144	0
19	1144	0
20	1144	1
21	1144	0
22	1144	1
23	1144	0
24	1144	0
25	1144	0
26	1144	0
27	1144	1
30	1144	1
31	1144	1
32	1144	1
33	1144	1
34	1144	0
36	1144	0
37	1144	0
38	1144	0
39	1144	1
40	1144	0
41	1144	1
42	1144	1
43	1144	0
45	1144	0
46	1144	0
47	1144	1
48	1144	0
49	1144	0
51	1144	0
53	1144	0
54	1144	0
55	1144	1
56	1144	1
58	1144	0
59	1144	0
60	1144	0
61	1144	0
62	1144	0
63	1144	0
64	1144	1
65	1144	0
66	1144	0
67	1144	0
68	1144	0
69	1144	0
70	1144	0
71	1144	0
72	1144	0
74	1144	1
75	1144	0
77	1144	0
78	1144	0
79	1144	0
80	1144	0
81	1144	0
82	1144	0
83	1144	0
84	1144	0
85	1144	0
86	1144	0
87	1144	0
89	1144	0
90	1144	0
91	1144	0
92	1144	0
93	1144	0
94	1144	0
95	1144	0
96	1144	1
97	1144	0
98	1144	0
99	1144	0
100	1144	0
101	1144	1
102	1144	1
103	1144	0
104	1144	0
105	1144	0
106	1144	0
107	1144	0
108	1144	0
109	1144	1
110	1144	1
111	1144	1
112	1144	0
113	1144	0
114	1144	0
115	1144	0
116	1144	0
117	1144	0
118	1144	1
120	1144	0
121	1144	1
124	1144	0
125	1144	1
129	1144	1
130	1144	1
131	1144	1
132	1144	0
133	1144	0
134	1144	1
135	1144	0
136	1144	1
137	1144	0
138	1144	0
139	1144	0
140	1144	0
141	1144	0
142	1144	1
143	1144	0
144	1144	0
145	1144	0
146	1144	0
147	1144	0
148	1144	0
149	1144	0
151	1144	0
152	1144	1
153	1144	1
154	1144	0
155	1144	0
156	1144	0
157	1144	0
158	1144	0
159	1144	0
160	1144	0
162	1144	1
163	1144	1
164	1144	1
165	1144	0
166	1144	0
167	1144	0
168	1144	0
169	1144	1
170	1144	1
171	1144	0
172	1144	0
173	1144	1
174	1144	0
175	1144	1
178	1144	0
179	1144	0
180	1144	0
181	1144	1
182	1144	0
183	1144	0
184	1144	1
185	1144	0
186	1144	0
187	1144	0
188	1144	1
190	1144	0
191	1144	0
192	1144	0
193	1144	0
194	1144	1
195	1144	0
196	1144	1
197	1144	1
198	1144	0
199	1144	1
200	1144	0
201	1144	0
202	1144	0
203	1144	0
204	1144	0
206	1144	1
207	1144	1
208	1144	1
209	1144	1
210	1144	1
211	1144	1
212	1144	1
213	1144	0
214	1144	1
215	1144	0
216	1144	0
217	1144	0
218	1144	0
219	1144	0
221	1144	0
222	1144	0
223	1144	0
224	1144	0
225	1144	0
227	1144	1
228	1144	0
229	1144	0
230	1144	0
232	1144	0
233	1144	0
234	1144	0
235	1144	0
236	1144	0
237	1144	0
239	1144	0
240	1144	0
245	1144	0
246	1144	0
247	1144	0
248	1144	0
249	1144	0
250	1144	0
251	1144	0
252	1144	1
253	1144	1
254	1144	0
255	1144	0
256	1144	1
257	1144	1
258	1144	0
259	1144	0
260	1144	0
261	1144	0
262	1144	0
263	1144	0
264	1144	0
265	1144	0
266	1144	0
267	1144	1
268	1144	1
270	1144	0
271	1144	0
272	1144	0
273	1144	0
274	1144	1
275	1144	0
277	1144	1
280	1144	0
281	1144	0
282	1144	0
283	1144	1
284	1144	0
285	1144	0
286	1144	1
287	1144	0
288	1144	0
289	1144	1
290	1144	1
291	1144	0
293	1144	0
295	1144	0
296	1144	0
298	1144	0
302	1144	0
303	1144	0
304	1144	1
305	1144	0
306	1144	0
308	1144	0
310	1144	1
312	1144	0
313	1144	0
314	1144	0
315	1144	0
316	1144	0
317	1144	0
318	1144	0
319	1144	0
321	1144	0
322	1144	0
323	1144	0
324	1144	0
325	1144	1
326	1144	0
327	1144	0
328	1144	0
329	1144	0
330	1144	0
331	1144	0
332	1144	0
333	1144	0
334	1144	0
336	1144	0
337	1144	0
338	1144	0
340	1144	1
341	1144	1
343	1144	0
344	1144	0
345	1144	1
346	1144	0
347	1144	0
348	1144	0
350	1144	0
351	1144	0
352	1144	0
353	1144	0
354	1144	0
355	1144	0
356	1144	0
357	1144	0
358	1144	0
359	1144	1
360	1144	1
361	1144	0
362	1144	0
363	1144	1
364	1144	1
365	1144	0
366	1144	0
367	1144	0
369	1144	0
370	1144	1
371	1144	0
372	1144	1
373	1144	1
374	1144	1
376	1144	0
377	1144	0
378	1144	1
379	1144	0
380	1144	1
381	1144	0
382	1144	0
383	1144	0
384	1144	0
385	1144	0
386	1144	1
387	1144	0
388	1144	0
389	1144	0
391	1144	0
392	1144	0
393	1144	1
394	1144	0
395	1144	1
397	1144	0
398	1144	1
399	1144	0
401	1144	1
402	1144	0
403	1144	0
404	1144	1
405	1144	0
406	1144	1
407	1144	1
408	1144	0
409	1144	0
410	1144	0
412	1144	0
414	1144	0
415	1144	0
416	1144	0
417	1144	0
418	1144	0
420	1144	1
421	1144	0
422	1144	1
423	1144	0
424	1144	1
425	1144	0
426	1144	0
428	1144	0
429	1144	0
430	1144	0
431	1144	0
432	1144	0
433	1144	0
434	1144	0
435	1144	0
436	1144	1
437	1144	0
438	1144	0
439	1144	0
440	1144	0
441	1144	0
442	1144	0
443	1144	0
444	1144	0
445	1144	0
446	1144	1
447	1144	0
448	1144	0
449	1144	0
450	1144	0
452	1144	0
453	1144	0
454	1144	0
455	1144	1
456	1144	1
457	1144	1
458	1144	0
459	1144	0
461	1144	0
462	1144	0
464	1144	1
465	1144	0
466	1144	0
467	1144	0
468	1144	0
469	1144	1
470	1144	0
471	1144	0
472	1144	0
473	1144	0
474	1144	0
475	1144	1
476	1144	1
477	1144	0
478	1144	1
479	1144	0
480	1144	0
481	1144	0
483	1144	0
484	1144	0
485	1144	0
486	1144	0
487	1144	0
488	1144	0
489	1144	0
490	1144	0
491	1144	0
492	1144	0
494	1144	0
496	1144	1
497	1144	0
498	1144	1
499	1144	0
500	1144	0
501	1144	0
502	1144	0
503	1144	1
504	1144	1
505	1144	0
506	1144	1
507	1144	1
508	1144	1
509	1144	0
510	1144	0
511	1144	0
512	1144	1
513	1144	0
514	1144	1
515	1144	0
516	1144	0
517	1144	0
518	1144	1
519	1144	0
520	1144	1
521	1144	0
522	1144	0
523	1144	1
524	1144	1
525	1144	1
526	1144	1
527	1144	0
528	1144	0
529	1144	0
530	1144	0
531	1144	1
533	1144	1
534	1144	1
535	1144	1
536	1144	1
538	1144	1
539	1144	1
540	1144	0
541	1144	0
542	1144	1
543	1144	1
544	1144	0
545	1144	1
546	1144	0
547	1144	0
550	1144	0
551	1144	0
553	1144	0
555	1144	1
556	1144	0
557	1144	1
558	1144	0
560	1144	0
561	1144	1
562	1144	0
563	1144	0
565	1144	1
566	1144	0
567	1144	0
568	1144	1
569	1144	1
571	1144	0
574	1144	0
575	1144	0
576	1144	0
577	1144	0
579	1144	0
580	1144	0
581	1144	0
582	1144	0
583	1144	0
584	1144	1
585	1144	1
586	1144	0
588	1144	0
589	1144	1
591	1144	0
593	1144	1
595	1144	0
596	1144	0
597	1144	0
598	1144	1
599	1144	0
600	1144	0
601	1144	0
602	1144	0
604	1144	0
606	1144	0
607	1144	0
608	1144	1
609	1144	0
612	1144	1
613	1144	1
614	1144	0
615	1144	0
616	1144	1
617	1144	1
618	1144	0
619	1144	0
620	1144	1
621	1144	0
622	1144	0
624	1144	0
625	1144	1
627	1144	1
628	1144	0
630	1144	0
632	1144	0
633	1144	0
634	1144	1
635	1144	0
636	1144	0
637	1144	1
638	1144	0
639	1144	0
640	1144	1
641	1144	0
642	1144	0
643	1144	0
644	1144	1
645	1144	1
646	1144	1
648	1144	0
649	1144	1
650	1144	0
652	1144	1
653	1144	0
654	1144	1
655	1144	0
656	1144	0
657	1144	1
658	1144	1
659	1144	1
660	1144	0
661	1144	1
662	1144	0
663	1144	1
664	1144	1
665	1144	1
666	1144	1
667	1144	0
668	1144	1
669	1144	0
670	1144	0
671	1144	0
672	1144	0
673	1144	0
674	1144	0
675	1144	0
676	1144	0
677	1144	0
678	1144	0
679	1144	1
680	1144	1
681	1144	0
682	1144	0
683	1144	0
684	1144	0
685	1144	0
686	1144	1
687	1144	0
688	1144	0
689	1144	0
690	1144	1
691	1144	1
692	1144	1
693	1144	0
694	1144	0
695	1144	0
696	1144	0
698	1144	0
699	1144	0
700	1144	0
702	1144	0
703	1144	0
704	1144	0
705	1144	0
706	1144	0
707	1144	0
709	1144	0
710	1144	0
711	1144	0
712	1144	0
713	1144	1
714	1144	1
717	1144	0
718	1144	0
719	1144	0
720	1144	0
721	1144	1
722	1144	1
723	1144	0
724	1144	0
725	1144	0
726	1144	0
727	1144	1
728	1144	0
729	1144	1
730	1144	0
732	1144	1
733	1144	0
734	1144	0
735	1144	0
736	1144	0
737	1144	0
738	1144	0
739	1144	1
740	1144	0
741	1144	0
742	1144	1
745	1144	1
746	1144	0
747	1144	1
748	1144	1
749	1144	1
750	1144	1
752	1144	0
753	1144	0
754	1144	0
755	1144	0
756	1144	0
757	1144	0
758	1144	1
759	1144	0
760	1144	0
761	1144	0
762	1144	0
765	1144	0
766	1144	0
767	1144	0
768	1144	0
769	1144	0
770	1144	0
771	1144	0
772	1144	0
773	1144	0
775	1144	0
776	1144	0
777	1144	0
778	1144	0
779	1144	1
780	1144	1
781	1144	1
782	1144	0
783	1144	0
784	1144	0
785	1144	0
786	1144	0
787	1144	0
789	1144	0
790	1144	0
791	1144	0
792	1144	0
793	1144	0
794	1144	0
795	1144	0
796	1144	1
797	1144	0
799	1144	0
800	1144	0
801	1144	0
802	1144	0
803	1144	0
804	1144	0
805	1144	1
806	1144	0
807	1144	0
808	1144	0
810	1144	0
811	1144	0
814	1144	1
816	1144	0
818	1144	0
819	1144	0
820	1144	0
822	1144	0
823	1144	0
824	1144	1
825	1144	0
826	1144	0
827	1144	1
829	1144	0
830	1144	1
831	1144	0
832	1144	0
833	1144	1
834	1144	1
835	1144	0
836	1144	0
837	1144	1
838	1144	0
839	1144	1
840	1144	1
843	1144	0
844	1144	0
845	1144	1
848	1144	0
849	1144	0
850	1144	0
852	1144	0
853	1144	0
854	1144	0
855	1144	0
856	1144	0
857	1144	0
860	1144	0
861	1144	0
863	1144	0
864	1144	0
866	1144	0
867	1144	0
868	1144	0
869	1144	0
870	1144	0
871	1144	1
872	1144	0
873	1144	0
874	1144	0
875	1144	0
876	1144	0
877	1144	0
878	1144	0
880	1144	0
881	1144	0
882	1144	0
883	1144	0
884	1144	0
885	1144	1
887	1144	1
888	1144	1
889	1144	1
890	1144	0
891	1144	0
892	1144	0
893	1144	0
894	1144	0
895	1144	0
896	1144	0
897	1144	0
899	1144	0
900	1144	0
901	1144	0
902	1144	0
904	1144	0
905	1144	0
907	1144	0
910	1144	0
911	1144	0
912	1144	1
913	1144	0
914	1144	0
915	1144	0
916	1144	0
917	1144	0
918	1144	1
919	1144	0
921	1144	0
922	1144	0
923	1144	1
924	1144	0
925	1144	0
926	1144	0
927	1144	0
928	1144	1
929	1144	0
931	1144	0
933	1144	0
934	1144	0
935	1144	0
936	1144	0
937	1144	0
938	1144	1
939	1144	0
940	1144	0
941	1144	0
942	1144	0
943	1144	0
944	1144	1
945	1144	0
946	1144	0
948	1144	0
949	1144	0
950	1144	0
952	1144	0
953	1144	1
954	1144	0
955	1144	0
956	1144	1
957	1144	0
958	1144	1
959	1144	1
960	1144	1
961	1144	0
962	1144	0
963	1144	1
964	1144	0
965	1144	1
966	1144	0
967	1144	0
