0	1148	0
1	1148	0
2	1148	0
3	1148	0
4	1148	1
5	1148	0
6	1148	0
7	1148	0
8	1148	0
10	1148	0
11	1148	0
12	1148	0
13	1148	1
15	1148	0
16	1148	0
17	1148	0
18	1148	0
19	1148	1
20	1148	0
21	1148	0
22	1148	0
23	1148	0
24	1148	0
25	1148	0
27	1148	0
28	1148	0
29	1148	0
30	1148	1
31	1148	1
32	1148	0
33	1148	0
34	1148	0
35	1148	0
36	1148	0
37	1148	0
38	1148	0
39	1148	0
40	1148	0
41	1148	0
42	1148	0
43	1148	0
44	1148	0
45	1148	0
47	1148	0
48	1148	0
49	1148	0
51	1148	0
53	1148	1
55	1148	0
56	1148	0
58	1148	1
59	1148	0
60	1148	0
61	1148	0
62	1148	0
63	1148	0
64	1148	1
65	1148	0
66	1148	0
67	1148	1
68	1148	1
69	1148	0
70	1148	0
71	1148	0
72	1148	0
73	1148	0
74	1148	0
75	1148	0
77	1148	1
78	1148	0
79	1148	1
80	1148	0
81	1148	0
83	1148	1
84	1148	0
85	1148	0
86	1148	0
87	1148	0
89	1148	0
90	1148	0
91	1148	0
92	1148	0
93	1148	0
94	1148	0
95	1148	0
96	1148	0
97	1148	0
98	1148	0
100	1148	0
101	1148	0
102	1148	1
103	1148	0
104	1148	0
105	1148	0
106	1148	1
107	1148	1
108	1148	0
109	1148	0
110	1148	0
111	1148	1
112	1148	0
113	1148	0
114	1148	0
115	1148	1
116	1148	0
117	1148	0
118	1148	0
120	1148	0
121	1148	0
124	1148	0
125	1148	0
129	1148	0
130	1148	0
131	1148	0
132	1148	1
133	1148	1
134	1148	0
135	1148	0
136	1148	0
137	1148	0
138	1148	0
139	1148	0
140	1148	0
141	1148	0
142	1148	0
143	1148	0
144	1148	0
145	1148	0
146	1148	0
147	1148	0
148	1148	0
149	1148	0
150	1148	0
151	1148	0
152	1148	0
153	1148	0
154	1148	0
155	1148	0
156	1148	0
157	1148	0
158	1148	0
159	1148	0
160	1148	0
161	1148	0
162	1148	0
163	1148	0
164	1148	0
165	1148	1
166	1148	0
167	1148	0
168	1148	0
169	1148	0
170	1148	1
171	1148	0
172	1148	0
173	1148	0
174	1148	0
175	1148	0
177	1148	0
178	1148	0
179	1148	0
180	1148	0
181	1148	0
182	1148	0
183	1148	0
184	1148	1
185	1148	0
186	1148	0
187	1148	0
188	1148	1
189	1148	0
190	1148	0
191	1148	0
193	1148	0
194	1148	0
195	1148	0
196	1148	0
197	1148	0
198	1148	0
199	1148	0
200	1148	0
201	1148	0
202	1148	0
203	1148	0
204	1148	0
206	1148	0
207	1148	0
208	1148	0
209	1148	0
210	1148	0
211	1148	0
212	1148	0
213	1148	0
214	1148	0
215	1148	0
216	1148	0
217	1148	0
218	1148	0
219	1148	1
220	1148	1
221	1148	0
222	1148	0
224	1148	0
225	1148	0
227	1148	0
228	1148	0
229	1148	0
230	1148	0
232	1148	0
233	1148	0
235	1148	0
237	1148	0
238	1148	0
239	1148	0
240	1148	1
245	1148	0
246	1148	0
247	1148	1
248	1148	0
249	1148	0
250	1148	0
251	1148	0
252	1148	0
253	1148	1
254	1148	0
255	1148	0
256	1148	1
258	1148	0
259	1148	0
260	1148	0
261	1148	0
262	1148	0
263	1148	0
264	1148	0
265	1148	0
266	1148	0
267	1148	0
268	1148	0
271	1148	0
272	1148	0
273	1148	0
274	1148	0
275	1148	0
276	1148	1
277	1148	0
278	1148	0
280	1148	0
281	1148	0
282	1148	1
283	1148	0
284	1148	0
285	1148	0
287	1148	0
288	1148	0
289	1148	0
290	1148	1
292	1148	1
293	1148	0
295	1148	0
296	1148	0
297	1148	0
298	1148	0
302	1148	0
303	1148	1
304	1148	0
305	1148	0
306	1148	1
308	1148	0
310	1148	0
311	1148	1
312	1148	1
313	1148	0
314	1148	0
315	1148	0
317	1148	1
318	1148	0
321	1148	0
322	1148	0
323	1148	0
324	1148	0
325	1148	0
326	1148	1
327	1148	1
328	1148	0
330	1148	0
331	1148	1
332	1148	0
333	1148	1
334	1148	0
336	1148	0
337	1148	1
338	1148	0
340	1148	0
341	1148	0
344	1148	0
345	1148	0
346	1148	1
347	1148	0
348	1148	0
349	1148	0
350	1148	0
351	1148	0
352	1148	0
353	1148	0
354	1148	1
355	1148	0
356	1148	0
357	1148	0
358	1148	0
359	1148	0
360	1148	0
361	1148	0
362	1148	0
363	1148	1
364	1148	1
365	1148	0
366	1148	1
367	1148	1
369	1148	0
370	1148	0
371	1148	0
372	1148	0
373	1148	0
374	1148	0
375	1148	0
376	1148	0
377	1148	0
378	1148	0
379	1148	0
381	1148	0
382	1148	0
383	1148	0
384	1148	0
385	1148	0
386	1148	1
387	1148	0
388	1148	0
389	1148	0
390	1148	0
391	1148	0
392	1148	0
393	1148	0
394	1148	0
395	1148	0
397	1148	0
398	1148	0
399	1148	0
401	1148	0
402	1148	0
403	1148	0
404	1148	1
405	1148	0
406	1148	0
407	1148	0
408	1148	0
409	1148	0
410	1148	0
412	1148	0
414	1148	1
415	1148	0
416	1148	0
417	1148	0
418	1148	0
419	1148	0
420	1148	0
421	1148	0
422	1148	0
423	1148	0
424	1148	1
425	1148	0
426	1148	0
427	1148	0
428	1148	1
429	1148	0
430	1148	0
432	1148	0
434	1148	0
436	1148	0
438	1148	1
439	1148	0
440	1148	0
441	1148	0
442	1148	0
444	1148	0
445	1148	0
446	1148	0
447	1148	1
449	1148	0
450	1148	0
451	1148	0
452	1148	0
453	1148	1
454	1148	1
455	1148	0
456	1148	0
457	1148	0
458	1148	0
459	1148	0
461	1148	0
462	1148	0
463	1148	1
464	1148	0
465	1148	0
466	1148	0
468	1148	0
469	1148	0
470	1148	0
471	1148	0
472	1148	0
473	1148	0
474	1148	0
475	1148	1
476	1148	1
477	1148	0
478	1148	0
479	1148	1
480	1148	0
481	1148	0
482	1148	1
483	1148	0
484	1148	0
486	1148	0
487	1148	0
488	1148	0
489	1148	0
490	1148	1
492	1148	0
493	1148	0
494	1148	0
496	1148	1
497	1148	0
498	1148	0
499	1148	1
500	1148	0
501	1148	0
502	1148	0
503	1148	0
504	1148	0
505	1148	0
506	1148	0
507	1148	0
508	1148	0
509	1148	0
510	1148	0
511	1148	0
512	1148	0
514	1148	1
515	1148	0
516	1148	1
518	1148	0
519	1148	0
520	1148	1
521	1148	0
522	1148	0
523	1148	0
524	1148	0
525	1148	0
526	1148	0
527	1148	0
528	1148	0
530	1148	0
531	1148	0
533	1148	0
534	1148	0
535	1148	0
536	1148	0
538	1148	0
539	1148	0
541	1148	0
542	1148	0
543	1148	0
544	1148	0
545	1148	0
546	1148	0
547	1148	0
549	1148	0
550	1148	0
551	1148	0
553	1148	0
554	1148	1
555	1148	0
556	1148	0
557	1148	0
558	1148	0
559	1148	0
560	1148	0
561	1148	0
562	1148	0
563	1148	0
565	1148	0
566	1148	0
567	1148	0
568	1148	0
569	1148	0
571	1148	0
573	1148	0
574	1148	0
575	1148	0
576	1148	0
577	1148	0
578	1148	0
580	1148	0
583	1148	0
584	1148	0
585	1148	0
586	1148	0
587	1148	0
588	1148	0
589	1148	0
591	1148	0
593	1148	0
595	1148	0
596	1148	1
597	1148	0
598	1148	0
599	1148	0
600	1148	0
601	1148	0
602	1148	0
604	1148	0
605	1148	1
606	1148	0
607	1148	0
608	1148	0
609	1148	0
611	1148	0
612	1148	0
613	1148	0
614	1148	0
616	1148	0
617	1148	0
618	1148	0
619	1148	0
620	1148	0
621	1148	0
622	1148	0
624	1148	0
625	1148	0
626	1148	1
627	1148	0
628	1148	1
630	1148	0
632	1148	0
633	1148	0
634	1148	0
635	1148	0
636	1148	0
637	1148	0
638	1148	0
639	1148	0
640	1148	0
641	1148	0
642	1148	0
643	1148	0
644	1148	0
645	1148	0
646	1148	0
647	1148	0
648	1148	0
649	1148	1
650	1148	0
651	1148	0
652	1148	0
654	1148	0
655	1148	0
656	1148	0
657	1148	0
659	1148	0
660	1148	0
661	1148	1
662	1148	1
663	1148	0
664	1148	0
665	1148	0
666	1148	0
667	1148	0
668	1148	1
669	1148	0
670	1148	0
671	1148	0
672	1148	1
673	1148	0
674	1148	0
676	1148	0
677	1148	0
678	1148	0
679	1148	0
680	1148	1
681	1148	0
683	1148	0
684	1148	1
685	1148	0
686	1148	0
687	1148	1
688	1148	0
689	1148	0
690	1148	0
691	1148	0
692	1148	0
693	1148	0
694	1148	0
695	1148	0
696	1148	0
697	1148	0
698	1148	1
699	1148	0
700	1148	0
701	1148	0
703	1148	0
705	1148	0
706	1148	0
707	1148	0
709	1148	1
710	1148	0
711	1148	1
712	1148	0
713	1148	0
714	1148	0
715	1148	1
717	1148	0
718	1148	1
719	1148	0
720	1148	0
721	1148	0
722	1148	0
723	1148	0
724	1148	0
725	1148	0
726	1148	1
727	1148	0
728	1148	0
729	1148	0
730	1148	1
732	1148	0
734	1148	0
735	1148	0
736	1148	0
737	1148	0
738	1148	0
739	1148	0
740	1148	1
741	1148	0
742	1148	0
743	1148	1
744	1148	0
745	1148	0
746	1148	0
747	1148	0
748	1148	0
749	1148	1
752	1148	0
753	1148	1
754	1148	0
755	1148	0
756	1148	0
757	1148	0
758	1148	0
759	1148	0
760	1148	0
762	1148	0
764	1148	0
765	1148	0
766	1148	0
767	1148	0
768	1148	0
769	1148	0
770	1148	0
771	1148	0
772	1148	1
773	1148	0
775	1148	0
777	1148	0
778	1148	0
780	1148	0
781	1148	0
782	1148	1
783	1148	0
784	1148	0
786	1148	1
787	1148	1
788	1148	0
790	1148	0
791	1148	0
792	1148	0
793	1148	1
794	1148	0
795	1148	0
796	1148	0
797	1148	1
798	1148	0
799	1148	0
800	1148	0
801	1148	0
802	1148	0
803	1148	0
804	1148	0
806	1148	0
807	1148	0
808	1148	0
810	1148	0
811	1148	0
816	1148	0
818	1148	0
820	1148	0
822	1148	0
823	1148	1
824	1148	1
825	1148	0
826	1148	0
827	1148	0
830	1148	0
831	1148	0
832	1148	0
833	1148	0
835	1148	0
836	1148	0
837	1148	1
838	1148	0
839	1148	0
840	1148	0
843	1148	0
844	1148	0
845	1148	0
848	1148	0
849	1148	0
850	1148	0
851	1148	0
852	1148	0
853	1148	1
854	1148	0
855	1148	0
856	1148	0
857	1148	0
861	1148	0
862	1148	0
863	1148	0
864	1148	0
866	1148	0
867	1148	0
868	1148	0
869	1148	0
871	1148	0
873	1148	0
875	1148	0
876	1148	0
877	1148	0
878	1148	0
880	1148	0
881	1148	0
882	1148	0
883	1148	0
884	1148	0
885	1148	0
887	1148	0
888	1148	0
889	1148	0
890	1148	0
891	1148	0
892	1148	0
893	1148	0
894	1148	1
895	1148	0
896	1148	1
897	1148	0
898	1148	0
899	1148	0
900	1148	0
901	1148	0
903	1148	0
904	1148	1
905	1148	0
907	1148	0
908	1148	0
909	1148	0
910	1148	0
911	1148	0
912	1148	0
913	1148	0
915	1148	0
916	1148	0
917	1148	0
918	1148	1
919	1148	0
920	1148	0
921	1148	1
922	1148	0
923	1148	0
924	1148	0
925	1148	0
926	1148	0
927	1148	0
928	1148	1
929	1148	0
934	1148	0
935	1148	0
936	1148	0
937	1148	0
939	1148	0
940	1148	0
941	1148	0
942	1148	0
943	1148	0
944	1148	0
945	1148	0
946	1148	0
949	1148	0
950	1148	0
952	1148	0
953	1148	0
954	1148	0
955	1148	0
956	1148	1
957	1148	0
958	1148	0
959	1148	0
960	1148	0
961	1148	0
962	1148	0
963	1148	0
964	1148	0
965	1148	0
966	1148	0
967	1148	0
