0	1133	0
1	1133	0
2	1133	0
3	1133	0
4	1133	0
5	1133	0
6	1133	0
7	1133	0
8	1133	1
9	1133	0
10	1133	0
11	1133	0
12	1133	0
13	1133	0
14	1133	0
15	1133	0
16	1133	0
17	1133	1
18	1133	1
19	1133	0
20	1133	0
21	1133	1
22	1133	0
23	1133	0
24	1133	0
26	1133	0
27	1133	1
28	1133	0
29	1133	0
30	1133	0
31	1133	1
32	1133	1
33	1133	0
34	1133	1
35	1133	0
36	1133	0
37	1133	0
38	1133	0
39	1133	0
40	1133	0
42	1133	1
43	1133	0
44	1133	0
45	1133	1
46	1133	0
47	1133	0
48	1133	0
49	1133	0
50	1133	0
51	1133	0
52	1133	0
53	1133	0
54	1133	0
55	1133	0
56	1133	0
57	1133	0
58	1133	0
59	1133	1
60	1133	0
61	1133	0
62	1133	0
64	1133	0
65	1133	0
66	1133	1
67	1133	0
68	1133	0
69	1133	0
70	1133	0
71	1133	1
72	1133	0
73	1133	0
74	1133	0
75	1133	0
76	1133	0
77	1133	0
78	1133	0
79	1133	0
80	1133	0
81	1133	0
82	1133	0
83	1133	0
84	1133	0
85	1133	0
86	1133	0
87	1133	0
88	1133	0
89	1133	0
90	1133	0
91	1133	0
92	1133	0
93	1133	0
94	1133	0
95	1133	0
96	1133	0
97	1133	0
98	1133	0
99	1133	0
100	1133	0
101	1133	0
102	1133	0
103	1133	0
104	1133	0
105	1133	0
106	1133	0
109	1133	1
111	1133	0
112	1133	0
113	1133	0
114	1133	0
115	1133	0
116	1133	0
117	1133	0
118	1133	0
119	1133	0
120	1133	0
121	1133	0
122	1133	0
123	1133	0
124	1133	0
125	1133	0
126	1133	0
127	1133	0
129	1133	0
130	1133	0
131	1133	0
132	1133	0
133	1133	0
134	1133	0
136	1133	0
137	1133	0
138	1133	1
139	1133	0
140	1133	0
141	1133	0
142	1133	0
143	1133	0
144	1133	0
145	1133	1
146	1133	0
147	1133	0
148	1133	0
149	1133	0
150	1133	0
151	1133	1
152	1133	0
153	1133	0
154	1133	0
155	1133	0
156	1133	0
157	1133	0
158	1133	0
159	1133	0
160	1133	1
161	1133	0
162	1133	0
163	1133	1
165	1133	0
166	1133	0
167	1133	0
168	1133	0
169	1133	0
170	1133	1
171	1133	1
172	1133	0
173	1133	0
174	1133	0
175	1133	0
177	1133	0
178	1133	0
179	1133	0
180	1133	0
182	1133	1
183	1133	0
184	1133	0
185	1133	0
186	1133	0
187	1133	0
188	1133	1
189	1133	0
190	1133	1
191	1133	1
192	1133	0
193	1133	0
194	1133	0
195	1133	0
196	1133	1
197	1133	1
198	1133	0
199	1133	0
200	1133	0
201	1133	0
202	1133	1
203	1133	0
204	1133	0
206	1133	1
207	1133	0
208	1133	0
210	1133	0
211	1133	0
212	1133	1
213	1133	0
214	1133	1
215	1133	0
216	1133	0
217	1133	0
218	1133	0
219	1133	0
220	1133	0
222	1133	0
223	1133	1
224	1133	0
225	1133	0
226	1133	0
227	1133	1
228	1133	0
229	1133	0
230	1133	1
231	1133	0
232	1133	0
233	1133	0
234	1133	0
235	1133	0
236	1133	0
237	1133	0
238	1133	0
239	1133	0
240	1133	0
241	1133	0
242	1133	0
244	1133	0
245	1133	0
247	1133	0
248	1133	0
249	1133	0
250	1133	0
251	1133	0
252	1133	0
253	1133	0
254	1133	0
255	1133	0
256	1133	0
258	1133	0
259	1133	0
260	1133	0
261	1133	0
262	1133	0
263	1133	0
264	1133	0
265	1133	0
266	1133	0
267	1133	0
268	1133	0
269	1133	0
270	1133	0
271	1133	0
272	1133	0
273	1133	0
274	1133	0
275	1133	0
276	1133	0
277	1133	0
278	1133	0
279	1133	0
280	1133	0
281	1133	0
282	1133	1
283	1133	0
284	1133	0
285	1133	0
286	1133	0
287	1133	0
288	1133	1
289	1133	1
290	1133	0
291	1133	0
292	1133	0
293	1133	0
294	1133	0
295	1133	0
296	1133	0
297	1133	0
298	1133	0
299	1133	0
300	1133	0
301	1133	0
302	1133	0
303	1133	1
304	1133	0
305	1133	0
306	1133	0
307	1133	0
308	1133	0
309	1133	0
310	1133	0
311	1133	0
312	1133	0
313	1133	0
314	1133	0
315	1133	0
316	1133	0
317	1133	0
318	1133	0
319	1133	0
320	1133	0
321	1133	0
322	1133	0
323	1133	0
324	1133	0
325	1133	0
326	1133	0
327	1133	0
328	1133	1
329	1133	0
330	1133	0
331	1133	0
333	1133	1
335	1133	0
336	1133	0
337	1133	0
338	1133	0
339	1133	0
340	1133	0
342	1133	0
343	1133	0
344	1133	0
346	1133	0
347	1133	0
348	1133	1
349	1133	0
350	1133	0
351	1133	0
352	1133	0
354	1133	0
355	1133	0
357	1133	0
358	1133	0
359	1133	0
360	1133	1
361	1133	1
363	1133	0
364	1133	0
365	1133	0
366	1133	0
367	1133	1
368	1133	0
371	1133	1
372	1133	0
373	1133	1
374	1133	1
377	1133	0
378	1133	0
379	1133	0
380	1133	1
381	1133	0
382	1133	0
383	1133	0
384	1133	0
385	1133	0
386	1133	1
387	1133	1
388	1133	0
389	1133	1
390	1133	0
391	1133	0
393	1133	0
394	1133	0
395	1133	0
396	1133	0
398	1133	0
399	1133	0
400	1133	0
401	1133	0
402	1133	0
403	1133	0
404	1133	1
405	1133	0
406	1133	0
407	1133	0
408	1133	0
409	1133	0
410	1133	0
411	1133	0
412	1133	0
413	1133	0
414	1133	0
415	1133	0
416	1133	0
417	1133	0
418	1133	0
419	1133	0
420	1133	0
421	1133	0
422	1133	0
423	1133	0
424	1133	0
425	1133	0
426	1133	0
427	1133	0
428	1133	0
429	1133	0
431	1133	0
432	1133	1
433	1133	0
434	1133	0
435	1133	0
436	1133	0
437	1133	0
438	1133	0
439	1133	0
440	1133	0
441	1133	0
442	1133	0
443	1133	0
444	1133	0
445	1133	0
446	1133	1
447	1133	0
448	1133	0
449	1133	1
450	1133	0
451	1133	0
452	1133	0
453	1133	0
454	1133	0
455	1133	0
456	1133	0
457	1133	0
458	1133	0
459	1133	0
460	1133	0
461	1133	0
462	1133	0
463	1133	0
464	1133	0
465	1133	1
466	1133	0
467	1133	0
468	1133	0
469	1133	0
470	1133	0
471	1133	0
472	1133	0
473	1133	0
474	1133	0
475	1133	0
476	1133	0
477	1133	0
478	1133	0
480	1133	0
481	1133	0
482	1133	0
483	1133	0
484	1133	0
485	1133	0
486	1133	0
487	1133	0
489	1133	1
490	1133	0
491	1133	0
492	1133	0
493	1133	0
495	1133	0
496	1133	0
497	1133	0
499	1133	0
500	1133	0
501	1133	0
502	1133	0
503	1133	1
505	1133	1
506	1133	0
508	1133	0
509	1133	1
510	1133	0
511	1133	0
512	1133	0
513	1133	0
514	1133	0
515	1133	0
516	1133	0
517	1133	0
518	1133	1
519	1133	1
520	1133	0
521	1133	0
522	1133	1
523	1133	0
524	1133	1
525	1133	0
526	1133	0
527	1133	0
528	1133	0
529	1133	0
531	1133	0
533	1133	0
534	1133	0
536	1133	0
537	1133	0
538	1133	0
540	1133	0
541	1133	0
542	1133	0
543	1133	0
544	1133	0
546	1133	0
547	1133	0
548	1133	0
549	1133	0
550	1133	0
551	1133	0
553	1133	0
554	1133	0
555	1133	0
556	1133	0
557	1133	0
558	1133	0
559	1133	0
560	1133	0
561	1133	0
562	1133	0
563	1133	0
564	1133	0
565	1133	0
566	1133	0
567	1133	0
568	1133	0
569	1133	0
570	1133	0
571	1133	0
572	1133	0
573	1133	0
574	1133	0
575	1133	0
576	1133	0
577	1133	0
578	1133	0
579	1133	0
580	1133	0
582	1133	0
583	1133	0
584	1133	0
585	1133	0
586	1133	0
587	1133	0
588	1133	1
589	1133	0
590	1133	0
591	1133	0
592	1133	0
593	1133	0
594	1133	0
595	1133	0
596	1133	0
597	1133	0
598	1133	0
599	1133	0
600	1133	0
601	1133	0
602	1133	0
604	1133	0
605	1133	0
606	1133	0
607	1133	0
608	1133	0
609	1133	0
611	1133	0
612	1133	1
613	1133	0
614	1133	1
615	1133	0
616	1133	0
617	1133	0
618	1133	0
619	1133	0
620	1133	0
621	1133	0
622	1133	0
624	1133	0
625	1133	0
626	1133	0
627	1133	0
628	1133	0
630	1133	0
631	1133	0
632	1133	0
633	1133	0
635	1133	0
636	1133	0
637	1133	1
640	1133	1
641	1133	0
642	1133	0
643	1133	1
644	1133	0
645	1133	0
646	1133	0
647	1133	0
648	1133	0
649	1133	0
650	1133	0
651	1133	1
652	1133	1
653	1133	0
654	1133	0
655	1133	0
656	1133	1
657	1133	0
658	1133	0
659	1133	0
660	1133	0
661	1133	1
662	1133	0
663	1133	0
664	1133	1
666	1133	1
667	1133	1
668	1133	0
669	1133	0
670	1133	0
671	1133	0
672	1133	0
673	1133	1
674	1133	0
675	1133	0
676	1133	0
677	1133	0
678	1133	1
679	1133	0
680	1133	0
681	1133	0
682	1133	0
683	1133	0
684	1133	0
685	1133	0
686	1133	0
687	1133	0
688	1133	0
689	1133	0
690	1133	0
691	1133	0
692	1133	1
693	1133	0
694	1133	1
695	1133	1
696	1133	0
697	1133	0
698	1133	0
699	1133	0
700	1133	0
701	1133	0
702	1133	0
703	1133	1
704	1133	0
705	1133	0
706	1133	0
707	1133	0
708	1133	0
709	1133	0
710	1133	0
711	1133	0
712	1133	0
713	1133	0
714	1133	0
715	1133	0
716	1133	0
717	1133	0
718	1133	0
719	1133	0
720	1133	0
721	1133	0
722	1133	0
723	1133	0
724	1133	0
725	1133	0
726	1133	0
727	1133	0
728	1133	0
730	1133	0
731	1133	0
732	1133	0
733	1133	0
734	1133	0
735	1133	0
736	1133	0
737	1133	1
738	1133	1
739	1133	0
740	1133	0
741	1133	0
742	1133	0
743	1133	0
744	1133	0
745	1133	0
746	1133	0
747	1133	0
748	1133	1
749	1133	1
750	1133	1
751	1133	0
752	1133	0
753	1133	0
754	1133	0
755	1133	0
756	1133	0
757	1133	0
758	1133	0
759	1133	1
760	1133	0
761	1133	0
762	1133	0
763	1133	0
764	1133	0
765	1133	0
767	1133	0
768	1133	0
769	1133	0
770	1133	0
771	1133	0
772	1133	0
773	1133	0
774	1133	1
775	1133	0
776	1133	0
777	1133	0
778	1133	0
779	1133	0
780	1133	0
782	1133	0
783	1133	0
784	1133	1
785	1133	0
786	1133	0
787	1133	0
788	1133	0
789	1133	0
790	1133	0
791	1133	0
793	1133	0
794	1133	0
795	1133	0
796	1133	1
797	1133	0
798	1133	0
799	1133	0
800	1133	0
801	1133	0
802	1133	0
803	1133	0
804	1133	0
806	1133	0
807	1133	0
808	1133	0
809	1133	0
810	1133	0
811	1133	1
812	1133	0
813	1133	0
814	1133	0
816	1133	0
817	1133	1
818	1133	0
819	1133	0
820	1133	0
821	1133	0
822	1133	0
823	1133	0
824	1133	0
825	1133	0
826	1133	0
827	1133	1
828	1133	0
829	1133	1
830	1133	1
831	1133	1
832	1133	1
833	1133	1
834	1133	1
835	1133	0
836	1133	0
837	1133	0
839	1133	1
840	1133	0
841	1133	0
842	1133	0
843	1133	0
844	1133	0
845	1133	0
846	1133	0
847	1133	0
848	1133	0
849	1133	0
850	1133	0
851	1133	0
852	1133	0
853	1133	0
854	1133	0
855	1133	0
856	1133	0
857	1133	0
858	1133	0
859	1133	0
860	1133	0
861	1133	0
862	1133	0
863	1133	0
864	1133	0
865	1133	0
866	1133	0
867	1133	0
868	1133	0
869	1133	0
870	1133	1
872	1133	0
873	1133	0
874	1133	0
875	1133	0
876	1133	0
877	1133	0
878	1133	0
879	1133	0
880	1133	0
881	1133	0
882	1133	0
883	1133	0
884	1133	0
885	1133	0
886	1133	0
887	1133	1
888	1133	0
889	1133	0
890	1133	0
891	1133	1
892	1133	0
893	1133	0
894	1133	0
895	1133	0
896	1133	0
897	1133	0
898	1133	0
900	1133	1
901	1133	0
902	1133	0
903	1133	1
904	1133	0
905	1133	0
906	1133	0
907	1133	0
908	1133	1
909	1133	0
910	1133	0
911	1133	0
912	1133	1
913	1133	0
914	1133	0
916	1133	0
917	1133	1
918	1133	0
919	1133	0
920	1133	0
921	1133	0
922	1133	0
923	1133	0
924	1133	1
925	1133	0
926	1133	0
927	1133	0
928	1133	1
930	1133	0
931	1133	0
933	1133	0
934	1133	0
935	1133	0
936	1133	0
937	1133	0
938	1133	0
939	1133	0
940	1133	0
941	1133	0
942	1133	0
943	1133	0
944	1133	0
945	1133	0
946	1133	0
947	1133	0
948	1133	0
949	1133	0
950	1133	0
952	1133	0
953	1133	0
954	1133	0
955	1133	0
956	1133	1
958	1133	0
959	1133	0
961	1133	0
962	1133	0
963	1133	1
964	1133	0
965	1133	1
967	1133	0
