0	1103	0
1	1103	0
2	1103	0
3	1103	0
4	1103	0
5	1103	0
6	1103	0
7	1103	0
8	1103	1
9	1103	0
10	1103	0
11	1103	0
12	1103	0
13	1103	0
14	1103	0
15	1103	0
16	1103	0
17	1103	0
18	1103	0
19	1103	0
20	1103	0
21	1103	1
22	1103	0
23	1103	0
24	1103	0
26	1103	0
27	1103	0
28	1103	0
29	1103	0
30	1103	0
31	1103	1
32	1103	1
33	1103	1
34	1103	1
35	1103	0
36	1103	0
37	1103	0
38	1103	0
39	1103	0
40	1103	0
42	1103	0
43	1103	0
44	1103	0
45	1103	0
46	1103	0
47	1103	0
48	1103	0
49	1103	0
50	1103	0
51	1103	0
52	1103	0
53	1103	0
54	1103	0
55	1103	0
56	1103	0
57	1103	0
58	1103	0
59	1103	1
60	1103	0
61	1103	0
62	1103	0
64	1103	0
65	1103	0
66	1103	0
67	1103	0
68	1103	0
69	1103	0
70	1103	1
71	1103	0
72	1103	0
73	1103	0
74	1103	0
75	1103	0
76	1103	0
77	1103	0
78	1103	0
79	1103	0
80	1103	0
81	1103	0
82	1103	0
83	1103	0
84	1103	0
85	1103	0
86	1103	0
87	1103	0
88	1103	0
89	1103	0
90	1103	0
91	1103	0
92	1103	0
93	1103	0
94	1103	0
95	1103	0
96	1103	1
97	1103	0
98	1103	0
99	1103	0
100	1103	1
101	1103	0
102	1103	0
103	1103	0
104	1103	0
105	1103	0
106	1103	0
109	1103	0
111	1103	0
112	1103	0
113	1103	0
114	1103	0
115	1103	0
116	1103	0
117	1103	0
118	1103	0
119	1103	0
120	1103	0
121	1103	0
122	1103	0
123	1103	0
124	1103	0
125	1103	0
126	1103	0
127	1103	0
129	1103	0
130	1103	0
131	1103	0
132	1103	0
133	1103	0
134	1103	0
136	1103	1
137	1103	0
138	1103	0
139	1103	0
140	1103	0
141	1103	0
142	1103	0
143	1103	0
144	1103	0
145	1103	1
146	1103	0
147	1103	0
148	1103	0
149	1103	0
150	1103	0
151	1103	0
152	1103	0
153	1103	0
154	1103	0
155	1103	0
156	1103	0
157	1103	0
158	1103	0
159	1103	0
160	1103	1
161	1103	0
162	1103	0
163	1103	0
165	1103	0
166	1103	0
167	1103	0
168	1103	0
169	1103	0
170	1103	0
171	1103	0
172	1103	1
173	1103	0
174	1103	0
175	1103	0
177	1103	0
178	1103	0
179	1103	0
180	1103	0
182	1103	0
183	1103	0
184	1103	0
185	1103	0
186	1103	0
187	1103	0
188	1103	1
189	1103	0
190	1103	0
191	1103	1
192	1103	0
193	1103	0
194	1103	0
195	1103	0
196	1103	1
197	1103	1
198	1103	1
199	1103	0
200	1103	0
201	1103	0
202	1103	1
203	1103	0
204	1103	0
206	1103	1
207	1103	0
208	1103	1
210	1103	0
211	1103	1
212	1103	0
213	1103	0
214	1103	1
215	1103	0
216	1103	0
217	1103	0
218	1103	0
219	1103	0
220	1103	0
222	1103	0
223	1103	0
224	1103	0
225	1103	0
226	1103	0
227	1103	1
228	1103	0
229	1103	0
230	1103	0
231	1103	0
232	1103	0
233	1103	0
234	1103	0
235	1103	0
236	1103	0
237	1103	0
238	1103	0
239	1103	0
240	1103	0
241	1103	0
242	1103	0
244	1103	0
245	1103	0
247	1103	0
248	1103	0
249	1103	0
250	1103	0
251	1103	0
252	1103	0
253	1103	0
254	1103	0
255	1103	1
256	1103	0
258	1103	0
259	1103	0
260	1103	0
261	1103	0
262	1103	0
263	1103	0
264	1103	0
265	1103	0
266	1103	0
267	1103	0
268	1103	0
269	1103	1
270	1103	0
271	1103	0
272	1103	0
273	1103	0
274	1103	0
275	1103	0
276	1103	0
277	1103	0
278	1103	0
279	1103	0
280	1103	0
281	1103	0
282	1103	0
283	1103	0
284	1103	0
285	1103	0
286	1103	0
287	1103	0
288	1103	0
289	1103	1
290	1103	0
291	1103	0
292	1103	0
293	1103	0
294	1103	0
295	1103	0
296	1103	0
297	1103	0
298	1103	0
299	1103	0
300	1103	0
301	1103	0
302	1103	0
303	1103	0
304	1103	0
305	1103	0
306	1103	0
307	1103	0
308	1103	0
309	1103	0
310	1103	0
311	1103	0
312	1103	0
313	1103	0
314	1103	0
315	1103	0
316	1103	0
317	1103	0
318	1103	0
319	1103	0
320	1103	0
321	1103	0
322	1103	0
323	1103	0
324	1103	0
325	1103	0
326	1103	0
327	1103	0
328	1103	0
329	1103	0
330	1103	0
331	1103	0
333	1103	0
335	1103	0
336	1103	0
337	1103	0
338	1103	0
339	1103	0
340	1103	0
342	1103	0
343	1103	0
344	1103	0
346	1103	0
347	1103	0
348	1103	0
349	1103	0
350	1103	0
351	1103	0
352	1103	0
354	1103	0
355	1103	0
357	1103	0
358	1103	0
359	1103	0
360	1103	0
361	1103	1
363	1103	1
364	1103	0
365	1103	0
366	1103	0
367	1103	0
368	1103	0
371	1103	0
372	1103	0
373	1103	1
374	1103	1
377	1103	0
378	1103	1
379	1103	0
380	1103	0
381	1103	0
382	1103	0
383	1103	0
384	1103	0
385	1103	0
386	1103	0
387	1103	0
388	1103	0
389	1103	0
390	1103	0
391	1103	0
393	1103	0
394	1103	0
395	1103	1
396	1103	0
398	1103	0
399	1103	0
400	1103	0
401	1103	0
402	1103	0
403	1103	0
404	1103	1
405	1103	0
406	1103	0
407	1103	1
408	1103	0
409	1103	0
410	1103	0
411	1103	0
412	1103	0
413	1103	0
414	1103	0
415	1103	0
416	1103	0
417	1103	0
418	1103	0
419	1103	0
420	1103	0
421	1103	0
422	1103	0
423	1103	0
424	1103	1
425	1103	0
426	1103	0
427	1103	0
428	1103	0
429	1103	0
431	1103	0
432	1103	0
433	1103	0
434	1103	0
435	1103	0
436	1103	1
437	1103	0
438	1103	0
439	1103	0
440	1103	0
441	1103	0
442	1103	0
443	1103	0
444	1103	0
445	1103	0
446	1103	0
447	1103	0
448	1103	0
449	1103	0
450	1103	0
451	1103	0
452	1103	0
453	1103	0
454	1103	0
455	1103	0
456	1103	0
457	1103	0
458	1103	0
459	1103	0
460	1103	0
461	1103	0
462	1103	0
463	1103	0
464	1103	1
465	1103	1
466	1103	0
467	1103	0
468	1103	0
469	1103	0
470	1103	0
471	1103	0
472	1103	0
473	1103	0
474	1103	0
475	1103	0
476	1103	0
477	1103	0
478	1103	0
480	1103	0
481	1103	0
482	1103	0
483	1103	0
484	1103	0
485	1103	0
486	1103	0
487	1103	0
489	1103	1
490	1103	0
491	1103	0
492	1103	0
493	1103	0
495	1103	0
496	1103	1
497	1103	1
499	1103	0
500	1103	0
501	1103	0
502	1103	0
503	1103	1
505	1103	1
506	1103	0
508	1103	0
509	1103	0
510	1103	0
511	1103	0
512	1103	0
513	1103	0
514	1103	0
515	1103	0
516	1103	0
517	1103	0
518	1103	1
519	1103	0
520	1103	1
521	1103	0
522	1103	0
523	1103	0
524	1103	1
525	1103	1
526	1103	0
527	1103	0
528	1103	0
529	1103	0
531	1103	0
533	1103	1
534	1103	0
536	1103	0
537	1103	0
538	1103	0
540	1103	0
541	1103	0
542	1103	0
543	1103	0
544	1103	0
546	1103	0
547	1103	0
548	1103	0
549	1103	0
550	1103	0
551	1103	0
553	1103	0
554	1103	0
555	1103	0
556	1103	0
557	1103	0
558	1103	0
559	1103	0
560	1103	0
561	1103	0
562	1103	0
563	1103	0
564	1103	0
565	1103	0
566	1103	0
567	1103	0
568	1103	0
569	1103	0
570	1103	0
571	1103	0
572	1103	0
573	1103	0
574	1103	0
575	1103	0
576	1103	0
577	1103	0
578	1103	0
579	1103	0
580	1103	0
582	1103	0
583	1103	0
584	1103	0
585	1103	0
586	1103	1
587	1103	0
588	1103	0
589	1103	0
590	1103	0
591	1103	0
592	1103	0
593	1103	0
594	1103	0
595	1103	0
596	1103	0
597	1103	0
598	1103	0
599	1103	0
600	1103	0
601	1103	0
602	1103	0
604	1103	0
605	1103	0
606	1103	0
607	1103	0
608	1103	0
609	1103	0
611	1103	0
612	1103	0
613	1103	0
614	1103	1
615	1103	0
616	1103	0
617	1103	0
618	1103	0
619	1103	0
620	1103	0
621	1103	0
622	1103	0
624	1103	0
625	1103	0
626	1103	0
627	1103	0
628	1103	0
630	1103	0
632	1103	0
633	1103	0
635	1103	0
636	1103	0
637	1103	0
640	1103	0
641	1103	0
642	1103	0
643	1103	0
644	1103	0
645	1103	1
646	1103	0
647	1103	0
648	1103	0
649	1103	1
650	1103	0
651	1103	0
652	1103	1
653	1103	0
654	1103	0
655	1103	0
656	1103	1
657	1103	1
658	1103	0
659	1103	0
660	1103	0
661	1103	1
662	1103	1
663	1103	0
664	1103	1
666	1103	1
667	1103	0
668	1103	0
669	1103	0
670	1103	0
671	1103	0
672	1103	0
673	1103	0
674	1103	0
675	1103	0
676	1103	0
677	1103	0
678	1103	0
679	1103	0
680	1103	0
681	1103	0
682	1103	0
683	1103	0
684	1103	0
685	1103	0
686	1103	0
687	1103	0
688	1103	0
689	1103	0
690	1103	0
691	1103	0
692	1103	1
693	1103	0
694	1103	0
695	1103	1
696	1103	0
697	1103	0
698	1103	0
699	1103	0
700	1103	0
701	1103	0
702	1103	0
703	1103	0
704	1103	0
705	1103	0
706	1103	0
707	1103	0
708	1103	0
709	1103	0
710	1103	0
711	1103	0
712	1103	0
713	1103	1
714	1103	0
715	1103	1
716	1103	0
717	1103	0
718	1103	0
719	1103	0
720	1103	0
721	1103	1
722	1103	0
723	1103	0
724	1103	0
725	1103	0
726	1103	0
727	1103	1
728	1103	0
730	1103	0
731	1103	0
732	1103	0
733	1103	0
734	1103	0
735	1103	0
736	1103	0
737	1103	1
738	1103	1
739	1103	0
740	1103	0
741	1103	0
742	1103	1
743	1103	0
744	1103	0
745	1103	0
746	1103	0
747	1103	0
748	1103	1
749	1103	0
750	1103	1
751	1103	0
752	1103	0
753	1103	1
754	1103	0
755	1103	0
756	1103	0
757	1103	0
758	1103	0
759	1103	0
760	1103	0
761	1103	0
762	1103	0
763	1103	0
764	1103	0
765	1103	0
767	1103	0
768	1103	0
769	1103	0
770	1103	0
771	1103	0
772	1103	1
773	1103	0
774	1103	1
775	1103	0
776	1103	0
777	1103	0
778	1103	0
779	1103	0
780	1103	0
782	1103	0
783	1103	0
784	1103	0
785	1103	0
786	1103	0
787	1103	0
788	1103	0
789	1103	0
790	1103	0
791	1103	0
793	1103	0
794	1103	0
795	1103	0
796	1103	0
797	1103	0
798	1103	0
799	1103	0
800	1103	0
801	1103	0
802	1103	0
803	1103	0
804	1103	0
806	1103	0
807	1103	0
808	1103	1
809	1103	0
810	1103	0
811	1103	0
812	1103	0
813	1103	0
814	1103	0
816	1103	1
817	1103	1
818	1103	1
819	1103	0
820	1103	0
821	1103	0
822	1103	0
823	1103	0
824	1103	0
825	1103	0
826	1103	0
827	1103	1
828	1103	0
829	1103	0
830	1103	1
831	1103	0
832	1103	0
833	1103	1
834	1103	1
835	1103	0
836	1103	1
837	1103	1
839	1103	1
840	1103	0
841	1103	0
842	1103	0
843	1103	0
844	1103	0
845	1103	0
846	1103	0
847	1103	0
848	1103	0
849	1103	0
850	1103	0
851	1103	0
852	1103	0
853	1103	0
854	1103	0
855	1103	0
856	1103	0
857	1103	0
858	1103	0
859	1103	0
860	1103	0
861	1103	0
862	1103	1
863	1103	0
864	1103	0
865	1103	0
866	1103	0
867	1103	0
868	1103	0
869	1103	0
870	1103	1
872	1103	0
873	1103	0
874	1103	0
875	1103	0
876	1103	0
877	1103	0
878	1103	0
879	1103	0
880	1103	0
881	1103	0
882	1103	0
883	1103	0
884	1103	0
885	1103	0
886	1103	0
887	1103	0
888	1103	0
889	1103	0
890	1103	0
891	1103	0
892	1103	0
893	1103	0
894	1103	0
895	1103	0
896	1103	0
897	1103	0
898	1103	0
900	1103	1
901	1103	0
902	1103	0
903	1103	1
904	1103	0
905	1103	0
906	1103	0
907	1103	0
908	1103	1
909	1103	0
910	1103	0
911	1103	0
912	1103	1
913	1103	1
914	1103	0
916	1103	0
917	1103	0
918	1103	0
919	1103	0
920	1103	0
921	1103	0
922	1103	0
923	1103	0
924	1103	0
925	1103	0
926	1103	0
927	1103	0
928	1103	0
930	1103	0
931	1103	0
933	1103	0
934	1103	0
935	1103	0
936	1103	0
937	1103	1
938	1103	0
939	1103	0
940	1103	0
941	1103	0
942	1103	0
943	1103	1
944	1103	0
945	1103	0
946	1103	0
947	1103	0
948	1103	0
949	1103	0
950	1103	0
952	1103	0
953	1103	0
954	1103	0
955	1103	0
956	1103	0
958	1103	0
959	1103	0
961	1103	0
962	1103	0
963	1103	0
964	1103	0
965	1103	1
967	1103	0
