1	1220	0
2	1220	0
3	1220	0
4	1220	1
5	1220	0
6	1220	0
7	1220	0
8	1220	1
9	1220	0
10	1220	1
11	1220	1
12	1220	0
13	1220	1
14	1220	0
15	1220	0
16	1220	0
17	1220	0
18	1220	1
19	1220	1
20	1220	0
21	1220	0
22	1220	0
23	1220	1
24	1220	0
25	1220	0
26	1220	1
27	1220	0
28	1220	0
29	1220	0
31	1220	0
32	1220	0
33	1220	0
34	1220	0
35	1220	0
36	1220	0
37	1220	0
38	1220	0
39	1220	0
40	1220	0
41	1220	0
42	1220	0
43	1220	0
44	1220	1
45	1220	1
46	1220	1
47	1220	0
48	1220	0
49	1220	0
50	1220	0
51	1220	0
52	1220	0
53	1220	1
54	1220	0
55	1220	0
56	1220	0
58	1220	0
59	1220	0
60	1220	0
61	1220	0
62	1220	0
63	1220	0
64	1220	0
65	1220	0
66	1220	0
67	1220	0
68	1220	1
69	1220	0
70	1220	0
71	1220	0
72	1220	0
73	1220	0
74	1220	0
75	1220	0
77	1220	0
78	1220	0
79	1220	0
80	1220	0
81	1220	0
82	1220	0
83	1220	0
84	1220	0
85	1220	0
86	1220	0
87	1220	0
88	1220	0
89	1220	0
90	1220	0
91	1220	0
93	1220	0
94	1220	0
95	1220	0
96	1220	0
97	1220	0
98	1220	0
99	1220	0
100	1220	0
101	1220	0
102	1220	0
103	1220	0
104	1220	0
105	1220	1
106	1220	0
107	1220	1
108	1220	0
109	1220	0
110	1220	1
111	1220	1
112	1220	0
113	1220	0
114	1220	0
115	1220	1
116	1220	0
117	1220	0
118	1220	1
119	1220	0
120	1220	1
121	1220	0
122	1220	1
123	1220	0
124	1220	0
125	1220	0
128	1220	0
129	1220	0
130	1220	0
131	1220	0
132	1220	1
133	1220	1
134	1220	0
135	1220	0
136	1220	0
137	1220	0
138	1220	0
139	1220	0
140	1220	0
141	1220	0
142	1220	0
143	1220	0
144	1220	0
145	1220	0
146	1220	0
147	1220	0
148	1220	1
150	1220	0
151	1220	0
152	1220	1
153	1220	1
154	1220	0
155	1220	0
156	1220	0
157	1220	0
158	1220	0
159	1220	0
161	1220	0
162	1220	0
163	1220	0
165	1220	0
166	1220	0
167	1220	1
168	1220	0
169	1220	1
170	1220	1
171	1220	0
172	1220	0
173	1220	1
174	1220	0
175	1220	0
177	1220	0
178	1220	0
179	1220	0
180	1220	0
181	1220	0
182	1220	0
183	1220	0
184	1220	0
185	1220	0
186	1220	1
187	1220	0
188	1220	1
189	1220	0
190	1220	1
191	1220	0
192	1220	0
193	1220	1
194	1220	0
195	1220	0
196	1220	0
197	1220	0
198	1220	0
199	1220	0
200	1220	0
201	1220	0
202	1220	0
203	1220	0
204	1220	1
206	1220	0
207	1220	0
208	1220	0
209	1220	0
210	1220	0
211	1220	0
212	1220	0
213	1220	0
214	1220	0
215	1220	0
216	1220	1
217	1220	0
218	1220	0
219	1220	1
220	1220	1
221	1220	0
222	1220	0
223	1220	0
224	1220	1
226	1220	0
227	1220	0
228	1220	1
230	1220	0
231	1220	0
232	1220	0
233	1220	1
234	1220	0
235	1220	0
236	1220	0
237	1220	0
238	1220	0
239	1220	0
240	1220	0
241	1220	0
242	1220	0
243	1220	0
244	1220	0
245	1220	0
246	1220	0
247	1220	0
249	1220	0
250	1220	0
251	1220	0
252	1220	0
253	1220	0
254	1220	0
255	1220	0
256	1220	1
257	1220	0
258	1220	0
259	1220	1
260	1220	0
261	1220	0
262	1220	0
263	1220	0
264	1220	0
265	1220	0
266	1220	0
267	1220	0
268	1220	0
270	1220	0
271	1220	0
272	1220	0
273	1220	0
274	1220	0
275	1220	0
277	1220	0
278	1220	0
280	1220	0
281	1220	0
282	1220	0
283	1220	0
284	1220	0
285	1220	0
286	1220	0
287	1220	0
288	1220	0
289	1220	0
290	1220	0
291	1220	0
292	1220	0
293	1220	1
294	1220	0
295	1220	0
296	1220	0
297	1220	0
298	1220	0
300	1220	0
301	1220	0
302	1220	0
303	1220	0
304	1220	0
305	1220	0
306	1220	0
307	1220	1
308	1220	0
309	1220	1
310	1220	0
311	1220	0
312	1220	1
313	1220	0
314	1220	0
315	1220	0
316	1220	1
317	1220	0
318	1220	0
320	1220	1
321	1220	0
322	1220	0
323	1220	0
324	1220	0
325	1220	0
326	1220	0
327	1220	0
328	1220	0
329	1220	0
330	1220	1
331	1220	1
332	1220	0
333	1220	1
334	1220	0
336	1220	1
337	1220	0
338	1220	1
339	1220	0
340	1220	0
341	1220	0
342	1220	0
343	1220	0
344	1220	0
345	1220	0
346	1220	0
347	1220	0
348	1220	0
349	1220	0
350	1220	0
351	1220	0
352	1220	0
353	1220	0
355	1220	0
356	1220	0
357	1220	0
358	1220	0
359	1220	0
360	1220	0
361	1220	0
362	1220	0
363	1220	0
364	1220	1
365	1220	0
366	1220	1
367	1220	1
368	1220	0
369	1220	0
370	1220	0
371	1220	0
372	1220	0
373	1220	0
374	1220	0
375	1220	1
376	1220	0
377	1220	0
378	1220	0
379	1220	0
380	1220	1
381	1220	0
382	1220	0
383	1220	0
384	1220	0
385	1220	0
386	1220	0
388	1220	0
389	1220	0
391	1220	0
392	1220	0
393	1220	0
394	1220	0
395	1220	0
396	1220	0
397	1220	0
398	1220	0
399	1220	0
400	1220	1
401	1220	0
402	1220	0
403	1220	0
404	1220	0
405	1220	0
406	1220	0
407	1220	0
408	1220	0
410	1220	0
411	1220	0
412	1220	0
413	1220	0
414	1220	0
415	1220	0
416	1220	0
417	1220	0
418	1220	0
419	1220	0
420	1220	0
421	1220	0
422	1220	0
423	1220	0
424	1220	0
425	1220	0
426	1220	0
427	1220	0
428	1220	0
429	1220	0
430	1220	0
431	1220	0
432	1220	0
433	1220	1
434	1220	0
435	1220	0
436	1220	0
437	1220	0
438	1220	1
439	1220	0
440	1220	0
441	1220	0
442	1220	0
443	1220	0
444	1220	0
445	1220	0
446	1220	0
447	1220	0
448	1220	1
449	1220	0
450	1220	0
451	1220	0
452	1220	0
453	1220	1
454	1220	0
455	1220	0
456	1220	0
457	1220	0
458	1220	1
459	1220	0
460	1220	0
461	1220	0
462	1220	0
463	1220	1
464	1220	0
465	1220	0
466	1220	0
467	1220	0
468	1220	0
469	1220	0
470	1220	0
471	1220	0
472	1220	0
473	1220	0
474	1220	0
475	1220	1
476	1220	0
477	1220	0
478	1220	0
479	1220	1
480	1220	0
481	1220	0
482	1220	0
483	1220	0
484	1220	0
485	1220	0
486	1220	0
487	1220	0
488	1220	0
489	1220	0
490	1220	0
491	1220	0
493	1220	0
494	1220	0
495	1220	0
496	1220	0
497	1220	0
499	1220	1
500	1220	0
501	1220	0
502	1220	0
503	1220	0
504	1220	0
505	1220	0
506	1220	0
507	1220	1
508	1220	0
509	1220	0
510	1220	0
511	1220	0
512	1220	0
513	1220	0
514	1220	0
515	1220	1
516	1220	1
517	1220	1
518	1220	0
519	1220	0
520	1220	0
521	1220	0
522	1220	0
523	1220	0
524	1220	0
525	1220	0
526	1220	0
527	1220	0
529	1220	1
530	1220	0
531	1220	0
533	1220	0
534	1220	0
535	1220	0
536	1220	0
537	1220	0
538	1220	0
539	1220	0
540	1220	0
541	1220	0
542	1220	1
543	1220	0
544	1220	0
545	1220	0
546	1220	0
547	1220	0
548	1220	0
549	1220	0
550	1220	0
551	1220	0
553	1220	0
554	1220	1
555	1220	0
556	1220	0
557	1220	0
558	1220	0
560	1220	0
561	1220	0
562	1220	1
563	1220	0
564	1220	0
565	1220	0
566	1220	0
567	1220	0
568	1220	0
569	1220	0
570	1220	0
571	1220	0
572	1220	0
574	1220	0
575	1220	0
576	1220	0
577	1220	0
578	1220	0
579	1220	0
581	1220	0
582	1220	0
583	1220	0
584	1220	1
585	1220	0
586	1220	0
587	1220	1
588	1220	0
589	1220	0
590	1220	0
591	1220	0
593	1220	0
595	1220	0
596	1220	0
597	1220	0
598	1220	0
599	1220	0
600	1220	0
601	1220	0
602	1220	0
604	1220	0
605	1220	0
606	1220	0
607	1220	0
608	1220	0
609	1220	0
611	1220	0
612	1220	1
614	1220	0
615	1220	0
616	1220	0
617	1220	0
618	1220	0
619	1220	0
621	1220	1
622	1220	0
624	1220	0
625	1220	0
626	1220	0
627	1220	0
628	1220	0
630	1220	0
632	1220	1
633	1220	0
634	1220	0
635	1220	0
636	1220	0
637	1220	0
638	1220	0
639	1220	0
640	1220	0
641	1220	0
642	1220	0
645	1220	0
646	1220	1
647	1220	0
648	1220	0
649	1220	0
651	1220	1
652	1220	0
653	1220	0
654	1220	0
655	1220	1
656	1220	0
657	1220	0
658	1220	0
659	1220	0
660	1220	0
661	1220	0
662	1220	0
663	1220	0
664	1220	0
666	1220	0
667	1220	0
668	1220	0
669	1220	0
670	1220	0
671	1220	0
672	1220	0
673	1220	0
674	1220	0
675	1220	0
676	1220	0
677	1220	0
678	1220	0
679	1220	1
680	1220	0
681	1220	0
682	1220	0
683	1220	0
684	1220	0
685	1220	0
686	1220	0
687	1220	0
688	1220	0
689	1220	0
690	1220	0
691	1220	0
692	1220	0
693	1220	0
694	1220	0
696	1220	0
697	1220	0
698	1220	0
699	1220	0
701	1220	0
702	1220	0
703	1220	0
704	1220	0
705	1220	0
706	1220	0
707	1220	0
708	1220	0
709	1220	0
710	1220	0
711	1220	0
712	1220	0
713	1220	0
714	1220	0
715	1220	0
716	1220	1
717	1220	0
718	1220	0
719	1220	0
720	1220	0
721	1220	0
722	1220	0
723	1220	1
724	1220	0
725	1220	0
726	1220	0
727	1220	0
728	1220	0
729	1220	0
730	1220	0
731	1220	0
732	1220	0
733	1220	0
734	1220	0
735	1220	0
736	1220	1
737	1220	0
738	1220	0
739	1220	0
740	1220	0
741	1220	0
742	1220	0
743	1220	0
744	1220	0
745	1220	0
746	1220	0
747	1220	0
748	1220	0
749	1220	1
750	1220	0
751	1220	0
752	1220	0
753	1220	1
754	1220	0
755	1220	0
756	1220	0
757	1220	0
758	1220	0
759	1220	0
760	1220	0
761	1220	0
762	1220	0
764	1220	0
765	1220	0
766	1220	0
767	1220	1
768	1220	0
769	1220	0
770	1220	1
771	1220	0
772	1220	1
773	1220	0
775	1220	0
776	1220	0
777	1220	0
778	1220	0
779	1220	0
780	1220	0
781	1220	0
782	1220	0
783	1220	1
784	1220	0
785	1220	0
786	1220	1
787	1220	0
788	1220	1
789	1220	1
790	1220	1
791	1220	0
792	1220	0
793	1220	1
794	1220	0
795	1220	0
796	1220	0
797	1220	0
798	1220	0
799	1220	0
800	1220	0
801	1220	0
802	1220	0
803	1220	0
804	1220	0
805	1220	0
806	1220	0
807	1220	0
808	1220	0
809	1220	0
810	1220	0
811	1220	1
812	1220	0
814	1220	0
816	1220	0
817	1220	0
818	1220	0
819	1220	0
820	1220	0
822	1220	0
823	1220	0
824	1220	0
825	1220	0
826	1220	1
827	1220	0
829	1220	0
830	1220	0
831	1220	0
832	1220	1
833	1220	0
834	1220	0
835	1220	0
836	1220	0
838	1220	0
839	1220	0
840	1220	0
841	1220	0
842	1220	0
843	1220	0
844	1220	0
845	1220	0
846	1220	0
847	1220	0
848	1220	0
849	1220	0
850	1220	0
851	1220	0
852	1220	0
853	1220	0
854	1220	0
855	1220	0
856	1220	0
857	1220	1
858	1220	0
859	1220	1
860	1220	0
861	1220	0
862	1220	0
863	1220	0
864	1220	1
865	1220	1
866	1220	0
867	1220	0
868	1220	0
869	1220	0
870	1220	0
871	1220	0
872	1220	0
873	1220	0
874	1220	0
875	1220	0
876	1220	0
877	1220	0
878	1220	0
880	1220	0
881	1220	0
882	1220	0
883	1220	0
884	1220	0
885	1220	0
886	1220	0
887	1220	0
888	1220	0
889	1220	0
890	1220	0
891	1220	0
892	1220	0
893	1220	0
894	1220	0
895	1220	0
896	1220	0
897	1220	0
898	1220	0
899	1220	0
900	1220	0
901	1220	0
902	1220	0
903	1220	0
904	1220	1
905	1220	1
907	1220	0
908	1220	0
909	1220	0
910	1220	0
911	1220	0
912	1220	0
913	1220	0
915	1220	0
916	1220	0
917	1220	0
918	1220	1
919	1220	0
920	1220	1
921	1220	1
922	1220	0
923	1220	1
924	1220	0
925	1220	0
926	1220	0
927	1220	0
928	1220	0
929	1220	0
930	1220	0
931	1220	0
933	1220	0
935	1220	0
936	1220	0
937	1220	0
939	1220	0
940	1220	0
941	1220	0
942	1220	0
943	1220	0
944	1220	0
945	1220	0
946	1220	0
947	1220	0
948	1220	0
949	1220	1
953	1220	0
954	1220	0
955	1220	0
957	1220	0
958	1220	0
959	1220	0
960	1220	0
961	1220	0
962	1220	0
963	1220	0
964	1220	0
965	1220	1
966	1220	0
967	1220	0
