0	1031	1
1	1031	0
2	1031	1
3	1031	0
4	1031	0
5	1031	0
6	1031	0
7	1031	0
8	1031	0
9	1031	1
10	1031	0
11	1031	0
12	1031	0
13	1031	0
14	1031	0
15	1031	0
16	1031	0
17	1031	0
18	1031	0
19	1031	0
20	1031	0
21	1031	1
22	1031	0
23	1031	0
24	1031	1
26	1031	0
27	1031	0
28	1031	0
29	1031	0
30	1031	0
31	1031	0
32	1031	0
33	1031	0
34	1031	0
35	1031	1
36	1031	0
37	1031	0
38	1031	0
39	1031	0
40	1031	1
42	1031	1
43	1031	0
44	1031	0
45	1031	0
46	1031	0
47	1031	0
48	1031	0
49	1031	0
50	1031	0
51	1031	0
52	1031	0
53	1031	0
54	1031	0
55	1031	1
56	1031	0
57	1031	0
58	1031	1
59	1031	0
60	1031	0
61	1031	0
62	1031	0
64	1031	0
65	1031	1
66	1031	0
67	1031	0
68	1031	0
69	1031	0
70	1031	0
71	1031	0
72	1031	0
73	1031	0
74	1031	0
75	1031	0
76	1031	0
77	1031	0
78	1031	0
79	1031	0
80	1031	0
81	1031	0
82	1031	0
83	1031	0
84	1031	0
85	1031	0
86	1031	1
87	1031	0
88	1031	0
89	1031	0
90	1031	0
91	1031	0
92	1031	0
93	1031	0
94	1031	0
95	1031	0
96	1031	0
97	1031	0
98	1031	0
99	1031	0
100	1031	0
101	1031	0
102	1031	1
103	1031	0
104	1031	0
105	1031	0
106	1031	0
109	1031	0
111	1031	1
112	1031	0
113	1031	0
114	1031	0
115	1031	0
116	1031	0
117	1031	0
118	1031	0
119	1031	0
120	1031	0
121	1031	0
122	1031	0
123	1031	0
124	1031	0
125	1031	0
130	1031	0
131	1031	0
132	1031	0
133	1031	0
134	1031	0
136	1031	0
137	1031	0
138	1031	0
139	1031	0
140	1031	0
141	1031	0
142	1031	0
143	1031	0
144	1031	0
146	1031	0
147	1031	0
149	1031	0
150	1031	0
151	1031	0
152	1031	0
153	1031	0
154	1031	0
155	1031	0
156	1031	0
157	1031	0
158	1031	0
159	1031	0
160	1031	1
161	1031	0
162	1031	0
163	1031	0
164	1031	0
165	1031	1
166	1031	1
168	1031	1
169	1031	0
170	1031	0
171	1031	0
172	1031	0
173	1031	0
174	1031	0
175	1031	0
176	1031	0
177	1031	1
178	1031	0
179	1031	0
180	1031	0
181	1031	0
182	1031	0
183	1031	0
184	1031	0
187	1031	0
188	1031	0
189	1031	0
190	1031	0
191	1031	0
192	1031	0
193	1031	0
194	1031	0
195	1031	0
196	1031	1
197	1031	0
200	1031	0
201	1031	0
202	1031	0
203	1031	0
204	1031	0
206	1031	0
207	1031	0
208	1031	0
210	1031	0
211	1031	0
212	1031	0
213	1031	0
214	1031	0
216	1031	0
217	1031	0
218	1031	1
219	1031	0
220	1031	0
221	1031	0
222	1031	0
223	1031	0
224	1031	0
225	1031	0
226	1031	0
227	1031	0
228	1031	0
229	1031	0
230	1031	0
231	1031	0
232	1031	0
233	1031	0
234	1031	0
236	1031	0
237	1031	0
238	1031	0
239	1031	0
240	1031	0
241	1031	0
242	1031	0
244	1031	0
245	1031	0
246	1031	0
247	1031	1
248	1031	0
249	1031	0
250	1031	0
251	1031	0
252	1031	0
253	1031	0
254	1031	0
255	1031	0
256	1031	0
258	1031	0
259	1031	0
260	1031	0
261	1031	0
262	1031	0
263	1031	0
264	1031	0
265	1031	0
266	1031	0
267	1031	0
268	1031	0
269	1031	0
271	1031	0
272	1031	0
274	1031	0
275	1031	0
276	1031	0
277	1031	1
278	1031	1
279	1031	0
280	1031	0
281	1031	1
282	1031	0
283	1031	0
284	1031	0
285	1031	0
286	1031	0
288	1031	1
289	1031	1
290	1031	0
291	1031	0
292	1031	0
293	1031	0
294	1031	0
295	1031	0
296	1031	0
297	1031	0
298	1031	0
299	1031	0
300	1031	0
301	1031	0
302	1031	0
303	1031	0
304	1031	0
305	1031	0
306	1031	0
307	1031	0
308	1031	0
309	1031	0
310	1031	0
311	1031	0
312	1031	0
313	1031	0
314	1031	0
315	1031	0
316	1031	0
317	1031	1
318	1031	0
320	1031	0
321	1031	0
322	1031	0
323	1031	0
324	1031	0
325	1031	1
326	1031	0
327	1031	0
328	1031	0
329	1031	1
330	1031	0
331	1031	0
333	1031	0
334	1031	0
335	1031	1
336	1031	0
337	1031	0
338	1031	0
339	1031	0
340	1031	0
341	1031	0
342	1031	0
343	1031	0
344	1031	0
346	1031	1
347	1031	0
348	1031	1
349	1031	0
350	1031	0
354	1031	1
355	1031	0
356	1031	1
357	1031	0
358	1031	0
359	1031	0
360	1031	0
361	1031	0
363	1031	0
364	1031	0
365	1031	0
366	1031	0
367	1031	0
368	1031	0
370	1031	1
371	1031	0
372	1031	0
373	1031	0
374	1031	0
375	1031	1
377	1031	0
378	1031	1
379	1031	0
380	1031	0
381	1031	0
382	1031	0
383	1031	1
384	1031	0
385	1031	0
386	1031	0
387	1031	0
388	1031	0
390	1031	0
391	1031	0
393	1031	0
394	1031	0
395	1031	0
396	1031	0
397	1031	0
398	1031	0
399	1031	0
400	1031	0
401	1031	0
402	1031	0
403	1031	0
404	1031	1
405	1031	1
406	1031	0
408	1031	0
409	1031	0
410	1031	0
411	1031	0
412	1031	0
413	1031	0
414	1031	0
415	1031	0
416	1031	0
417	1031	1
418	1031	0
419	1031	0
420	1031	0
421	1031	0
422	1031	0
423	1031	0
424	1031	0
425	1031	0
426	1031	0
427	1031	0
428	1031	0
429	1031	0
430	1031	0
431	1031	0
432	1031	0
433	1031	0
434	1031	0
435	1031	0
436	1031	0
437	1031	0
438	1031	1
439	1031	0
440	1031	0
441	1031	0
442	1031	0
443	1031	0
444	1031	0
445	1031	0
446	1031	0
447	1031	0
448	1031	0
449	1031	0
450	1031	0
451	1031	0
452	1031	0
453	1031	1
454	1031	0
455	1031	0
456	1031	1
457	1031	0
458	1031	0
459	1031	0
460	1031	0
461	1031	1
462	1031	0
463	1031	0
464	1031	0
465	1031	0
466	1031	0
467	1031	0
468	1031	0
469	1031	1
470	1031	1
471	1031	1
472	1031	0
473	1031	0
474	1031	0
475	1031	0
476	1031	0
477	1031	1
478	1031	0
480	1031	1
481	1031	1
482	1031	0
483	1031	0
484	1031	1
485	1031	0
486	1031	0
487	1031	0
489	1031	0
490	1031	0
491	1031	0
492	1031	0
493	1031	0
495	1031	0
496	1031	0
497	1031	0
499	1031	0
500	1031	0
501	1031	0
502	1031	0
503	1031	0
505	1031	0
508	1031	0
509	1031	1
510	1031	0
511	1031	0
512	1031	0
513	1031	0
514	1031	0
515	1031	0
516	1031	0
517	1031	0
518	1031	1
519	1031	0
520	1031	0
521	1031	0
522	1031	0
523	1031	0
524	1031	0
525	1031	0
526	1031	0
527	1031	0
528	1031	0
529	1031	0
533	1031	0
534	1031	0
536	1031	0
537	1031	0
538	1031	0
540	1031	0
541	1031	0
542	1031	0
543	1031	0
544	1031	0
546	1031	1
547	1031	0
548	1031	0
549	1031	0
550	1031	0
551	1031	0
553	1031	0
554	1031	0
555	1031	0
556	1031	0
557	1031	0
558	1031	0
559	1031	0
560	1031	1
561	1031	0
562	1031	0
563	1031	0
564	1031	0
565	1031	0
566	1031	0
567	1031	0
568	1031	0
569	1031	0
570	1031	0
571	1031	0
572	1031	0
573	1031	0
574	1031	0
575	1031	0
576	1031	0
577	1031	0
578	1031	0
579	1031	1
580	1031	0
582	1031	0
583	1031	0
584	1031	0
585	1031	0
586	1031	1
587	1031	0
588	1031	0
589	1031	0
590	1031	0
591	1031	0
592	1031	0
593	1031	0
594	1031	1
595	1031	0
596	1031	0
597	1031	0
598	1031	1
599	1031	0
600	1031	0
601	1031	0
602	1031	0
604	1031	0
605	1031	0
606	1031	1
607	1031	0
608	1031	0
609	1031	0
611	1031	0
612	1031	0
613	1031	0
614	1031	1
615	1031	0
616	1031	0
617	1031	0
618	1031	0
619	1031	0
620	1031	0
621	1031	0
622	1031	0
624	1031	0
625	1031	0
626	1031	0
627	1031	0
628	1031	0
630	1031	0
631	1031	0
632	1031	0
633	1031	0
635	1031	0
636	1031	0
637	1031	1
640	1031	0
641	1031	0
642	1031	0
643	1031	0
645	1031	0
646	1031	0
647	1031	0
648	1031	0
649	1031	0
650	1031	1
651	1031	0
652	1031	0
653	1031	1
654	1031	0
655	1031	0
658	1031	0
659	1031	0
661	1031	0
662	1031	0
663	1031	0
664	1031	0
666	1031	0
667	1031	1
668	1031	0
669	1031	0
670	1031	0
671	1031	1
672	1031	0
673	1031	0
674	1031	0
675	1031	0
676	1031	0
680	1031	0
682	1031	1
683	1031	0
684	1031	0
685	1031	0
686	1031	0
688	1031	0
689	1031	0
690	1031	0
691	1031	0
692	1031	0
693	1031	0
694	1031	0
695	1031	0
696	1031	0
697	1031	0
698	1031	0
699	1031	0
700	1031	0
701	1031	0
702	1031	0
703	1031	0
704	1031	0
705	1031	0
706	1031	0
707	1031	0
708	1031	1
709	1031	1
710	1031	0
711	1031	0
713	1031	0
714	1031	0
715	1031	0
716	1031	0
717	1031	0
718	1031	0
720	1031	0
721	1031	0
722	1031	0
728	1031	0
730	1031	0
731	1031	0
732	1031	0
733	1031	0
734	1031	0
735	1031	0
736	1031	0
737	1031	0
738	1031	0
739	1031	0
740	1031	0
741	1031	0
742	1031	0
743	1031	0
744	1031	0
745	1031	0
746	1031	0
747	1031	0
748	1031	0
749	1031	0
750	1031	0
751	1031	0
752	1031	0
753	1031	0
754	1031	0
755	1031	0
756	1031	0
757	1031	0
758	1031	0
759	1031	0
760	1031	0
761	1031	0
762	1031	0
763	1031	0
764	1031	0
765	1031	0
766	1031	0
767	1031	0
768	1031	0
769	1031	0
770	1031	0
771	1031	0
772	1031	0
773	1031	0
774	1031	0
775	1031	0
776	1031	0
777	1031	0
778	1031	0
779	1031	0
780	1031	0
783	1031	0
784	1031	0
785	1031	0
786	1031	0
787	1031	0
788	1031	0
789	1031	0
790	1031	0
791	1031	0
794	1031	1
796	1031	0
797	1031	0
798	1031	0
799	1031	0
800	1031	0
801	1031	0
802	1031	0
803	1031	1
804	1031	0
806	1031	0
807	1031	0
808	1031	0
809	1031	0
810	1031	0
811	1031	0
814	1031	0
816	1031	1
817	1031	0
819	1031	0
820	1031	0
821	1031	0
824	1031	0
825	1031	0
827	1031	0
828	1031	0
829	1031	0
830	1031	1
831	1031	0
832	1031	1
833	1031	0
834	1031	0
835	1031	0
836	1031	0
837	1031	0
839	1031	0
840	1031	0
841	1031	0
843	1031	0
844	1031	0
845	1031	0
846	1031	0
847	1031	0
848	1031	0
849	1031	1
850	1031	0
851	1031	0
852	1031	0
853	1031	0
854	1031	0
855	1031	0
856	1031	0
857	1031	0
858	1031	0
859	1031	0
860	1031	0
861	1031	0
862	1031	0
863	1031	0
864	1031	0
865	1031	0
866	1031	0
867	1031	1
868	1031	0
869	1031	0
870	1031	0
872	1031	0
873	1031	0
874	1031	0
875	1031	0
876	1031	0
877	1031	0
879	1031	0
880	1031	0
881	1031	0
882	1031	0
883	1031	0
884	1031	0
885	1031	0
886	1031	0
887	1031	0
888	1031	0
889	1031	0
890	1031	0
891	1031	0
892	1031	0
893	1031	0
894	1031	1
895	1031	0
896	1031	0
897	1031	0
898	1031	0
900	1031	0
901	1031	0
902	1031	0
903	1031	0
904	1031	0
905	1031	0
906	1031	0
907	1031	0
908	1031	0
909	1031	0
911	1031	0
912	1031	0
913	1031	0
914	1031	0
916	1031	1
917	1031	0
918	1031	0
919	1031	0
920	1031	0
921	1031	0
922	1031	0
923	1031	0
924	1031	0
925	1031	0
927	1031	1
928	1031	0
930	1031	0
931	1031	0
933	1031	0
934	1031	0
936	1031	0
937	1031	1
939	1031	0
940	1031	0
941	1031	0
942	1031	1
943	1031	0
944	1031	0
945	1031	1
946	1031	0
947	1031	0
948	1031	0
949	1031	0
950	1031	0
952	1031	0
953	1031	0
954	1031	0
955	1031	0
956	1031	0
958	1031	0
961	1031	0
962	1031	1
963	1031	0
964	1031	0
965	1031	0
966	1031	0
967	1031	0
