0	1138	0
1	1138	0
2	1138	0
3	1138	0
4	1138	0
5	1138	0
6	1138	1
7	1138	0
8	1138	1
10	1138	0
11	1138	0
12	1138	0
13	1138	1
15	1138	1
16	1138	0
17	1138	0
18	1138	0
19	1138	1
20	1138	0
21	1138	0
22	1138	0
23	1138	0
24	1138	0
25	1138	0
27	1138	0
28	1138	1
29	1138	0
30	1138	0
31	1138	0
32	1138	0
33	1138	0
34	1138	0
35	1138	0
36	1138	0
37	1138	0
38	1138	0
39	1138	0
40	1138	0
41	1138	0
42	1138	0
43	1138	0
44	1138	1
45	1138	0
47	1138	0
48	1138	0
49	1138	0
51	1138	1
53	1138	1
55	1138	0
56	1138	0
58	1138	0
59	1138	0
60	1138	0
61	1138	0
62	1138	0
63	1138	0
64	1138	1
65	1138	0
66	1138	0
67	1138	0
68	1138	0
69	1138	0
70	1138	1
71	1138	0
72	1138	0
73	1138	0
74	1138	0
75	1138	0
77	1138	0
78	1138	0
79	1138	0
80	1138	0
81	1138	0
83	1138	0
84	1138	0
85	1138	0
86	1138	0
87	1138	0
89	1138	0
90	1138	0
91	1138	0
92	1138	0
93	1138	0
94	1138	0
95	1138	0
96	1138	0
97	1138	0
98	1138	1
100	1138	0
101	1138	0
102	1138	0
103	1138	0
104	1138	0
105	1138	0
106	1138	0
107	1138	0
108	1138	0
109	1138	0
110	1138	0
111	1138	0
112	1138	0
113	1138	0
114	1138	0
115	1138	0
116	1138	0
117	1138	0
118	1138	0
120	1138	0
121	1138	0
124	1138	0
125	1138	0
129	1138	0
130	1138	0
131	1138	0
132	1138	0
133	1138	0
134	1138	0
135	1138	1
136	1138	0
137	1138	0
138	1138	0
139	1138	0
140	1138	0
141	1138	0
142	1138	0
143	1138	0
144	1138	0
145	1138	0
146	1138	0
147	1138	0
148	1138	1
149	1138	0
150	1138	1
151	1138	0
152	1138	0
153	1138	0
154	1138	0
155	1138	0
156	1138	0
157	1138	0
158	1138	0
159	1138	0
160	1138	0
161	1138	0
162	1138	0
163	1138	0
164	1138	1
165	1138	0
166	1138	0
167	1138	0
168	1138	0
169	1138	0
170	1138	0
171	1138	0
172	1138	0
173	1138	0
174	1138	0
175	1138	0
177	1138	0
178	1138	0
179	1138	0
180	1138	0
181	1138	0
182	1138	0
183	1138	0
184	1138	0
185	1138	0
186	1138	0
187	1138	0
188	1138	0
189	1138	0
190	1138	0
191	1138	0
193	1138	1
194	1138	1
195	1138	0
196	1138	1
197	1138	0
198	1138	0
199	1138	0
200	1138	1
201	1138	0
202	1138	0
203	1138	0
204	1138	1
206	1138	0
207	1138	0
208	1138	0
209	1138	1
210	1138	0
211	1138	1
212	1138	1
213	1138	0
214	1138	0
215	1138	0
216	1138	0
217	1138	0
218	1138	0
219	1138	0
220	1138	1
221	1138	0
222	1138	0
224	1138	1
225	1138	0
227	1138	0
228	1138	1
229	1138	0
230	1138	1
232	1138	0
233	1138	0
235	1138	0
237	1138	0
238	1138	0
239	1138	0
240	1138	0
245	1138	0
246	1138	0
247	1138	0
248	1138	0
249	1138	0
250	1138	0
251	1138	0
252	1138	0
253	1138	0
254	1138	0
255	1138	0
256	1138	0
257	1138	0
258	1138	1
259	1138	0
260	1138	0
261	1138	0
262	1138	0
263	1138	0
264	1138	0
265	1138	0
266	1138	0
267	1138	0
268	1138	0
271	1138	0
272	1138	0
273	1138	0
274	1138	0
275	1138	0
276	1138	0
277	1138	0
278	1138	0
280	1138	0
281	1138	0
282	1138	0
283	1138	0
284	1138	0
285	1138	0
286	1138	0
287	1138	0
288	1138	0
289	1138	0
290	1138	0
292	1138	0
293	1138	0
295	1138	0
296	1138	0
297	1138	1
298	1138	1
302	1138	0
303	1138	0
304	1138	0
305	1138	0
306	1138	0
308	1138	0
310	1138	0
311	1138	1
312	1138	0
313	1138	0
314	1138	0
315	1138	0
317	1138	0
318	1138	0
319	1138	0
321	1138	0
322	1138	0
323	1138	0
324	1138	0
325	1138	0
326	1138	0
327	1138	0
328	1138	0
329	1138	0
330	1138	0
331	1138	0
332	1138	0
333	1138	1
334	1138	0
336	1138	0
337	1138	0
338	1138	0
340	1138	0
341	1138	0
344	1138	0
345	1138	0
346	1138	0
347	1138	0
348	1138	0
349	1138	0
350	1138	0
351	1138	0
352	1138	0
353	1138	0
354	1138	0
355	1138	0
356	1138	1
357	1138	0
358	1138	0
359	1138	0
360	1138	0
361	1138	0
362	1138	0
363	1138	0
364	1138	1
365	1138	0
366	1138	0
367	1138	1
369	1138	0
370	1138	0
371	1138	0
372	1138	0
373	1138	0
374	1138	0
375	1138	0
376	1138	0
377	1138	0
378	1138	0
379	1138	0
381	1138	0
382	1138	0
383	1138	0
384	1138	0
385	1138	0
386	1138	0
387	1138	0
388	1138	0
389	1138	0
390	1138	0
391	1138	0
392	1138	0
393	1138	0
394	1138	0
395	1138	0
397	1138	0
398	1138	0
399	1138	0
401	1138	0
402	1138	0
403	1138	0
404	1138	0
405	1138	0
406	1138	0
407	1138	0
408	1138	1
409	1138	1
410	1138	0
412	1138	0
414	1138	0
415	1138	0
416	1138	0
417	1138	1
418	1138	0
419	1138	0
421	1138	0
422	1138	0
423	1138	0
424	1138	0
425	1138	0
426	1138	0
427	1138	0
428	1138	0
429	1138	0
430	1138	0
431	1138	0
432	1138	0
434	1138	0
436	1138	0
437	1138	0
438	1138	0
439	1138	0
440	1138	0
441	1138	0
442	1138	0
444	1138	0
445	1138	0
446	1138	0
447	1138	0
449	1138	0
450	1138	0
451	1138	0
452	1138	0
453	1138	0
454	1138	0
455	1138	0
456	1138	0
457	1138	0
458	1138	0
459	1138	0
461	1138	0
462	1138	0
463	1138	0
464	1138	0
465	1138	0
466	1138	0
468	1138	0
469	1138	0
470	1138	0
471	1138	0
472	1138	0
473	1138	0
474	1138	0
475	1138	0
476	1138	0
477	1138	1
478	1138	0
479	1138	0
480	1138	0
481	1138	0
482	1138	0
483	1138	0
484	1138	0
486	1138	0
487	1138	0
488	1138	0
489	1138	0
490	1138	1
492	1138	0
493	1138	0
494	1138	0
496	1138	0
497	1138	0
498	1138	0
499	1138	0
500	1138	0
501	1138	0
502	1138	1
503	1138	0
504	1138	0
505	1138	0
506	1138	0
507	1138	0
508	1138	1
509	1138	0
510	1138	0
511	1138	0
512	1138	0
513	1138	0
514	1138	1
515	1138	0
516	1138	1
518	1138	0
519	1138	1
520	1138	1
521	1138	0
522	1138	0
523	1138	0
524	1138	0
525	1138	0
526	1138	0
527	1138	0
528	1138	0
530	1138	0
531	1138	0
533	1138	0
534	1138	0
535	1138	0
536	1138	0
538	1138	0
539	1138	0
541	1138	0
542	1138	1
543	1138	0
544	1138	0
545	1138	0
546	1138	0
547	1138	0
549	1138	0
550	1138	0
551	1138	0
553	1138	0
554	1138	0
555	1138	0
556	1138	0
557	1138	0
558	1138	0
559	1138	0
560	1138	0
561	1138	0
562	1138	0
563	1138	0
565	1138	0
566	1138	0
567	1138	0
568	1138	0
569	1138	1
571	1138	0
573	1138	0
574	1138	0
575	1138	0
576	1138	0
577	1138	0
578	1138	0
580	1138	0
583	1138	0
584	1138	1
585	1138	0
586	1138	0
587	1138	0
588	1138	0
589	1138	0
591	1138	0
593	1138	0
595	1138	0
596	1138	0
597	1138	0
598	1138	0
599	1138	0
600	1138	0
601	1138	0
602	1138	0
604	1138	0
605	1138	0
606	1138	0
607	1138	0
608	1138	0
609	1138	0
611	1138	0
612	1138	0
613	1138	0
614	1138	0
616	1138	0
617	1138	0
618	1138	0
619	1138	0
620	1138	0
621	1138	0
622	1138	0
624	1138	0
625	1138	0
626	1138	0
627	1138	0
628	1138	0
630	1138	0
632	1138	0
633	1138	0
634	1138	0
635	1138	0
636	1138	0
637	1138	0
638	1138	0
639	1138	0
640	1138	0
641	1138	0
642	1138	0
643	1138	1
644	1138	0
645	1138	1
646	1138	0
647	1138	0
648	1138	0
649	1138	0
650	1138	0
651	1138	1
652	1138	1
654	1138	0
655	1138	0
656	1138	0
657	1138	0
659	1138	0
660	1138	0
661	1138	1
662	1138	0
663	1138	0
664	1138	1
665	1138	0
666	1138	0
667	1138	0
668	1138	0
669	1138	0
670	1138	0
671	1138	0
672	1138	1
673	1138	0
674	1138	1
676	1138	0
677	1138	0
678	1138	1
679	1138	0
680	1138	0
681	1138	0
683	1138	0
684	1138	1
685	1138	0
686	1138	0
687	1138	0
688	1138	0
689	1138	0
690	1138	0
691	1138	0
692	1138	1
693	1138	0
694	1138	0
695	1138	1
696	1138	0
697	1138	0
698	1138	0
699	1138	0
700	1138	0
701	1138	0
703	1138	0
705	1138	0
706	1138	0
707	1138	0
709	1138	1
710	1138	1
711	1138	0
712	1138	0
713	1138	0
714	1138	0
715	1138	0
717	1138	0
718	1138	1
719	1138	0
720	1138	0
721	1138	0
722	1138	0
723	1138	0
724	1138	0
725	1138	0
726	1138	1
727	1138	1
728	1138	0
729	1138	1
730	1138	0
732	1138	0
734	1138	0
735	1138	0
736	1138	0
737	1138	0
738	1138	0
739	1138	0
740	1138	0
741	1138	0
742	1138	0
743	1138	0
744	1138	0
745	1138	0
746	1138	0
747	1138	0
748	1138	0
749	1138	0
752	1138	0
753	1138	0
754	1138	0
755	1138	0
756	1138	0
757	1138	0
758	1138	0
759	1138	1
760	1138	0
762	1138	0
764	1138	0
765	1138	0
766	1138	0
767	1138	0
768	1138	0
769	1138	1
770	1138	0
771	1138	0
772	1138	0
773	1138	0
775	1138	0
776	1138	1
777	1138	0
778	1138	0
780	1138	1
781	1138	0
782	1138	0
783	1138	0
784	1138	0
786	1138	0
787	1138	0
788	1138	0
790	1138	0
791	1138	0
792	1138	0
793	1138	0
794	1138	0
795	1138	0
796	1138	0
797	1138	0
798	1138	0
799	1138	0
800	1138	0
801	1138	0
802	1138	1
803	1138	0
804	1138	0
806	1138	0
807	1138	0
808	1138	0
810	1138	0
811	1138	0
814	1138	0
816	1138	0
818	1138	0
819	1138	0
820	1138	0
822	1138	0
823	1138	0
824	1138	0
825	1138	0
826	1138	0
827	1138	0
830	1138	0
831	1138	0
832	1138	0
833	1138	0
835	1138	0
836	1138	0
837	1138	0
838	1138	0
839	1138	0
840	1138	0
843	1138	0
844	1138	0
845	1138	0
848	1138	0
849	1138	0
850	1138	0
851	1138	0
852	1138	0
853	1138	0
854	1138	0
855	1138	0
856	1138	0
857	1138	0
861	1138	0
862	1138	0
863	1138	0
864	1138	0
866	1138	0
867	1138	0
868	1138	0
869	1138	0
871	1138	0
873	1138	0
875	1138	0
876	1138	0
877	1138	0
878	1138	0
880	1138	0
881	1138	0
882	1138	0
883	1138	0
884	1138	0
885	1138	0
887	1138	0
888	1138	0
889	1138	0
890	1138	0
891	1138	0
892	1138	1
893	1138	0
894	1138	0
895	1138	0
896	1138	0
897	1138	0
898	1138	0
899	1138	0
900	1138	0
901	1138	0
903	1138	0
904	1138	0
905	1138	0
907	1138	0
908	1138	0
909	1138	0
910	1138	0
911	1138	1
912	1138	0
913	1138	0
915	1138	0
916	1138	0
917	1138	0
918	1138	0
919	1138	0
920	1138	0
921	1138	0
922	1138	0
923	1138	0
924	1138	0
925	1138	0
926	1138	0
927	1138	0
928	1138	0
929	1138	0
934	1138	0
935	1138	0
936	1138	0
937	1138	0
939	1138	0
940	1138	0
941	1138	0
942	1138	0
943	1138	0
944	1138	0
945	1138	0
946	1138	0
948	1138	0
949	1138	0
950	1138	0
952	1138	0
953	1138	0
954	1138	0
955	1138	0
956	1138	0
957	1138	0
958	1138	0
959	1138	1
960	1138	0
961	1138	0
962	1138	0
963	1138	0
964	1138	0
965	1138	0
966	1138	0
967	1138	1
