0	1039	0
1	1039	0
2	1039	0
4	1039	0
5	1039	0
6	1039	1
7	1039	0
8	1039	1
9	1039	1
10	1039	0
11	1039	0
12	1039	1
13	1039	0
14	1039	0
15	1039	0
16	1039	0
17	1039	0
18	1039	0
19	1039	0
20	1039	0
21	1039	1
22	1039	0
23	1039	0
24	1039	0
26	1039	0
27	1039	0
28	1039	1
29	1039	0
30	1039	0
31	1039	0
32	1039	1
33	1039	0
34	1039	0
35	1039	0
36	1039	0
37	1039	1
38	1039	0
39	1039	0
40	1039	0
42	1039	0
43	1039	0
44	1039	0
45	1039	0
46	1039	0
47	1039	0
48	1039	0
49	1039	0
50	1039	0
51	1039	0
52	1039	0
53	1039	0
54	1039	0
55	1039	0
56	1039	0
57	1039	0
58	1039	0
59	1039	0
60	1039	0
61	1039	0
62	1039	0
64	1039	0
65	1039	0
66	1039	0
67	1039	0
68	1039	0
69	1039	0
70	1039	0
71	1039	0
72	1039	0
73	1039	0
74	1039	0
75	1039	1
76	1039	0
77	1039	0
78	1039	0
79	1039	0
80	1039	0
81	1039	0
82	1039	0
83	1039	0
84	1039	0
85	1039	0
86	1039	0
87	1039	0
88	1039	0
89	1039	0
90	1039	0
91	1039	1
92	1039	0
93	1039	0
94	1039	0
95	1039	0
96	1039	0
97	1039	0
98	1039	1
99	1039	0
100	1039	0
101	1039	0
102	1039	0
103	1039	0
104	1039	0
105	1039	0
106	1039	0
109	1039	0
111	1039	0
112	1039	0
113	1039	0
114	1039	0
115	1039	0
116	1039	0
117	1039	0
118	1039	0
119	1039	0
120	1039	0
121	1039	0
122	1039	0
123	1039	0
124	1039	0
125	1039	0
130	1039	0
131	1039	0
132	1039	0
133	1039	0
134	1039	0
136	1039	0
137	1039	0
138	1039	0
139	1039	0
141	1039	0
142	1039	0
144	1039	0
146	1039	0
147	1039	0
149	1039	0
150	1039	0
151	1039	0
152	1039	0
153	1039	0
154	1039	0
155	1039	0
156	1039	0
157	1039	0
158	1039	0
159	1039	0
160	1039	1
161	1039	0
162	1039	0
163	1039	0
164	1039	0
165	1039	0
166	1039	0
168	1039	0
169	1039	0
170	1039	0
171	1039	0
172	1039	0
173	1039	0
174	1039	0
178	1039	0
179	1039	0
180	1039	0
181	1039	0
182	1039	0
183	1039	0
184	1039	0
187	1039	0
188	1039	0
189	1039	0
190	1039	0
191	1039	1
192	1039	0
193	1039	1
194	1039	0
195	1039	0
196	1039	0
197	1039	0
200	1039	0
201	1039	0
202	1039	0
203	1039	0
204	1039	0
206	1039	0
207	1039	1
208	1039	0
211	1039	0
212	1039	0
213	1039	0
214	1039	0
216	1039	0
217	1039	0
218	1039	0
219	1039	0
220	1039	0
222	1039	0
223	1039	0
224	1039	0
225	1039	0
226	1039	0
227	1039	0
228	1039	0
229	1039	0
230	1039	0
231	1039	0
232	1039	0
233	1039	0
234	1039	0
235	1039	0
236	1039	0
237	1039	0
238	1039	0
239	1039	0
240	1039	0
241	1039	0
242	1039	0
244	1039	0
245	1039	0
246	1039	0
247	1039	0
248	1039	0
249	1039	0
251	1039	0
252	1039	0
253	1039	0
254	1039	0
255	1039	0
256	1039	0
258	1039	1
259	1039	0
260	1039	0
261	1039	0
263	1039	0
264	1039	0
265	1039	0
266	1039	0
267	1039	0
268	1039	0
269	1039	0
270	1039	0
271	1039	1
272	1039	0
273	1039	0
274	1039	0
275	1039	0
276	1039	0
277	1039	0
278	1039	0
279	1039	0
280	1039	0
281	1039	0
282	1039	0
283	1039	0
284	1039	0
285	1039	0
286	1039	0
288	1039	1
289	1039	0
290	1039	0
291	1039	0
292	1039	0
293	1039	0
294	1039	0
295	1039	0
296	1039	1
297	1039	0
298	1039	1
299	1039	1
300	1039	0
301	1039	0
303	1039	0
304	1039	0
306	1039	0
307	1039	0
308	1039	0
309	1039	0
310	1039	0
311	1039	0
312	1039	0
313	1039	0
314	1039	0
315	1039	0
316	1039	0
317	1039	0
318	1039	0
319	1039	0
320	1039	0
321	1039	0
322	1039	0
323	1039	0
325	1039	0
326	1039	0
327	1039	0
328	1039	0
329	1039	0
330	1039	0
331	1039	0
333	1039	1
334	1039	0
335	1039	0
336	1039	0
337	1039	0
338	1039	1
339	1039	0
340	1039	0
341	1039	0
342	1039	0
343	1039	0
344	1039	0
346	1039	0
347	1039	0
348	1039	0
349	1039	0
350	1039	0
354	1039	0
355	1039	0
356	1039	0
357	1039	0
358	1039	0
359	1039	0
360	1039	0
361	1039	0
363	1039	0
364	1039	0
365	1039	0
366	1039	0
367	1039	0
368	1039	0
370	1039	0
371	1039	0
372	1039	0
373	1039	0
374	1039	1
377	1039	0
378	1039	0
379	1039	0
380	1039	0
381	1039	1
382	1039	0
383	1039	0
384	1039	0
385	1039	0
386	1039	0
387	1039	0
388	1039	0
390	1039	0
391	1039	0
393	1039	0
394	1039	0
395	1039	0
396	1039	0
397	1039	1
399	1039	0
400	1039	0
401	1039	0
402	1039	0
403	1039	0
404	1039	0
405	1039	1
406	1039	0
408	1039	0
409	1039	0
410	1039	0
411	1039	0
412	1039	0
413	1039	0
414	1039	1
415	1039	0
416	1039	0
417	1039	0
418	1039	0
419	1039	1
420	1039	0
421	1039	0
422	1039	0
423	1039	0
424	1039	0
425	1039	0
426	1039	0
427	1039	0
428	1039	0
429	1039	0
430	1039	0
431	1039	0
432	1039	0
433	1039	0
434	1039	0
435	1039	0
436	1039	0
437	1039	0
438	1039	0
439	1039	0
440	1039	0
441	1039	0
442	1039	0
443	1039	0
444	1039	0
445	1039	0
446	1039	0
447	1039	0
448	1039	0
449	1039	0
450	1039	0
451	1039	0
452	1039	0
453	1039	0
454	1039	0
455	1039	0
456	1039	0
457	1039	0
458	1039	0
459	1039	0
460	1039	0
461	1039	1
462	1039	0
463	1039	0
464	1039	0
465	1039	0
466	1039	1
467	1039	0
468	1039	0
469	1039	0
470	1039	0
471	1039	0
472	1039	0
473	1039	0
474	1039	0
475	1039	0
476	1039	0
477	1039	0
478	1039	0
480	1039	0
481	1039	0
482	1039	0
483	1039	0
484	1039	0
485	1039	1
486	1039	0
487	1039	0
489	1039	0
490	1039	0
491	1039	0
492	1039	0
493	1039	0
495	1039	1
496	1039	0
497	1039	0
499	1039	0
500	1039	0
502	1039	0
503	1039	0
505	1039	0
508	1039	0
509	1039	0
510	1039	0
511	1039	0
512	1039	0
513	1039	0
514	1039	0
515	1039	0
516	1039	0
517	1039	0
518	1039	1
519	1039	0
520	1039	0
521	1039	0
522	1039	0
523	1039	0
524	1039	0
525	1039	0
527	1039	0
528	1039	0
529	1039	1
533	1039	0
534	1039	0
536	1039	0
537	1039	0
538	1039	0
540	1039	0
541	1039	0
542	1039	0
543	1039	0
544	1039	0
546	1039	0
547	1039	0
548	1039	0
549	1039	0
550	1039	0
551	1039	0
553	1039	0
554	1039	0
555	1039	0
556	1039	0
557	1039	0
558	1039	0
559	1039	0
560	1039	0
561	1039	0
562	1039	0
563	1039	0
564	1039	0
565	1039	0
566	1039	0
567	1039	0
568	1039	0
569	1039	0
570	1039	0
571	1039	0
572	1039	0
573	1039	0
574	1039	0
575	1039	0
576	1039	0
577	1039	0
578	1039	0
579	1039	0
582	1039	0
583	1039	0
584	1039	0
585	1039	0
586	1039	0
587	1039	0
588	1039	0
589	1039	0
590	1039	0
591	1039	0
592	1039	0
593	1039	0
594	1039	0
595	1039	0
596	1039	0
597	1039	0
598	1039	1
599	1039	0
600	1039	0
601	1039	0
602	1039	0
604	1039	0
605	1039	0
606	1039	0
607	1039	0
608	1039	0
609	1039	0
611	1039	0
612	1039	0
613	1039	0
614	1039	0
615	1039	0
616	1039	0
617	1039	0
618	1039	0
620	1039	0
621	1039	0
622	1039	0
624	1039	0
625	1039	0
626	1039	0
627	1039	0
628	1039	0
630	1039	0
631	1039	0
632	1039	0
633	1039	0
635	1039	0
636	1039	0
637	1039	1
640	1039	0
641	1039	0
642	1039	0
643	1039	0
644	1039	0
645	1039	0
646	1039	0
647	1039	0
648	1039	0
649	1039	0
650	1039	1
651	1039	1
652	1039	0
653	1039	0
654	1039	1
655	1039	1
658	1039	0
659	1039	0
661	1039	0
662	1039	0
664	1039	0
666	1039	0
667	1039	0
668	1039	0
669	1039	0
670	1039	1
671	1039	0
672	1039	0
673	1039	0
674	1039	0
675	1039	0
676	1039	0
680	1039	0
682	1039	0
683	1039	0
684	1039	1
685	1039	0
686	1039	0
688	1039	0
689	1039	0
690	1039	0
691	1039	0
692	1039	0
693	1039	0
694	1039	0
695	1039	0
696	1039	0
697	1039	0
698	1039	0
699	1039	0
700	1039	0
701	1039	0
702	1039	0
703	1039	0
704	1039	0
705	1039	0
706	1039	0
707	1039	0
708	1039	0
709	1039	0
710	1039	0
711	1039	0
713	1039	0
714	1039	0
715	1039	0
716	1039	0
717	1039	0
718	1039	1
720	1039	0
721	1039	0
722	1039	0
728	1039	0
730	1039	0
731	1039	0
732	1039	0
733	1039	0
734	1039	0
735	1039	0
736	1039	0
737	1039	0
738	1039	0
739	1039	0
740	1039	0
741	1039	0
742	1039	0
744	1039	0
745	1039	0
746	1039	0
747	1039	0
748	1039	0
749	1039	0
750	1039	0
751	1039	0
752	1039	0
753	1039	0
754	1039	0
755	1039	0
756	1039	0
757	1039	0
758	1039	0
759	1039	0
760	1039	0
761	1039	0
762	1039	0
763	1039	0
764	1039	0
765	1039	0
766	1039	0
767	1039	0
768	1039	0
769	1039	0
770	1039	0
771	1039	0
772	1039	0
773	1039	0
774	1039	0
775	1039	0
776	1039	0
777	1039	0
778	1039	0
779	1039	0
780	1039	0
783	1039	0
784	1039	0
785	1039	0
786	1039	0
787	1039	0
788	1039	0
789	1039	0
790	1039	0
791	1039	0
794	1039	1
796	1039	0
797	1039	0
798	1039	0
799	1039	0
800	1039	0
801	1039	1
802	1039	0
803	1039	0
804	1039	0
806	1039	0
807	1039	0
808	1039	0
809	1039	0
810	1039	0
811	1039	0
814	1039	0
816	1039	0
817	1039	1
819	1039	0
820	1039	0
821	1039	0
824	1039	0
825	1039	0
827	1039	0
828	1039	0
830	1039	1
831	1039	0
832	1039	0
833	1039	0
834	1039	0
835	1039	0
836	1039	0
837	1039	0
840	1039	0
841	1039	0
844	1039	0
845	1039	0
846	1039	0
847	1039	0
848	1039	0
849	1039	1
850	1039	0
851	1039	0
852	1039	0
853	1039	0
854	1039	0
855	1039	0
856	1039	0
857	1039	0
858	1039	0
859	1039	0
860	1039	0
861	1039	0
862	1039	0
863	1039	0
864	1039	0
865	1039	0
866	1039	1
867	1039	0
868	1039	0
869	1039	0
870	1039	0
872	1039	0
873	1039	0
874	1039	0
875	1039	0
876	1039	0
877	1039	0
879	1039	0
880	1039	0
881	1039	0
882	1039	0
883	1039	0
884	1039	0
885	1039	0
886	1039	1
887	1039	0
888	1039	0
889	1039	0
890	1039	0
891	1039	1
892	1039	0
893	1039	0
894	1039	1
895	1039	0
896	1039	0
897	1039	0
898	1039	0
901	1039	0
902	1039	0
903	1039	0
904	1039	0
905	1039	0
906	1039	0
907	1039	0
908	1039	0
909	1039	0
911	1039	0
912	1039	0
913	1039	0
914	1039	0
916	1039	0
917	1039	0
918	1039	0
919	1039	0
920	1039	0
921	1039	0
922	1039	1
923	1039	0
924	1039	0
925	1039	0
927	1039	0
928	1039	0
930	1039	0
931	1039	1
933	1039	0
934	1039	0
936	1039	0
937	1039	0
939	1039	0
940	1039	1
941	1039	0
942	1039	0
943	1039	0
944	1039	0
945	1039	1
946	1039	0
947	1039	0
948	1039	0
949	1039	0
950	1039	0
952	1039	0
953	1039	0
954	1039	0
955	1039	0
956	1039	0
958	1039	0
961	1039	0
962	1039	0
963	1039	0
964	1039	0
965	1039	0
966	1039	0
967	1039	0
