0	1163	0
1	1163	0
2	1163	0
3	1163	0
4	1163	0
5	1163	0
6	1163	0
7	1163	0
8	1163	0
10	1163	0
11	1163	0
12	1163	0
13	1163	0
15	1163	0
16	1163	0
17	1163	0
18	1163	0
19	1163	1
20	1163	0
21	1163	0
22	1163	0
23	1163	0
24	1163	0
25	1163	0
27	1163	0
28	1163	1
29	1163	0
30	1163	1
31	1163	0
32	1163	0
33	1163	0
34	1163	0
35	1163	0
36	1163	0
37	1163	0
38	1163	0
39	1163	0
40	1163	0
41	1163	0
42	1163	0
43	1163	0
44	1163	0
45	1163	0
47	1163	0
48	1163	0
49	1163	0
51	1163	0
53	1163	1
55	1163	0
56	1163	0
58	1163	0
59	1163	0
60	1163	0
61	1163	0
62	1163	0
63	1163	0
64	1163	0
65	1163	0
66	1163	0
67	1163	0
68	1163	0
69	1163	0
70	1163	0
71	1163	0
72	1163	1
73	1163	0
74	1163	0
75	1163	0
77	1163	0
78	1163	1
79	1163	0
80	1163	0
81	1163	1
83	1163	0
84	1163	0
85	1163	0
86	1163	0
87	1163	0
89	1163	0
90	1163	0
91	1163	0
92	1163	0
93	1163	0
94	1163	0
95	1163	0
96	1163	1
97	1163	0
98	1163	0
100	1163	1
101	1163	0
102	1163	0
103	1163	0
104	1163	0
105	1163	0
106	1163	0
107	1163	0
108	1163	0
109	1163	0
110	1163	0
111	1163	0
112	1163	0
113	1163	0
114	1163	0
115	1163	0
116	1163	0
117	1163	0
118	1163	0
120	1163	0
121	1163	0
124	1163	0
125	1163	0
129	1163	0
130	1163	0
131	1163	0
132	1163	0
133	1163	0
134	1163	0
135	1163	0
136	1163	0
137	1163	0
138	1163	0
139	1163	0
140	1163	0
141	1163	0
142	1163	0
143	1163	0
144	1163	0
145	1163	0
146	1163	0
147	1163	0
148	1163	0
149	1163	0
150	1163	0
151	1163	0
152	1163	0
153	1163	0
154	1163	0
155	1163	0
156	1163	0
157	1163	0
158	1163	0
159	1163	0
160	1163	0
161	1163	0
162	1163	0
163	1163	0
164	1163	0
165	1163	0
166	1163	0
167	1163	1
168	1163	0
169	1163	0
170	1163	0
171	1163	0
172	1163	0
173	1163	0
174	1163	0
175	1163	0
177	1163	0
178	1163	0
179	1163	0
180	1163	0
181	1163	0
182	1163	0
183	1163	0
184	1163	0
185	1163	0
186	1163	0
187	1163	0
188	1163	0
189	1163	0
190	1163	0
191	1163	1
193	1163	0
194	1163	0
195	1163	0
196	1163	1
197	1163	1
198	1163	0
199	1163	0
200	1163	0
201	1163	0
202	1163	0
203	1163	0
204	1163	1
206	1163	0
207	1163	1
208	1163	0
209	1163	0
210	1163	0
211	1163	0
212	1163	0
213	1163	1
214	1163	0
215	1163	0
216	1163	0
217	1163	0
218	1163	0
219	1163	0
220	1163	1
221	1163	0
222	1163	0
224	1163	0
225	1163	0
227	1163	0
228	1163	0
229	1163	0
230	1163	0
232	1163	0
233	1163	0
235	1163	0
237	1163	0
238	1163	0
239	1163	0
240	1163	0
245	1163	0
246	1163	0
247	1163	0
248	1163	0
249	1163	0
250	1163	0
251	1163	0
252	1163	0
253	1163	0
254	1163	0
255	1163	0
256	1163	0
257	1163	0
258	1163	0
259	1163	0
260	1163	0
261	1163	0
262	1163	0
263	1163	0
264	1163	0
265	1163	0
266	1163	0
267	1163	0
268	1163	0
271	1163	1
272	1163	0
273	1163	0
274	1163	0
275	1163	0
276	1163	0
277	1163	0
278	1163	0
280	1163	0
281	1163	1
282	1163	0
283	1163	0
284	1163	0
285	1163	0
286	1163	0
287	1163	1
288	1163	0
289	1163	0
290	1163	0
292	1163	0
293	1163	0
295	1163	0
296	1163	0
297	1163	0
298	1163	1
302	1163	0
303	1163	0
304	1163	0
305	1163	0
306	1163	0
308	1163	0
310	1163	0
311	1163	0
312	1163	0
313	1163	0
314	1163	0
315	1163	0
317	1163	0
318	1163	0
319	1163	0
321	1163	0
322	1163	0
323	1163	0
324	1163	0
325	1163	0
326	1163	0
327	1163	0
328	1163	1
329	1163	0
330	1163	0
331	1163	0
332	1163	0
333	1163	1
334	1163	0
336	1163	0
337	1163	0
338	1163	0
340	1163	0
341	1163	0
344	1163	0
345	1163	0
346	1163	0
347	1163	0
348	1163	0
349	1163	0
350	1163	0
351	1163	1
352	1163	0
353	1163	1
354	1163	0
355	1163	1
356	1163	0
357	1163	0
358	1163	0
359	1163	0
360	1163	0
361	1163	0
362	1163	0
363	1163	0
364	1163	0
365	1163	0
366	1163	0
367	1163	0
369	1163	0
370	1163	0
371	1163	0
372	1163	0
373	1163	0
374	1163	0
375	1163	0
376	1163	0
377	1163	0
378	1163	0
379	1163	0
381	1163	0
382	1163	0
383	1163	0
384	1163	0
385	1163	0
386	1163	0
387	1163	0
388	1163	0
389	1163	0
390	1163	0
391	1163	0
392	1163	0
393	1163	0
394	1163	0
395	1163	0
397	1163	0
398	1163	0
399	1163	0
401	1163	0
402	1163	0
403	1163	0
404	1163	0
405	1163	0
406	1163	0
407	1163	0
408	1163	0
409	1163	0
410	1163	0
412	1163	0
414	1163	0
415	1163	0
416	1163	0
417	1163	0
418	1163	0
419	1163	0
420	1163	0
421	1163	0
422	1163	0
423	1163	0
424	1163	0
425	1163	0
426	1163	0
427	1163	0
428	1163	0
429	1163	0
430	1163	0
431	1163	0
432	1163	0
434	1163	0
436	1163	0
437	1163	0
438	1163	0
439	1163	0
440	1163	0
441	1163	0
442	1163	0
444	1163	0
445	1163	0
446	1163	0
447	1163	0
449	1163	0
450	1163	0
451	1163	0
452	1163	0
453	1163	0
454	1163	0
455	1163	0
456	1163	1
457	1163	0
458	1163	0
459	1163	0
461	1163	0
462	1163	0
463	1163	0
464	1163	0
465	1163	0
466	1163	0
468	1163	0
470	1163	0
471	1163	0
472	1163	0
473	1163	0
474	1163	1
475	1163	0
476	1163	0
477	1163	0
478	1163	0
479	1163	0
480	1163	0
481	1163	0
482	1163	0
483	1163	0
484	1163	0
486	1163	0
487	1163	0
488	1163	0
489	1163	0
490	1163	0
492	1163	0
493	1163	0
494	1163	0
496	1163	0
497	1163	0
498	1163	0
499	1163	0
500	1163	0
501	1163	1
502	1163	1
503	1163	0
504	1163	0
505	1163	0
506	1163	0
507	1163	1
508	1163	0
509	1163	0
510	1163	1
511	1163	0
512	1163	0
513	1163	0
514	1163	0
515	1163	0
516	1163	0
518	1163	0
519	1163	0
520	1163	0
521	1163	0
522	1163	1
523	1163	0
524	1163	0
525	1163	1
526	1163	0
527	1163	0
528	1163	0
530	1163	0
531	1163	0
533	1163	0
534	1163	0
535	1163	0
536	1163	0
538	1163	0
539	1163	0
541	1163	0
542	1163	0
543	1163	0
544	1163	0
545	1163	0
546	1163	1
547	1163	0
549	1163	0
550	1163	0
551	1163	0
553	1163	0
554	1163	0
556	1163	0
557	1163	0
558	1163	0
559	1163	0
560	1163	0
561	1163	0
562	1163	0
563	1163	0
565	1163	0
566	1163	0
567	1163	0
568	1163	0
569	1163	0
571	1163	0
573	1163	0
574	1163	0
575	1163	0
576	1163	0
577	1163	0
578	1163	0
580	1163	0
583	1163	0
584	1163	0
585	1163	0
586	1163	0
587	1163	0
588	1163	0
589	1163	0
591	1163	0
593	1163	0
595	1163	0
596	1163	0
597	1163	0
598	1163	0
599	1163	0
600	1163	0
601	1163	0
602	1163	0
604	1163	0
605	1163	1
606	1163	0
607	1163	0
608	1163	0
609	1163	0
611	1163	0
612	1163	0
613	1163	0
614	1163	0
616	1163	0
617	1163	0
618	1163	0
619	1163	0
620	1163	0
621	1163	0
622	1163	0
624	1163	1
625	1163	0
626	1163	0
627	1163	0
628	1163	0
630	1163	0
632	1163	0
633	1163	0
634	1163	0
635	1163	0
636	1163	0
637	1163	0
638	1163	0
639	1163	0
640	1163	0
641	1163	0
642	1163	0
643	1163	0
644	1163	0
645	1163	0
646	1163	0
647	1163	0
648	1163	0
649	1163	0
650	1163	1
651	1163	0
652	1163	0
654	1163	0
655	1163	0
656	1163	0
657	1163	0
659	1163	0
660	1163	0
661	1163	0
662	1163	0
663	1163	0
664	1163	0
665	1163	0
666	1163	0
667	1163	0
668	1163	0
669	1163	0
670	1163	0
671	1163	0
672	1163	0
673	1163	0
674	1163	0
676	1163	0
677	1163	0
678	1163	0
679	1163	0
680	1163	0
681	1163	0
683	1163	0
684	1163	1
685	1163	1
686	1163	0
687	1163	0
688	1163	0
689	1163	0
690	1163	1
691	1163	0
692	1163	0
693	1163	0
694	1163	0
695	1163	0
696	1163	0
697	1163	1
698	1163	0
699	1163	0
700	1163	0
701	1163	0
703	1163	0
705	1163	0
706	1163	0
707	1163	0
709	1163	0
710	1163	0
711	1163	0
712	1163	0
713	1163	0
714	1163	1
715	1163	0
717	1163	0
718	1163	1
719	1163	0
720	1163	0
721	1163	0
722	1163	0
723	1163	0
724	1163	0
725	1163	0
726	1163	1
727	1163	0
728	1163	0
729	1163	0
730	1163	0
732	1163	0
734	1163	0
735	1163	0
736	1163	0
737	1163	0
738	1163	0
739	1163	1
740	1163	0
741	1163	0
742	1163	0
743	1163	0
744	1163	0
745	1163	0
746	1163	0
747	1163	0
748	1163	0
749	1163	1
752	1163	0
753	1163	0
754	1163	0
755	1163	0
756	1163	0
757	1163	0
758	1163	0
759	1163	0
760	1163	0
762	1163	0
764	1163	0
765	1163	0
766	1163	0
767	1163	0
768	1163	1
769	1163	1
770	1163	0
771	1163	0
772	1163	0
773	1163	0
775	1163	0
776	1163	0
777	1163	0
778	1163	0
780	1163	0
781	1163	0
782	1163	1
783	1163	0
784	1163	0
786	1163	0
787	1163	0
788	1163	0
790	1163	0
791	1163	0
792	1163	0
793	1163	0
794	1163	0
795	1163	0
796	1163	0
797	1163	0
798	1163	0
799	1163	0
800	1163	0
801	1163	0
802	1163	0
803	1163	0
804	1163	0
806	1163	1
807	1163	0
808	1163	0
810	1163	0
811	1163	0
814	1163	0
816	1163	0
818	1163	0
819	1163	0
820	1163	0
822	1163	0
823	1163	0
824	1163	0
825	1163	0
826	1163	0
827	1163	0
830	1163	0
831	1163	0
832	1163	0
833	1163	0
835	1163	0
836	1163	0
837	1163	0
838	1163	0
839	1163	0
840	1163	0
843	1163	0
844	1163	0
845	1163	0
848	1163	0
849	1163	0
850	1163	0
851	1163	1
852	1163	0
853	1163	0
854	1163	0
855	1163	0
856	1163	0
857	1163	0
861	1163	0
862	1163	0
863	1163	0
864	1163	0
866	1163	0
867	1163	0
868	1163	0
869	1163	0
871	1163	0
873	1163	0
875	1163	0
876	1163	0
877	1163	0
878	1163	0
880	1163	0
881	1163	0
882	1163	0
883	1163	0
884	1163	0
885	1163	0
887	1163	0
888	1163	0
889	1163	0
890	1163	0
891	1163	0
892	1163	0
893	1163	0
894	1163	0
895	1163	0
896	1163	0
897	1163	0
898	1163	0
899	1163	0
900	1163	0
901	1163	0
903	1163	0
904	1163	0
905	1163	0
907	1163	0
908	1163	0
909	1163	0
910	1163	0
911	1163	0
912	1163	0
913	1163	0
915	1163	0
916	1163	0
917	1163	0
918	1163	0
919	1163	0
920	1163	0
921	1163	1
922	1163	0
923	1163	0
924	1163	0
925	1163	0
926	1163	0
927	1163	0
928	1163	0
929	1163	0
934	1163	1
935	1163	0
936	1163	0
937	1163	0
939	1163	0
940	1163	0
941	1163	0
942	1163	1
943	1163	0
944	1163	0
945	1163	0
946	1163	0
948	1163	0
949	1163	0
950	1163	0
952	1163	0
953	1163	0
954	1163	0
955	1163	0
956	1163	1
957	1163	0
958	1163	0
959	1163	0
960	1163	0
961	1163	0
962	1163	0
963	1163	0
964	1163	0
965	1163	0
966	1163	0
967	1163	0
