1	1217	0
2	1217	0
3	1217	0
4	1217	0
5	1217	0
6	1217	0
7	1217	0
8	1217	1
9	1217	0
10	1217	0
11	1217	0
12	1217	1
13	1217	0
14	1217	0
16	1217	0
17	1217	0
18	1217	1
19	1217	0
20	1217	0
21	1217	0
22	1217	0
23	1217	0
24	1217	0
25	1217	0
26	1217	0
27	1217	0
28	1217	0
29	1217	0
31	1217	0
32	1217	0
33	1217	0
34	1217	1
35	1217	0
36	1217	1
37	1217	0
38	1217	0
39	1217	0
41	1217	1
42	1217	0
43	1217	0
44	1217	0
45	1217	1
46	1217	0
47	1217	1
48	1217	0
49	1217	0
50	1217	0
51	1217	0
52	1217	0
53	1217	0
54	1217	0
55	1217	0
56	1217	0
58	1217	0
59	1217	1
60	1217	0
61	1217	0
62	1217	0
63	1217	0
64	1217	1
65	1217	0
66	1217	0
67	1217	0
68	1217	0
69	1217	0
70	1217	0
71	1217	0
72	1217	0
73	1217	0
74	1217	0
75	1217	0
77	1217	0
78	1217	0
79	1217	0
80	1217	0
81	1217	1
82	1217	0
83	1217	0
84	1217	0
85	1217	0
86	1217	0
87	1217	0
88	1217	0
89	1217	0
91	1217	0
92	1217	0
93	1217	0
94	1217	1
95	1217	0
96	1217	1
97	1217	0
98	1217	1
99	1217	0
100	1217	0
101	1217	0
102	1217	0
103	1217	0
104	1217	0
105	1217	0
106	1217	0
107	1217	0
108	1217	0
109	1217	0
110	1217	1
111	1217	0
112	1217	0
113	1217	0
114	1217	0
115	1217	0
116	1217	0
117	1217	0
118	1217	0
119	1217	0
120	1217	0
121	1217	0
122	1217	0
123	1217	0
124	1217	0
125	1217	1
128	1217	0
129	1217	0
130	1217	0
131	1217	0
132	1217	0
133	1217	0
134	1217	0
135	1217	1
136	1217	0
137	1217	0
138	1217	1
139	1217	0
140	1217	0
141	1217	0
142	1217	0
143	1217	0
144	1217	0
145	1217	0
146	1217	0
147	1217	0
148	1217	0
150	1217	0
151	1217	0
152	1217	0
153	1217	0
154	1217	1
155	1217	0
156	1217	0
157	1217	0
158	1217	0
159	1217	0
161	1217	0
162	1217	0
163	1217	0
165	1217	0
166	1217	0
167	1217	0
168	1217	0
169	1217	0
170	1217	1
171	1217	1
172	1217	0
173	1217	0
174	1217	0
175	1217	0
177	1217	0
178	1217	0
179	1217	0
180	1217	0
181	1217	0
182	1217	0
183	1217	0
184	1217	0
185	1217	0
186	1217	0
187	1217	0
188	1217	1
189	1217	0
190	1217	0
191	1217	0
192	1217	0
193	1217	0
194	1217	0
195	1217	0
196	1217	0
197	1217	0
198	1217	0
199	1217	0
200	1217	0
201	1217	0
202	1217	0
203	1217	0
204	1217	0
206	1217	0
207	1217	0
208	1217	0
209	1217	0
210	1217	0
211	1217	1
212	1217	0
214	1217	1
215	1217	0
216	1217	0
217	1217	0
218	1217	0
219	1217	0
220	1217	0
221	1217	1
222	1217	0
223	1217	0
224	1217	0
226	1217	0
227	1217	0
228	1217	0
230	1217	0
231	1217	0
232	1217	0
233	1217	0
234	1217	0
235	1217	0
236	1217	0
237	1217	0
238	1217	0
239	1217	0
240	1217	0
241	1217	0
242	1217	0
243	1217	0
244	1217	0
245	1217	0
246	1217	0
247	1217	0
248	1217	0
249	1217	0
250	1217	0
251	1217	0
252	1217	0
253	1217	1
254	1217	0
255	1217	0
256	1217	1
257	1217	0
258	1217	0
259	1217	0
260	1217	0
261	1217	0
262	1217	0
263	1217	0
264	1217	0
265	1217	0
266	1217	0
267	1217	0
268	1217	0
270	1217	0
271	1217	0
272	1217	0
273	1217	0
274	1217	0
275	1217	0
277	1217	0
278	1217	0
280	1217	0
281	1217	0
282	1217	0
283	1217	0
284	1217	0
285	1217	0
286	1217	0
287	1217	0
288	1217	1
289	1217	0
290	1217	0
291	1217	0
292	1217	0
293	1217	0
294	1217	0
295	1217	0
296	1217	0
297	1217	0
298	1217	0
300	1217	0
301	1217	0
302	1217	0
303	1217	0
304	1217	0
305	1217	0
306	1217	0
307	1217	0
308	1217	1
309	1217	0
310	1217	0
311	1217	0
312	1217	1
313	1217	0
314	1217	0
315	1217	0
316	1217	0
317	1217	0
318	1217	0
320	1217	0
321	1217	0
322	1217	0
323	1217	0
324	1217	0
325	1217	0
326	1217	0
328	1217	0
329	1217	0
331	1217	0
332	1217	0
333	1217	0
334	1217	1
336	1217	1
337	1217	0
338	1217	0
339	1217	0
340	1217	0
341	1217	0
342	1217	0
343	1217	0
344	1217	0
345	1217	1
346	1217	0
347	1217	0
348	1217	0
349	1217	1
350	1217	0
351	1217	0
352	1217	0
353	1217	0
355	1217	0
356	1217	0
357	1217	0
358	1217	0
359	1217	0
360	1217	1
361	1217	0
362	1217	1
363	1217	0
364	1217	1
365	1217	0
366	1217	0
367	1217	0
368	1217	0
369	1217	0
370	1217	1
371	1217	1
372	1217	0
373	1217	1
374	1217	0
375	1217	1
376	1217	0
377	1217	1
378	1217	1
379	1217	0
380	1217	1
381	1217	0
382	1217	0
383	1217	0
384	1217	0
385	1217	0
386	1217	0
388	1217	0
389	1217	1
391	1217	0
392	1217	0
393	1217	0
394	1217	0
395	1217	1
396	1217	0
397	1217	0
398	1217	0
399	1217	0
400	1217	0
401	1217	0
402	1217	0
403	1217	0
404	1217	0
405	1217	0
406	1217	0
407	1217	0
408	1217	0
410	1217	0
411	1217	0
412	1217	0
413	1217	0
415	1217	0
416	1217	0
417	1217	0
418	1217	0
419	1217	0
420	1217	0
421	1217	0
422	1217	0
423	1217	0
424	1217	1
425	1217	0
426	1217	0
427	1217	0
428	1217	0
429	1217	0
430	1217	0
431	1217	0
432	1217	0
433	1217	0
434	1217	0
435	1217	0
436	1217	0
437	1217	0
438	1217	0
439	1217	0
440	1217	0
441	1217	0
442	1217	0
443	1217	0
444	1217	0
445	1217	0
446	1217	0
447	1217	0
448	1217	0
449	1217	1
450	1217	0
451	1217	0
452	1217	0
453	1217	0
454	1217	0
455	1217	0
456	1217	0
457	1217	0
458	1217	1
459	1217	0
460	1217	0
461	1217	0
462	1217	0
463	1217	0
464	1217	0
465	1217	1
466	1217	0
467	1217	0
468	1217	0
469	1217	0
470	1217	0
471	1217	0
472	1217	0
473	1217	0
474	1217	0
475	1217	1
476	1217	0
477	1217	0
478	1217	0
479	1217	0
480	1217	0
481	1217	0
482	1217	0
483	1217	0
484	1217	0
485	1217	0
486	1217	0
487	1217	0
488	1217	1
489	1217	1
490	1217	1
491	1217	0
493	1217	0
494	1217	0
495	1217	0
496	1217	0
497	1217	0
499	1217	0
500	1217	0
501	1217	0
502	1217	0
503	1217	1
504	1217	0
505	1217	0
506	1217	0
507	1217	1
508	1217	1
509	1217	0
510	1217	0
511	1217	0
512	1217	0
513	1217	0
514	1217	1
515	1217	0
516	1217	0
517	1217	0
518	1217	0
519	1217	0
520	1217	1
521	1217	0
522	1217	0
523	1217	0
524	1217	0
525	1217	0
526	1217	0
527	1217	0
529	1217	0
530	1217	1
531	1217	0
533	1217	0
534	1217	0
535	1217	0
536	1217	0
537	1217	0
538	1217	0
539	1217	0
540	1217	0
541	1217	0
542	1217	0
543	1217	0
544	1217	1
545	1217	0
546	1217	0
547	1217	0
548	1217	0
549	1217	1
550	1217	0
551	1217	0
553	1217	0
554	1217	0
555	1217	0
556	1217	0
557	1217	0
558	1217	0
560	1217	0
561	1217	0
562	1217	1
563	1217	0
564	1217	0
565	1217	0
566	1217	0
567	1217	0
568	1217	0
569	1217	1
570	1217	0
571	1217	0
572	1217	0
574	1217	0
575	1217	0
576	1217	1
577	1217	0
578	1217	0
579	1217	0
581	1217	0
582	1217	0
583	1217	0
584	1217	0
585	1217	1
586	1217	0
587	1217	0
588	1217	0
589	1217	0
590	1217	0
591	1217	0
593	1217	0
595	1217	0
596	1217	0
597	1217	0
598	1217	0
599	1217	0
600	1217	1
601	1217	0
602	1217	0
604	1217	0
605	1217	0
606	1217	0
607	1217	0
608	1217	0
609	1217	0
611	1217	0
612	1217	0
614	1217	0
615	1217	0
616	1217	0
617	1217	0
618	1217	0
619	1217	0
621	1217	0
622	1217	0
624	1217	0
625	1217	0
626	1217	0
627	1217	0
628	1217	0
630	1217	0
632	1217	0
633	1217	0
634	1217	0
635	1217	0
636	1217	0
637	1217	0
638	1217	0
639	1217	0
640	1217	0
641	1217	0
642	1217	0
645	1217	1
646	1217	0
647	1217	0
648	1217	0
649	1217	0
650	1217	0
651	1217	0
652	1217	1
653	1217	0
654	1217	0
655	1217	0
656	1217	0
657	1217	0
658	1217	0
659	1217	0
660	1217	1
661	1217	1
662	1217	0
663	1217	0
664	1217	0
666	1217	1
667	1217	0
668	1217	0
669	1217	0
670	1217	0
671	1217	0
672	1217	0
673	1217	0
674	1217	1
675	1217	0
676	1217	0
677	1217	0
678	1217	0
679	1217	0
680	1217	0
681	1217	0
682	1217	0
683	1217	0
684	1217	0
685	1217	0
686	1217	0
687	1217	0
688	1217	0
689	1217	0
690	1217	0
691	1217	1
692	1217	0
693	1217	1
694	1217	1
696	1217	0
697	1217	0
698	1217	0
699	1217	0
701	1217	0
702	1217	0
703	1217	0
704	1217	0
705	1217	0
706	1217	0
707	1217	0
708	1217	0
709	1217	0
710	1217	0
711	1217	0
712	1217	0
713	1217	0
715	1217	0
716	1217	0
717	1217	0
718	1217	1
719	1217	0
720	1217	0
721	1217	1
722	1217	1
723	1217	0
724	1217	0
725	1217	0
726	1217	0
727	1217	0
728	1217	0
729	1217	1
730	1217	0
731	1217	0
732	1217	0
733	1217	0
734	1217	0
735	1217	0
736	1217	0
737	1217	0
738	1217	0
739	1217	0
740	1217	0
741	1217	0
742	1217	0
743	1217	0
744	1217	0
745	1217	0
747	1217	0
748	1217	0
749	1217	0
750	1217	0
751	1217	0
752	1217	0
753	1217	0
754	1217	0
755	1217	0
756	1217	0
757	1217	0
758	1217	1
759	1217	0
760	1217	0
761	1217	0
762	1217	0
764	1217	0
765	1217	0
766	1217	0
767	1217	0
768	1217	0
769	1217	0
770	1217	0
771	1217	1
772	1217	0
773	1217	1
775	1217	0
776	1217	0
777	1217	1
778	1217	0
779	1217	0
780	1217	0
781	1217	0
782	1217	0
783	1217	0
784	1217	0
785	1217	0
786	1217	0
787	1217	0
788	1217	0
789	1217	0
790	1217	0
791	1217	0
792	1217	0
793	1217	0
794	1217	0
795	1217	0
796	1217	0
797	1217	0
798	1217	0
799	1217	0
800	1217	0
801	1217	0
802	1217	0
803	1217	0
804	1217	0
805	1217	0
806	1217	0
807	1217	0
808	1217	0
809	1217	0
810	1217	0
811	1217	0
812	1217	0
814	1217	0
816	1217	0
817	1217	0
818	1217	0
819	1217	0
820	1217	0
822	1217	0
823	1217	0
824	1217	0
825	1217	0
826	1217	0
827	1217	0
829	1217	1
830	1217	1
831	1217	1
832	1217	1
833	1217	1
834	1217	0
835	1217	0
836	1217	0
838	1217	0
839	1217	0
840	1217	0
841	1217	0
842	1217	0
843	1217	0
844	1217	0
845	1217	0
846	1217	0
847	1217	0
848	1217	0
849	1217	0
850	1217	0
851	1217	0
852	1217	0
853	1217	0
854	1217	0
855	1217	0
856	1217	0
857	1217	1
858	1217	0
859	1217	0
860	1217	0
861	1217	0
862	1217	0
863	1217	0
864	1217	0
865	1217	0
866	1217	0
867	1217	0
868	1217	0
869	1217	1
870	1217	0
871	1217	0
872	1217	0
873	1217	0
874	1217	0
875	1217	0
876	1217	0
877	1217	0
878	1217	0
880	1217	0
881	1217	0
882	1217	0
883	1217	0
884	1217	0
885	1217	0
886	1217	0
887	1217	0
888	1217	0
889	1217	0
890	1217	0
891	1217	0
892	1217	0
893	1217	0
894	1217	0
895	1217	0
896	1217	0
897	1217	0
898	1217	0
899	1217	0
900	1217	0
901	1217	0
902	1217	0
903	1217	0
904	1217	0
905	1217	0
907	1217	0
908	1217	0
909	1217	0
910	1217	0
911	1217	0
912	1217	0
913	1217	0
915	1217	0
916	1217	0
917	1217	1
918	1217	0
919	1217	0
920	1217	0
921	1217	0
922	1217	0
923	1217	0
924	1217	0
925	1217	0
926	1217	0
927	1217	0
928	1217	1
929	1217	0
930	1217	0
931	1217	0
933	1217	0
935	1217	0
936	1217	0
937	1217	1
939	1217	0
940	1217	0
941	1217	0
942	1217	0
943	1217	0
944	1217	0
945	1217	0
946	1217	0
947	1217	0
948	1217	0
949	1217	0
953	1217	0
955	1217	0
957	1217	0
958	1217	0
959	1217	0
960	1217	0
961	1217	0
962	1217	0
963	1217	0
964	1217	0
965	1217	0
966	1217	0
967	1217	1
