0	1178	0
1	1178	0
2	1178	0
3	1178	0
4	1178	0
5	1178	0
6	1178	0
7	1178	0
8	1178	1
9	1178	0
10	1178	0
11	1178	0
12	1178	0
13	1178	0
16	1178	0
17	1178	0
18	1178	0
19	1178	0
20	1178	0
21	1178	0
22	1178	0
23	1178	0
24	1178	0
25	1178	0
26	1178	0
27	1178	0
30	1178	0
31	1178	0
32	1178	0
33	1178	0
34	1178	0
36	1178	0
37	1178	0
38	1178	1
39	1178	0
40	1178	0
41	1178	0
42	1178	1
43	1178	0
45	1178	0
46	1178	0
47	1178	1
48	1178	0
49	1178	0
51	1178	0
53	1178	1
54	1178	0
55	1178	0
56	1178	0
58	1178	0
59	1178	0
60	1178	0
61	1178	0
62	1178	0
63	1178	0
64	1178	1
65	1178	0
66	1178	0
67	1178	0
68	1178	0
69	1178	0
70	1178	0
71	1178	0
72	1178	0
74	1178	0
75	1178	0
77	1178	0
78	1178	1
79	1178	0
80	1178	1
81	1178	0
82	1178	0
83	1178	0
84	1178	0
85	1178	0
86	1178	0
87	1178	0
89	1178	0
90	1178	0
91	1178	0
92	1178	0
93	1178	0
94	1178	0
95	1178	0
96	1178	1
97	1178	0
98	1178	1
99	1178	0
100	1178	0
101	1178	0
102	1178	1
103	1178	0
104	1178	0
105	1178	0
106	1178	0
107	1178	0
108	1178	0
109	1178	0
110	1178	1
111	1178	0
112	1178	0
113	1178	0
114	1178	0
115	1178	0
116	1178	0
117	1178	0
118	1178	0
120	1178	0
121	1178	0
124	1178	0
125	1178	0
129	1178	0
130	1178	0
131	1178	0
132	1178	0
133	1178	0
134	1178	0
135	1178	0
136	1178	0
137	1178	0
138	1178	0
139	1178	0
140	1178	0
141	1178	1
142	1178	0
144	1178	0
145	1178	0
146	1178	0
147	1178	0
148	1178	0
149	1178	0
151	1178	0
152	1178	0
153	1178	0
154	1178	0
155	1178	0
156	1178	1
157	1178	0
158	1178	0
159	1178	0
160	1178	0
162	1178	0
163	1178	0
164	1178	0
165	1178	0
166	1178	0
167	1178	1
168	1178	0
169	1178	0
170	1178	0
171	1178	0
172	1178	0
173	1178	0
174	1178	0
175	1178	0
178	1178	0
179	1178	0
180	1178	0
181	1178	0
182	1178	0
183	1178	0
184	1178	1
185	1178	0
186	1178	0
187	1178	0
188	1178	1
190	1178	1
191	1178	1
192	1178	1
193	1178	0
194	1178	1
195	1178	0
196	1178	1
197	1178	1
198	1178	0
199	1178	0
200	1178	0
201	1178	0
202	1178	0
203	1178	0
204	1178	0
206	1178	0
207	1178	1
208	1178	0
209	1178	0
210	1178	0
211	1178	0
212	1178	0
213	1178	0
214	1178	0
215	1178	0
216	1178	0
217	1178	0
218	1178	0
219	1178	0
221	1178	0
222	1178	0
223	1178	0
224	1178	0
225	1178	0
227	1178	0
228	1178	0
229	1178	0
230	1178	0
232	1178	0
233	1178	0
234	1178	0
235	1178	0
236	1178	1
237	1178	0
239	1178	0
240	1178	0
245	1178	0
246	1178	1
247	1178	0
248	1178	0
249	1178	0
251	1178	0
252	1178	0
253	1178	0
254	1178	0
255	1178	0
256	1178	0
257	1178	0
258	1178	0
259	1178	0
260	1178	0
261	1178	0
262	1178	0
263	1178	0
264	1178	0
265	1178	0
266	1178	0
267	1178	0
268	1178	0
270	1178	0
271	1178	0
272	1178	0
273	1178	0
274	1178	0
275	1178	0
277	1178	0
280	1178	0
281	1178	0
282	1178	0
283	1178	0
284	1178	0
285	1178	0
286	1178	0
287	1178	1
288	1178	1
289	1178	0
290	1178	0
291	1178	0
293	1178	0
295	1178	0
296	1178	0
298	1178	0
302	1178	0
303	1178	0
304	1178	0
305	1178	0
306	1178	0
308	1178	0
310	1178	0
312	1178	0
313	1178	0
314	1178	0
315	1178	0
316	1178	0
317	1178	0
318	1178	0
319	1178	0
321	1178	0
322	1178	0
323	1178	0
324	1178	0
325	1178	0
326	1178	0
327	1178	0
329	1178	0
330	1178	0
331	1178	0
332	1178	0
333	1178	0
334	1178	0
336	1178	0
337	1178	0
338	1178	0
340	1178	0
341	1178	0
343	1178	0
344	1178	0
345	1178	0
346	1178	0
347	1178	0
348	1178	0
350	1178	0
351	1178	0
352	1178	0
353	1178	0
354	1178	1
355	1178	0
356	1178	0
357	1178	0
358	1178	0
359	1178	0
360	1178	0
361	1178	0
362	1178	0
363	1178	1
364	1178	0
365	1178	0
366	1178	0
369	1178	0
370	1178	0
371	1178	0
372	1178	0
373	1178	1
374	1178	0
376	1178	0
377	1178	0
378	1178	1
379	1178	1
380	1178	0
381	1178	0
382	1178	0
383	1178	0
384	1178	0
385	1178	0
386	1178	0
387	1178	0
388	1178	0
389	1178	0
391	1178	0
392	1178	0
393	1178	0
394	1178	1
395	1178	0
397	1178	0
398	1178	0
399	1178	0
401	1178	0
402	1178	0
403	1178	0
404	1178	0
405	1178	0
406	1178	0
407	1178	0
409	1178	0
410	1178	0
412	1178	0
414	1178	0
415	1178	0
416	1178	0
417	1178	0
418	1178	0
420	1178	0
421	1178	0
422	1178	0
423	1178	0
424	1178	1
425	1178	0
426	1178	1
428	1178	0
429	1178	0
430	1178	0
431	1178	0
432	1178	0
433	1178	0
434	1178	0
435	1178	0
436	1178	0
438	1178	0
439	1178	0
440	1178	0
441	1178	0
442	1178	0
443	1178	0
444	1178	0
445	1178	0
446	1178	0
447	1178	0
448	1178	0
449	1178	0
450	1178	0
452	1178	0
453	1178	0
454	1178	0
455	1178	0
456	1178	0
457	1178	0
458	1178	0
459	1178	0
461	1178	0
462	1178	0
464	1178	0
465	1178	0
466	1178	0
467	1178	0
468	1178	0
469	1178	0
470	1178	0
471	1178	0
472	1178	0
473	1178	0
474	1178	0
475	1178	0
476	1178	0
477	1178	0
478	1178	0
479	1178	0
480	1178	0
481	1178	0
483	1178	0
484	1178	0
486	1178	0
487	1178	0
488	1178	0
489	1178	1
490	1178	0
492	1178	0
494	1178	0
496	1178	0
497	1178	0
498	1178	0
500	1178	0
501	1178	0
502	1178	0
503	1178	1
504	1178	0
505	1178	0
506	1178	1
507	1178	1
508	1178	1
509	1178	0
510	1178	0
511	1178	0
512	1178	0
513	1178	0
514	1178	0
515	1178	0
516	1178	1
517	1178	0
518	1178	0
519	1178	0
520	1178	1
521	1178	0
522	1178	0
523	1178	0
524	1178	0
525	1178	1
526	1178	0
527	1178	0
528	1178	0
529	1178	0
530	1178	0
531	1178	0
533	1178	0
534	1178	0
535	1178	0
536	1178	0
538	1178	0
539	1178	0
540	1178	0
541	1178	0
542	1178	1
543	1178	0
544	1178	0
545	1178	0
546	1178	0
547	1178	0
550	1178	0
553	1178	0
555	1178	0
556	1178	0
557	1178	0
558	1178	0
560	1178	0
561	1178	0
562	1178	0
563	1178	0
565	1178	0
567	1178	0
568	1178	0
569	1178	0
571	1178	0
574	1178	0
575	1178	0
576	1178	0
577	1178	0
580	1178	0
581	1178	0
582	1178	0
583	1178	0
584	1178	0
585	1178	0
586	1178	0
588	1178	0
589	1178	0
591	1178	0
593	1178	0
595	1178	0
596	1178	0
597	1178	0
598	1178	0
599	1178	0
600	1178	0
601	1178	0
602	1178	0
604	1178	0
606	1178	0
607	1178	0
608	1178	0
612	1178	0
613	1178	0
614	1178	1
615	1178	0
616	1178	0
617	1178	0
618	1178	0
619	1178	0
620	1178	0
621	1178	0
622	1178	0
624	1178	0
625	1178	0
627	1178	0
628	1178	0
630	1178	0
632	1178	0
633	1178	0
634	1178	0
635	1178	0
636	1178	0
637	1178	0
638	1178	0
639	1178	0
640	1178	0
641	1178	0
642	1178	0
643	1178	0
644	1178	0
645	1178	0
646	1178	0
648	1178	0
649	1178	0
650	1178	0
652	1178	0
653	1178	0
654	1178	0
655	1178	0
656	1178	0
657	1178	0
658	1178	0
659	1178	0
660	1178	0
661	1178	0
662	1178	0
663	1178	0
664	1178	0
665	1178	1
666	1178	0
667	1178	0
668	1178	0
669	1178	0
670	1178	0
671	1178	0
672	1178	1
673	1178	0
674	1178	1
675	1178	0
676	1178	0
677	1178	0
678	1178	0
679	1178	0
680	1178	0
681	1178	0
682	1178	0
683	1178	0
684	1178	1
685	1178	0
686	1178	0
687	1178	0
688	1178	0
689	1178	0
690	1178	1
691	1178	0
692	1178	0
693	1178	0
694	1178	0
695	1178	0
696	1178	0
698	1178	0
699	1178	0
700	1178	0
702	1178	0
703	1178	0
704	1178	0
705	1178	0
706	1178	0
707	1178	0
709	1178	1
710	1178	0
711	1178	0
712	1178	0
713	1178	0
714	1178	0
717	1178	0
718	1178	0
719	1178	0
720	1178	0
721	1178	0
722	1178	0
723	1178	0
724	1178	0
725	1178	0
726	1178	1
727	1178	0
728	1178	0
729	1178	1
730	1178	0
732	1178	1
734	1178	0
735	1178	0
736	1178	0
737	1178	0
738	1178	0
740	1178	0
741	1178	0
742	1178	0
745	1178	0
746	1178	0
747	1178	0
748	1178	1
749	1178	0
750	1178	1
752	1178	0
753	1178	0
754	1178	0
755	1178	0
756	1178	0
757	1178	0
758	1178	0
759	1178	0
760	1178	0
761	1178	0
762	1178	0
765	1178	0
766	1178	0
767	1178	0
768	1178	0
769	1178	0
770	1178	0
771	1178	0
772	1178	0
773	1178	0
775	1178	0
776	1178	0
777	1178	0
778	1178	0
779	1178	0
780	1178	0
781	1178	0
782	1178	0
783	1178	0
784	1178	0
785	1178	0
786	1178	0
787	1178	0
790	1178	0
792	1178	0
793	1178	0
794	1178	0
795	1178	0
796	1178	0
797	1178	0
799	1178	0
800	1178	0
801	1178	0
802	1178	0
804	1178	0
805	1178	1
806	1178	1
807	1178	0
808	1178	0
810	1178	0
811	1178	0
814	1178	0
816	1178	0
818	1178	0
819	1178	0
820	1178	0
822	1178	0
823	1178	0
824	1178	0
825	1178	0
826	1178	0
827	1178	0
829	1178	0
830	1178	0
831	1178	0
832	1178	0
833	1178	1
834	1178	0
836	1178	1
837	1178	0
838	1178	0
839	1178	0
840	1178	0
843	1178	0
845	1178	0
848	1178	0
849	1178	0
850	1178	0
852	1178	0
853	1178	0
854	1178	0
855	1178	0
856	1178	0
857	1178	0
861	1178	0
862	1178	0
863	1178	1
864	1178	0
866	1178	0
867	1178	0
868	1178	0
869	1178	0
870	1178	0
871	1178	0
872	1178	0
873	1178	0
874	1178	0
875	1178	0
876	1178	0
877	1178	0
878	1178	0
880	1178	0
881	1178	0
882	1178	0
883	1178	0
884	1178	0
885	1178	0
887	1178	0
888	1178	0
889	1178	0
890	1178	0
891	1178	0
892	1178	0
894	1178	1
895	1178	1
896	1178	0
897	1178	0
899	1178	0
900	1178	0
901	1178	0
904	1178	0
905	1178	0
910	1178	0
911	1178	1
912	1178	0
913	1178	0
914	1178	0
915	1178	0
916	1178	0
917	1178	0
918	1178	0
919	1178	0
921	1178	0
922	1178	0
923	1178	0
924	1178	0
925	1178	0
926	1178	0
927	1178	0
928	1178	0
929	1178	0
933	1178	0
934	1178	0
935	1178	0
936	1178	0
937	1178	0
938	1178	0
939	1178	0
940	1178	0
941	1178	0
942	1178	0
943	1178	0
944	1178	0
945	1178	0
946	1178	0
948	1178	0
949	1178	0
950	1178	0
952	1178	1
953	1178	1
954	1178	0
955	1178	0
956	1178	1
957	1178	0
958	1178	0
959	1178	0
960	1178	0
961	1178	0
962	1178	0
963	1178	0
964	1178	1
965	1178	0
966	1178	0
967	1178	0
