0	1070	0
1	1070	0
2	1070	0
3	1070	0
4	1070	0
5	1070	0
6	1070	0
7	1070	0
8	1070	1
9	1070	0
10	1070	0
11	1070	0
12	1070	0
13	1070	0
14	1070	0
15	1070	0
16	1070	0
17	1070	1
18	1070	1
19	1070	0
20	1070	0
21	1070	0
22	1070	0
23	1070	0
24	1070	0
26	1070	0
27	1070	1
28	1070	0
29	1070	0
30	1070	0
31	1070	0
32	1070	1
33	1070	1
34	1070	0
35	1070	0
36	1070	0
37	1070	0
38	1070	0
39	1070	1
40	1070	0
42	1070	0
43	1070	0
44	1070	0
45	1070	1
46	1070	0
47	1070	1
48	1070	0
49	1070	0
50	1070	0
51	1070	0
52	1070	0
53	1070	0
54	1070	0
55	1070	0
56	1070	0
57	1070	0
58	1070	0
59	1070	1
60	1070	0
61	1070	0
62	1070	0
64	1070	1
65	1070	0
66	1070	0
67	1070	0
68	1070	0
69	1070	0
70	1070	0
71	1070	0
72	1070	0
73	1070	0
74	1070	0
75	1070	0
76	1070	0
77	1070	0
78	1070	0
79	1070	0
80	1070	0
81	1070	0
82	1070	0
83	1070	0
84	1070	0
85	1070	0
86	1070	0
87	1070	0
88	1070	0
89	1070	0
90	1070	0
91	1070	0
92	1070	0
93	1070	0
94	1070	0
95	1070	0
96	1070	0
97	1070	0
98	1070	0
99	1070	0
100	1070	0
102	1070	1
103	1070	0
104	1070	1
105	1070	1
106	1070	0
109	1070	1
111	1070	0
112	1070	0
113	1070	0
114	1070	0
115	1070	0
116	1070	0
117	1070	0
118	1070	0
119	1070	0
120	1070	0
121	1070	0
122	1070	0
123	1070	0
124	1070	0
125	1070	0
126	1070	0
127	1070	1
129	1070	0
130	1070	0
131	1070	0
132	1070	0
133	1070	0
134	1070	0
136	1070	0
137	1070	0
138	1070	1
139	1070	0
140	1070	0
141	1070	0
142	1070	0
143	1070	1
144	1070	0
145	1070	0
146	1070	0
147	1070	0
148	1070	1
149	1070	0
150	1070	0
151	1070	0
152	1070	0
153	1070	0
154	1070	0
155	1070	0
156	1070	0
157	1070	0
158	1070	0
159	1070	0
160	1070	0
161	1070	0
162	1070	0
163	1070	1
165	1070	0
166	1070	0
167	1070	0
168	1070	0
169	1070	0
170	1070	1
171	1070	0
172	1070	0
173	1070	0
174	1070	0
175	1070	0
177	1070	0
178	1070	0
179	1070	0
180	1070	0
182	1070	0
183	1070	0
184	1070	1
185	1070	0
186	1070	0
187	1070	0
188	1070	0
189	1070	0
190	1070	0
191	1070	0
192	1070	0
193	1070	0
194	1070	0
195	1070	0
196	1070	1
197	1070	1
198	1070	0
199	1070	0
200	1070	1
201	1070	0
202	1070	0
203	1070	0
204	1070	0
206	1070	1
207	1070	0
208	1070	1
210	1070	0
211	1070	0
212	1070	1
213	1070	0
214	1070	1
215	1070	0
216	1070	0
217	1070	0
218	1070	0
219	1070	0
220	1070	0
222	1070	0
223	1070	0
224	1070	0
225	1070	0
226	1070	0
227	1070	1
228	1070	1
229	1070	0
230	1070	0
231	1070	0
232	1070	0
233	1070	0
234	1070	0
235	1070	0
236	1070	0
237	1070	0
238	1070	0
239	1070	0
240	1070	0
241	1070	0
242	1070	0
244	1070	0
245	1070	1
246	1070	0
247	1070	0
248	1070	0
249	1070	0
250	1070	0
251	1070	0
252	1070	0
253	1070	0
254	1070	1
255	1070	0
256	1070	0
258	1070	0
259	1070	0
260	1070	0
261	1070	0
262	1070	0
263	1070	1
264	1070	0
265	1070	0
266	1070	0
267	1070	0
268	1070	0
269	1070	0
270	1070	0
271	1070	0
272	1070	0
273	1070	0
274	1070	0
275	1070	0
276	1070	0
277	1070	0
278	1070	0
279	1070	0
280	1070	0
281	1070	0
282	1070	0
283	1070	0
284	1070	0
285	1070	0
286	1070	0
287	1070	0
288	1070	0
289	1070	0
290	1070	1
291	1070	0
292	1070	0
293	1070	0
294	1070	0
295	1070	0
296	1070	0
297	1070	0
298	1070	0
299	1070	0
300	1070	0
301	1070	1
302	1070	0
303	1070	1
304	1070	0
305	1070	0
306	1070	0
307	1070	0
308	1070	0
309	1070	0
310	1070	0
311	1070	0
312	1070	0
313	1070	0
314	1070	0
315	1070	0
316	1070	0
317	1070	0
318	1070	0
319	1070	0
320	1070	0
321	1070	0
322	1070	0
323	1070	0
324	1070	0
325	1070	0
326	1070	0
327	1070	0
328	1070	1
329	1070	0
330	1070	0
331	1070	0
333	1070	0
335	1070	0
336	1070	1
337	1070	0
338	1070	0
339	1070	0
340	1070	0
341	1070	0
342	1070	0
343	1070	0
344	1070	0
346	1070	0
347	1070	0
348	1070	0
349	1070	0
350	1070	0
351	1070	0
352	1070	0
354	1070	0
355	1070	0
357	1070	0
358	1070	0
359	1070	0
360	1070	1
361	1070	1
363	1070	0
364	1070	0
365	1070	0
366	1070	0
367	1070	0
368	1070	0
371	1070	0
372	1070	0
373	1070	1
374	1070	0
375	1070	1
377	1070	0
378	1070	1
379	1070	0
380	1070	0
381	1070	0
382	1070	0
383	1070	0
384	1070	0
385	1070	0
386	1070	0
387	1070	0
388	1070	0
389	1070	0
390	1070	0
391	1070	0
393	1070	0
394	1070	0
395	1070	0
397	1070	0
398	1070	0
399	1070	0
400	1070	0
401	1070	0
402	1070	1
403	1070	0
404	1070	1
405	1070	0
406	1070	0
407	1070	0
408	1070	0
409	1070	0
410	1070	0
411	1070	0
412	1070	0
413	1070	0
414	1070	0
415	1070	0
416	1070	0
417	1070	0
418	1070	0
419	1070	0
420	1070	0
421	1070	0
422	1070	0
423	1070	0
424	1070	0
425	1070	0
426	1070	0
427	1070	0
428	1070	0
429	1070	0
430	1070	0
431	1070	0
432	1070	1
433	1070	0
434	1070	0
435	1070	0
436	1070	0
437	1070	0
438	1070	0
439	1070	0
440	1070	0
441	1070	0
442	1070	0
443	1070	0
444	1070	0
445	1070	0
446	1070	1
447	1070	0
448	1070	0
449	1070	0
450	1070	0
451	1070	0
452	1070	0
453	1070	1
454	1070	0
455	1070	0
456	1070	1
457	1070	1
458	1070	0
459	1070	0
460	1070	0
461	1070	0
462	1070	0
463	1070	0
464	1070	0
465	1070	0
466	1070	0
467	1070	0
468	1070	0
469	1070	0
470	1070	0
471	1070	0
472	1070	0
473	1070	0
474	1070	0
475	1070	0
476	1070	0
477	1070	0
478	1070	0
480	1070	0
481	1070	0
482	1070	0
483	1070	0
484	1070	0
485	1070	0
486	1070	0
487	1070	0
489	1070	0
490	1070	0
491	1070	0
492	1070	0
493	1070	0
495	1070	0
496	1070	1
497	1070	0
499	1070	0
500	1070	0
501	1070	0
502	1070	1
503	1070	1
505	1070	1
506	1070	1
508	1070	1
509	1070	1
510	1070	0
511	1070	0
512	1070	0
513	1070	0
514	1070	1
515	1070	0
516	1070	0
517	1070	0
518	1070	1
519	1070	0
520	1070	1
521	1070	0
523	1070	0
524	1070	0
525	1070	0
526	1070	0
527	1070	0
528	1070	1
529	1070	0
531	1070	1
533	1070	0
534	1070	0
536	1070	0
537	1070	0
538	1070	0
540	1070	0
541	1070	0
542	1070	1
543	1070	0
544	1070	0
546	1070	0
547	1070	0
548	1070	0
549	1070	0
550	1070	0
551	1070	0
553	1070	0
554	1070	0
555	1070	0
556	1070	0
557	1070	0
558	1070	0
559	1070	0
560	1070	1
561	1070	0
562	1070	0
563	1070	0
564	1070	0
565	1070	0
566	1070	0
567	1070	0
568	1070	0
569	1070	0
570	1070	0
571	1070	0
572	1070	1
574	1070	0
575	1070	0
576	1070	0
577	1070	0
578	1070	0
579	1070	0
580	1070	0
582	1070	0
583	1070	0
584	1070	0
585	1070	0
586	1070	0
587	1070	0
588	1070	0
589	1070	0
590	1070	0
591	1070	0
592	1070	0
593	1070	1
594	1070	0
595	1070	0
596	1070	0
597	1070	1
598	1070	0
599	1070	0
600	1070	0
601	1070	0
602	1070	0
604	1070	0
605	1070	0
606	1070	0
607	1070	0
609	1070	0
611	1070	0
612	1070	0
613	1070	0
614	1070	0
615	1070	0
616	1070	0
617	1070	0
618	1070	0
619	1070	0
620	1070	0
621	1070	0
622	1070	0
624	1070	0
625	1070	0
626	1070	0
627	1070	0
628	1070	0
630	1070	0
631	1070	0
632	1070	0
633	1070	0
635	1070	0
636	1070	0
637	1070	1
640	1070	0
641	1070	0
642	1070	0
643	1070	0
644	1070	0
645	1070	0
646	1070	0
647	1070	0
648	1070	0
649	1070	0
650	1070	0
651	1070	0
652	1070	0
653	1070	0
654	1070	0
655	1070	0
656	1070	0
657	1070	1
658	1070	0
659	1070	0
660	1070	0
661	1070	1
662	1070	1
663	1070	1
664	1070	0
666	1070	1
667	1070	0
668	1070	0
669	1070	0
670	1070	0
671	1070	0
672	1070	0
673	1070	0
674	1070	0
675	1070	0
676	1070	0
677	1070	0
678	1070	0
679	1070	1
680	1070	0
681	1070	0
682	1070	0
683	1070	0
684	1070	0
685	1070	0
686	1070	0
687	1070	0
688	1070	0
689	1070	0
690	1070	0
691	1070	1
692	1070	1
693	1070	0
694	1070	1
695	1070	1
696	1070	0
697	1070	0
698	1070	0
699	1070	0
700	1070	0
701	1070	0
702	1070	0
703	1070	0
704	1070	0
705	1070	0
706	1070	0
707	1070	0
708	1070	0
709	1070	0
710	1070	0
711	1070	0
712	1070	0
713	1070	1
714	1070	0
715	1070	1
716	1070	0
717	1070	0
718	1070	0
719	1070	0
720	1070	0
721	1070	1
722	1070	0
723	1070	0
724	1070	0
725	1070	0
726	1070	1
727	1070	0
728	1070	0
730	1070	0
731	1070	0
732	1070	0
733	1070	0
734	1070	0
735	1070	0
736	1070	0
737	1070	0
738	1070	0
739	1070	0
740	1070	0
741	1070	0
742	1070	0
743	1070	0
744	1070	0
745	1070	0
746	1070	1
747	1070	0
748	1070	1
749	1070	0
750	1070	0
751	1070	0
752	1070	0
753	1070	0
754	1070	0
755	1070	0
756	1070	0
757	1070	0
758	1070	0
759	1070	0
760	1070	0
761	1070	0
762	1070	0
763	1070	0
764	1070	0
765	1070	0
766	1070	1
767	1070	0
768	1070	0
769	1070	0
770	1070	0
771	1070	0
772	1070	0
773	1070	0
774	1070	1
775	1070	0
776	1070	0
777	1070	0
778	1070	0
779	1070	0
780	1070	0
782	1070	0
783	1070	0
784	1070	1
785	1070	0
786	1070	0
787	1070	0
788	1070	0
789	1070	0
790	1070	0
791	1070	0
793	1070	0
794	1070	0
795	1070	0
796	1070	0
797	1070	0
798	1070	0
799	1070	0
800	1070	0
801	1070	0
802	1070	0
803	1070	0
804	1070	0
806	1070	0
807	1070	0
808	1070	0
809	1070	0
810	1070	0
811	1070	0
812	1070	0
813	1070	0
814	1070	0
816	1070	0
817	1070	1
818	1070	0
819	1070	1
820	1070	0
821	1070	0
822	1070	0
823	1070	0
824	1070	0
825	1070	0
826	1070	0
827	1070	1
828	1070	0
829	1070	1
830	1070	0
831	1070	0
832	1070	1
833	1070	1
834	1070	1
835	1070	0
836	1070	1
837	1070	1
839	1070	0
840	1070	0
841	1070	0
842	1070	0
843	1070	1
844	1070	0
845	1070	0
846	1070	0
847	1070	0
848	1070	0
849	1070	1
850	1070	0
851	1070	0
852	1070	0
853	1070	1
854	1070	0
855	1070	0
856	1070	0
857	1070	0
858	1070	0
859	1070	0
860	1070	0
861	1070	0
862	1070	0
863	1070	0
864	1070	1
865	1070	0
866	1070	0
867	1070	0
868	1070	0
869	1070	0
870	1070	0
872	1070	0
873	1070	0
874	1070	0
875	1070	0
876	1070	0
877	1070	0
878	1070	0
879	1070	0
880	1070	0
881	1070	0
882	1070	0
883	1070	0
884	1070	0
885	1070	0
886	1070	0
887	1070	1
888	1070	0
889	1070	0
890	1070	0
891	1070	0
892	1070	0
893	1070	0
894	1070	0
895	1070	0
896	1070	0
897	1070	0
898	1070	0
900	1070	0
901	1070	0
902	1070	1
903	1070	0
904	1070	0
905	1070	0
906	1070	0
907	1070	0
908	1070	0
909	1070	0
910	1070	0
911	1070	0
912	1070	1
913	1070	0
914	1070	0
916	1070	1
917	1070	1
918	1070	0
919	1070	0
920	1070	0
921	1070	0
922	1070	0
923	1070	1
924	1070	0
925	1070	0
926	1070	1
927	1070	0
928	1070	1
930	1070	1
931	1070	0
933	1070	0
934	1070	0
935	1070	1
936	1070	0
937	1070	0
938	1070	1
939	1070	0
940	1070	0
941	1070	1
942	1070	0
943	1070	1
944	1070	0
945	1070	0
946	1070	0
947	1070	0
948	1070	0
949	1070	0
950	1070	0
952	1070	1
953	1070	0
954	1070	0
955	1070	0
956	1070	0
958	1070	1
959	1070	0
960	1070	0
961	1070	0
962	1070	0
963	1070	0
964	1070	0
965	1070	1
966	1070	1
967	1070	1
