0	1121	0
1	1121	0
2	1121	1
3	1121	0
4	1121	0
5	1121	1
6	1121	0
7	1121	0
8	1121	1
9	1121	1
10	1121	1
11	1121	0
12	1121	0
13	1121	0
14	1121	0
15	1121	0
16	1121	0
17	1121	1
18	1121	1
19	1121	0
20	1121	0
21	1121	1
22	1121	1
23	1121	1
24	1121	0
26	1121	0
27	1121	1
28	1121	0
29	1121	0
30	1121	0
31	1121	1
32	1121	1
33	1121	1
34	1121	1
35	1121	0
36	1121	1
37	1121	0
38	1121	0
39	1121	1
40	1121	1
42	1121	0
43	1121	1
44	1121	0
45	1121	1
46	1121	1
47	1121	1
48	1121	0
49	1121	0
50	1121	0
51	1121	0
52	1121	0
53	1121	0
54	1121	0
55	1121	0
56	1121	0
57	1121	0
58	1121	0
59	1121	1
60	1121	0
61	1121	0
62	1121	0
64	1121	1
65	1121	0
66	1121	1
67	1121	0
68	1121	0
69	1121	0
70	1121	1
71	1121	1
72	1121	0
73	1121	0
74	1121	1
75	1121	0
76	1121	1
77	1121	0
78	1121	0
79	1121	0
80	1121	1
81	1121	0
82	1121	0
83	1121	0
84	1121	0
85	1121	0
86	1121	0
87	1121	0
88	1121	0
89	1121	0
90	1121	0
91	1121	0
92	1121	0
93	1121	0
94	1121	0
95	1121	1
96	1121	1
97	1121	0
98	1121	0
99	1121	0
100	1121	1
101	1121	0
102	1121	0
103	1121	0
104	1121	0
105	1121	1
106	1121	0
109	1121	1
111	1121	1
112	1121	1
113	1121	0
114	1121	0
115	1121	0
116	1121	0
117	1121	0
118	1121	0
119	1121	0
120	1121	0
121	1121	0
122	1121	0
123	1121	1
124	1121	1
125	1121	0
126	1121	0
127	1121	0
129	1121	0
130	1121	0
131	1121	1
132	1121	0
133	1121	0
134	1121	0
136	1121	1
137	1121	1
138	1121	1
139	1121	0
140	1121	0
141	1121	0
142	1121	0
143	1121	1
144	1121	0
145	1121	1
146	1121	0
147	1121	0
148	1121	1
149	1121	0
150	1121	0
151	1121	1
152	1121	1
153	1121	0
154	1121	1
155	1121	0
156	1121	0
157	1121	0
158	1121	0
159	1121	0
160	1121	1
161	1121	0
162	1121	0
163	1121	1
165	1121	0
166	1121	0
167	1121	0
168	1121	0
169	1121	0
170	1121	1
171	1121	0
172	1121	1
173	1121	0
174	1121	1
175	1121	1
177	1121	0
178	1121	0
179	1121	1
180	1121	0
182	1121	1
183	1121	0
184	1121	1
185	1121	1
186	1121	1
187	1121	1
188	1121	1
189	1121	1
190	1121	1
191	1121	1
192	1121	1
193	1121	1
194	1121	1
195	1121	1
196	1121	1
197	1121	1
198	1121	1
199	1121	0
200	1121	0
201	1121	1
202	1121	1
203	1121	1
204	1121	0
206	1121	1
207	1121	1
208	1121	1
210	1121	0
211	1121	0
212	1121	1
213	1121	0
214	1121	1
215	1121	0
216	1121	0
217	1121	0
218	1121	0
219	1121	0
220	1121	0
222	1121	0
223	1121	1
224	1121	1
225	1121	0
226	1121	0
227	1121	1
228	1121	1
229	1121	0
230	1121	1
231	1121	0
232	1121	0
233	1121	0
234	1121	0
235	1121	0
236	1121	1
237	1121	0
238	1121	1
239	1121	0
240	1121	0
241	1121	0
242	1121	0
244	1121	1
245	1121	1
247	1121	0
248	1121	0
249	1121	0
250	1121	0
251	1121	1
252	1121	0
253	1121	0
254	1121	1
255	1121	1
256	1121	0
258	1121	1
259	1121	1
260	1121	0
261	1121	0
262	1121	0
263	1121	1
264	1121	0
265	1121	0
266	1121	0
267	1121	0
268	1121	0
269	1121	1
270	1121	0
271	1121	0
272	1121	0
273	1121	0
274	1121	0
275	1121	0
276	1121	0
277	1121	0
278	1121	1
279	1121	0
280	1121	1
281	1121	1
282	1121	1
283	1121	0
284	1121	0
285	1121	0
286	1121	0
287	1121	1
288	1121	1
289	1121	1
290	1121	1
291	1121	1
292	1121	0
293	1121	0
294	1121	0
295	1121	0
296	1121	1
297	1121	0
298	1121	0
299	1121	0
300	1121	0
301	1121	1
302	1121	0
303	1121	1
304	1121	0
305	1121	0
306	1121	0
307	1121	0
308	1121	0
309	1121	1
310	1121	0
311	1121	0
312	1121	0
313	1121	0
314	1121	0
315	1121	0
316	1121	0
317	1121	0
318	1121	0
319	1121	0
320	1121	1
321	1121	0
322	1121	0
323	1121	0
324	1121	1
325	1121	0
326	1121	0
327	1121	1
328	1121	1
329	1121	0
330	1121	0
331	1121	0
333	1121	0
335	1121	1
336	1121	1
337	1121	0
338	1121	1
339	1121	0
340	1121	1
342	1121	0
343	1121	0
344	1121	0
346	1121	0
347	1121	0
348	1121	1
349	1121	1
350	1121	0
351	1121	0
352	1121	0
354	1121	0
355	1121	0
357	1121	0
358	1121	1
359	1121	1
360	1121	1
361	1121	1
363	1121	1
364	1121	1
365	1121	0
366	1121	0
367	1121	0
368	1121	1
371	1121	1
372	1121	1
373	1121	1
374	1121	1
377	1121	1
378	1121	1
379	1121	1
380	1121	1
381	1121	1
382	1121	0
383	1121	0
384	1121	1
385	1121	0
386	1121	0
387	1121	0
388	1121	0
389	1121	1
390	1121	1
391	1121	0
393	1121	0
394	1121	0
395	1121	1
396	1121	0
398	1121	0
399	1121	0
400	1121	0
401	1121	1
402	1121	1
403	1121	0
404	1121	1
405	1121	0
406	1121	0
407	1121	0
408	1121	0
409	1121	0
410	1121	0
411	1121	1
412	1121	0
413	1121	1
414	1121	0
415	1121	1
416	1121	1
417	1121	0
418	1121	0
419	1121	0
420	1121	1
421	1121	1
422	1121	0
423	1121	1
424	1121	0
425	1121	0
426	1121	0
427	1121	0
428	1121	0
429	1121	0
431	1121	0
432	1121	1
433	1121	0
434	1121	0
435	1121	1
436	1121	0
437	1121	1
438	1121	0
439	1121	1
440	1121	1
441	1121	0
442	1121	0
443	1121	1
444	1121	0
445	1121	0
446	1121	1
447	1121	0
448	1121	0
449	1121	0
450	1121	1
451	1121	0
452	1121	0
453	1121	1
454	1121	1
455	1121	1
456	1121	1
457	1121	1
458	1121	0
459	1121	0
460	1121	0
461	1121	0
462	1121	1
463	1121	0
464	1121	1
465	1121	1
466	1121	0
467	1121	0
468	1121	0
469	1121	0
470	1121	0
471	1121	0
472	1121	0
473	1121	0
474	1121	0
475	1121	0
476	1121	0
477	1121	0
478	1121	0
480	1121	1
481	1121	0
482	1121	0
483	1121	0
484	1121	0
485	1121	0
486	1121	0
487	1121	0
489	1121	1
490	1121	0
491	1121	0
492	1121	0
493	1121	0
495	1121	0
496	1121	1
497	1121	1
499	1121	0
500	1121	0
501	1121	1
502	1121	0
503	1121	1
505	1121	1
506	1121	1
508	1121	1
509	1121	1
510	1121	0
511	1121	1
512	1121	0
513	1121	0
514	1121	1
515	1121	1
516	1121	0
517	1121	0
518	1121	1
519	1121	1
520	1121	1
521	1121	1
522	1121	1
523	1121	0
524	1121	1
525	1121	1
526	1121	1
527	1121	0
528	1121	0
529	1121	1
531	1121	1
533	1121	1
534	1121	1
536	1121	1
537	1121	0
538	1121	0
540	1121	0
541	1121	0
542	1121	1
543	1121	0
544	1121	0
546	1121	0
547	1121	0
548	1121	0
549	1121	0
550	1121	0
551	1121	0
553	1121	0
554	1121	0
555	1121	0
556	1121	0
557	1121	0
558	1121	0
559	1121	0
560	1121	0
561	1121	0
562	1121	0
563	1121	0
564	1121	0
565	1121	0
566	1121	0
567	1121	0
568	1121	0
569	1121	0
570	1121	1
571	1121	1
572	1121	0
573	1121	0
574	1121	1
575	1121	0
576	1121	0
577	1121	0
578	1121	0
579	1121	0
580	1121	0
582	1121	1
583	1121	0
584	1121	1
585	1121	1
586	1121	1
587	1121	0
588	1121	1
589	1121	0
590	1121	0
591	1121	0
592	1121	0
593	1121	1
594	1121	0
595	1121	1
596	1121	0
597	1121	0
598	1121	0
599	1121	0
600	1121	0
601	1121	0
602	1121	0
604	1121	0
605	1121	1
606	1121	1
607	1121	0
608	1121	0
609	1121	1
611	1121	0
612	1121	1
613	1121	1
614	1121	1
615	1121	1
616	1121	0
617	1121	0
618	1121	1
619	1121	0
620	1121	1
621	1121	1
622	1121	1
624	1121	0
625	1121	0
626	1121	0
627	1121	0
628	1121	0
630	1121	1
631	1121	0
632	1121	1
633	1121	1
635	1121	0
636	1121	0
637	1121	1
640	1121	1
641	1121	0
642	1121	0
643	1121	1
644	1121	0
645	1121	1
646	1121	0
647	1121	0
648	1121	0
649	1121	1
650	1121	0
651	1121	1
652	1121	1
653	1121	0
654	1121	1
655	1121	0
656	1121	1
657	1121	1
658	1121	0
659	1121	0
660	1121	1
661	1121	1
662	1121	0
663	1121	1
664	1121	1
666	1121	1
667	1121	1
668	1121	0
669	1121	0
670	1121	0
671	1121	0
672	1121	0
673	1121	1
674	1121	0
675	1121	0
676	1121	0
677	1121	0
678	1121	0
679	1121	1
680	1121	0
681	1121	0
682	1121	0
683	1121	0
684	1121	1
685	1121	1
686	1121	0
687	1121	0
688	1121	0
689	1121	0
690	1121	0
691	1121	1
692	1121	1
693	1121	0
694	1121	1
695	1121	1
696	1121	1
697	1121	0
698	1121	0
699	1121	0
700	1121	0
701	1121	0
702	1121	0
703	1121	1
704	1121	0
705	1121	0
706	1121	0
707	1121	0
708	1121	0
709	1121	1
710	1121	1
711	1121	0
712	1121	0
713	1121	1
714	1121	1
715	1121	1
716	1121	0
717	1121	0
718	1121	1
719	1121	0
720	1121	1
721	1121	1
722	1121	0
723	1121	0
724	1121	0
725	1121	0
726	1121	1
727	1121	1
728	1121	1
730	1121	0
731	1121	0
732	1121	1
733	1121	1
734	1121	0
735	1121	0
736	1121	0
737	1121	1
738	1121	1
739	1121	0
740	1121	1
741	1121	0
742	1121	1
743	1121	1
744	1121	0
745	1121	0
746	1121	1
747	1121	1
748	1121	1
749	1121	1
750	1121	1
751	1121	1
752	1121	0
753	1121	0
754	1121	1
755	1121	0
756	1121	0
757	1121	0
758	1121	0
759	1121	1
760	1121	0
761	1121	0
762	1121	0
763	1121	1
764	1121	0
765	1121	0
767	1121	0
768	1121	1
769	1121	1
770	1121	1
771	1121	0
772	1121	0
773	1121	1
774	1121	1
775	1121	0
776	1121	0
777	1121	0
778	1121	1
779	1121	1
780	1121	1
782	1121	0
783	1121	0
784	1121	1
785	1121	0
786	1121	0
787	1121	0
788	1121	0
789	1121	0
790	1121	0
791	1121	0
793	1121	0
794	1121	0
795	1121	1
796	1121	1
797	1121	0
798	1121	1
799	1121	0
800	1121	0
801	1121	1
802	1121	1
803	1121	0
804	1121	0
806	1121	1
807	1121	0
808	1121	1
809	1121	0
810	1121	1
811	1121	1
812	1121	1
813	1121	1
814	1121	1
816	1121	1
817	1121	1
818	1121	1
819	1121	1
820	1121	1
821	1121	1
822	1121	0
823	1121	0
824	1121	0
825	1121	1
826	1121	0
827	1121	1
828	1121	0
829	1121	1
830	1121	1
831	1121	1
832	1121	1
833	1121	1
834	1121	1
835	1121	0
836	1121	1
837	1121	1
839	1121	1
840	1121	1
841	1121	0
842	1121	0
843	1121	1
844	1121	0
845	1121	0
846	1121	0
847	1121	1
848	1121	0
849	1121	1
850	1121	0
851	1121	0
852	1121	1
853	1121	1
854	1121	0
855	1121	0
856	1121	0
857	1121	0
858	1121	0
859	1121	0
860	1121	0
861	1121	0
862	1121	1
863	1121	0
864	1121	1
865	1121	1
866	1121	1
867	1121	0
868	1121	1
869	1121	0
870	1121	1
872	1121	0
873	1121	0
874	1121	0
875	1121	0
876	1121	0
877	1121	0
878	1121	0
879	1121	0
880	1121	0
881	1121	0
882	1121	1
883	1121	0
884	1121	0
885	1121	0
886	1121	0
887	1121	1
888	1121	1
889	1121	1
890	1121	1
891	1121	1
892	1121	0
893	1121	0
894	1121	0
895	1121	1
896	1121	0
897	1121	0
898	1121	0
900	1121	1
901	1121	0
902	1121	1
903	1121	1
904	1121	0
905	1121	0
906	1121	0
907	1121	0
908	1121	1
909	1121	1
910	1121	0
911	1121	0
912	1121	1
913	1121	0
914	1121	0
916	1121	1
917	1121	1
918	1121	0
919	1121	1
920	1121	0
921	1121	1
922	1121	0
923	1121	1
924	1121	1
925	1121	0
926	1121	1
927	1121	1
928	1121	1
930	1121	1
931	1121	1
933	1121	0
934	1121	0
935	1121	1
936	1121	1
937	1121	1
938	1121	1
939	1121	0
940	1121	0
941	1121	1
942	1121	0
943	1121	1
944	1121	0
945	1121	0
946	1121	0
947	1121	1
948	1121	0
949	1121	0
950	1121	0
952	1121	1
953	1121	0
954	1121	0
955	1121	0
956	1121	1
958	1121	1
959	1121	1
961	1121	0
962	1121	1
963	1121	1
964	1121	0
965	1121	1
967	1121	1
