8	998	0
10	998	0
13	998	0
16	998	0
18	998	0
20	998	0
21	998	0
24	998	0
27	998	0
31	998	1
32	998	0
33	998	0
34	998	0
36	998	0
39	998	0
42	998	0
43	998	0
44	998	0
45	998	0
47	998	1
48	998	0
49	998	0
59	998	0
61	998	0
64	998	0
67	998	0
71	998	0
76	998	0
87	998	0
93	998	0
96	998	0
98	998	0
101	998	0
106	998	0
109	998	0
112	998	0
113	998	0
117	998	0
120	998	0
121	998	0
122	998	0
125	998	0
130	998	0
131	998	0
133	998	0
134	998	0
137	998	0
138	998	0
139	998	0
140	998	0
141	998	0
142	998	0
143	998	0
146	998	0
151	998	0
152	998	0
154	998	0
156	998	0
157	998	0
159	998	0
162	998	0
163	998	0
164	998	0
168	998	0
170	998	0
171	998	0
172	998	0
174	998	0
181	998	0
182	998	0
183	998	0
184	998	0
188	998	0
190	998	0
191	998	0
192	998	0
193	998	0
194	998	0
195	998	1
196	998	0
197	998	0
201	998	0
202	998	0
203	998	0
204	998	0
205	998	0
206	998	0
207	998	0
208	998	0
210	998	0
211	998	0
214	998	0
221	998	0
222	998	0
224	998	0
225	998	0
227	998	1
228	998	1
230	998	0
232	998	0
233	998	0
234	998	0
251	998	0
252	998	0
253	998	0
255	998	0
263	998	0
269	998	0
274	998	0
275	998	0
279	998	0
282	998	0
283	998	0
289	998	0
290	998	0
296	998	0
301	998	0
310	998	0
316	998	0
328	998	0
329	998	0
334	998	0
336	998	0
338	998	0
339	998	0
340	998	0
341	998	0
343	998	0
358	998	0
359	998	0
360	998	0
361	998	0
364	998	0
365	998	0
367	998	0
368	998	0
370	998	0
371	998	0
372	998	0
373	998	1
374	998	1
375	998	0
377	998	0
378	998	1
379	998	0
380	998	0
381	998	0
382	998	0
383	998	0
384	998	0
385	998	0
386	998	0
390	998	0
391	998	0
393	998	0
395	998	0
401	998	0
402	998	0
404	998	0
405	998	0
406	998	0
420	998	0
421	998	0
422	998	0
423	998	0
424	998	0
425	998	0
426	998	0
427	998	0
428	998	0
429	998	0
430	998	0
431	998	0
432	998	0
433	998	0
435	998	1
436	998	0
443	998	0
446	998	0
448	998	0
449	998	0
450	998	0
451	998	0
453	998	1
454	998	0
455	998	0
457	998	0
458	998	0
459	998	0
461	998	0
464	998	0
465	998	0
475	998	0
476	998	0
478	998	0
486	998	0
487	998	0
489	998	0
496	998	0
497	998	0
499	998	0
500	998	0
503	998	0
505	998	0
506	998	0
508	998	0
509	998	0
510	998	0
511	998	0
512	998	0
514	998	0
515	998	0
516	998	0
517	998	0
518	998	0
519	998	0
520	998	1
521	998	0
522	998	0
524	998	0
525	998	0
526	998	0
527	998	0
528	998	0
529	998	0
534	998	0
536	998	0
538	998	0
540	998	0
541	998	0
542	998	0
544	998	0
549	998	0
551	998	0
554	998	0
557	998	0
561	998	0
565	998	0
566	998	0
567	998	0
568	998	0
569	998	0
573	998	0
574	998	0
584	998	0
585	998	0
588	998	0
589	998	0
592	998	0
595	998	0
597	998	0
607	998	0
608	998	0
612	998	0
613	998	0
616	998	0
617	998	0
620	998	0
625	998	0
626	998	0
627	998	0
630	998	0
631	998	0
633	998	0
637	998	0
640	998	0
641	998	0
642	998	0
643	998	0
644	998	0
645	998	0
646	998	0
647	998	0
648	998	0
649	998	0
650	998	0
651	998	0
652	998	0
661	998	0
662	998	0
663	998	0
664	998	0
666	998	0
667	998	0
672	998	0
673	998	0
674	998	0
683	998	0
692	998	0
693	998	0
694	998	0
713	998	0
715	998	0
718	998	1
720	998	0
721	998	0
728	998	0
732	998	0
737	998	0
738	998	0
741	998	0
742	998	0
743	998	0
745	998	0
747	998	0
748	998	1
749	998	0
750	998	0
754	998	0
758	998	0
761	998	0
763	998	0
767	998	0
768	998	0
769	998	0
771	998	0
772	998	0
773	998	0
774	998	0
778	998	0
780	998	0
784	998	0
786	998	0
787	998	0
796	998	0
798	998	0
799	998	0
802	998	0
803	998	0
805	998	0
808	998	0
810	998	0
824	998	0
825	998	0
827	998	0
828	998	0
830	998	0
831	998	0
833	998	0
834	998	0
837	998	0
839	998	0
840	998	0
855	998	0
859	998	0
862	998	0
863	998	0
864	998	0
870	998	0
873	998	0
874	998	0
875	998	0
876	998	0
877	998	0
879	998	0
880	998	0
881	998	0
882	998	1
883	998	0
885	998	0
886	998	0
887	998	0
888	998	0
890	998	0
895	998	0
900	998	0
901	998	0
904	998	0
911	998	0
913	998	0
917	998	0
923	998	0
924	998	0
928	998	0
937	998	1
943	998	0
944	998	0
947	998	0
949	998	0
952	998	0
953	998	0
954	998	0
955	998	0
956	998	0
958	998	0
963	998	0
964	998	0
965	998	0
967	998	0
