8	988	1
10	988	1
13	988	1
16	988	0
18	988	0
20	988	1
21	988	0
24	988	0
27	988	1
31	988	0
32	988	1
33	988	0
34	988	0
36	988	1
39	988	0
42	988	1
43	988	0
44	988	1
45	988	0
47	988	1
48	988	0
49	988	1
59	988	1
61	988	0
64	988	1
67	988	1
71	988	0
76	988	0
87	988	0
93	988	0
96	988	0
98	988	0
101	988	0
106	988	0
109	988	0
112	988	0
113	988	0
117	988	0
120	988	0
121	988	0
122	988	0
125	988	0
130	988	0
131	988	0
133	988	0
134	988	0
137	988	1
138	988	1
139	988	0
140	988	0
141	988	0
142	988	0
143	988	1
146	988	0
151	988	1
152	988	0
154	988	0
156	988	0
157	988	0
159	988	0
162	988	0
163	988	0
164	988	1
168	988	0
170	988	0
171	988	1
172	988	0
174	988	0
181	988	1
182	988	0
183	988	0
184	988	1
188	988	1
190	988	0
191	988	0
192	988	0
193	988	0
194	988	0
195	988	1
196	988	0
197	988	1
201	988	1
202	988	1
203	988	0
204	988	0
205	988	0
206	988	0
207	988	1
208	988	0
210	988	0
211	988	0
214	988	1
221	988	1
222	988	0
224	988	1
225	988	1
227	988	0
228	988	1
230	988	1
232	988	0
233	988	0
234	988	0
251	988	0
252	988	1
253	988	1
255	988	1
263	988	0
269	988	0
274	988	0
275	988	1
279	988	1
282	988	1
283	988	1
289	988	1
290	988	1
296	988	1
301	988	1
310	988	0
316	988	1
328	988	1
329	988	0
334	988	0
336	988	1
338	988	1
339	988	1
340	988	0
341	988	1
343	988	0
358	988	1
359	988	0
360	988	0
361	988	0
364	988	0
365	988	1
367	988	1
368	988	1
370	988	1
371	988	1
372	988	0
373	988	1
374	988	1
375	988	0
377	988	1
378	988	0
379	988	0
380	988	0
381	988	1
382	988	1
383	988	1
384	988	0
385	988	0
386	988	0
390	988	0
391	988	0
393	988	0
395	988	1
401	988	0
402	988	1
404	988	1
405	988	1
406	988	1
420	988	0
421	988	0
422	988	0
423	988	0
424	988	1
425	988	0
426	988	1
427	988	0
428	988	0
429	988	0
430	988	1
431	988	1
432	988	1
433	988	1
435	988	1
436	988	0
443	988	0
446	988	0
448	988	1
449	988	1
450	988	0
451	988	1
453	988	0
454	988	0
455	988	0
457	988	0
458	988	0
459	988	0
461	988	1
464	988	1
465	988	1
475	988	0
476	988	0
478	988	1
486	988	1
487	988	0
489	988	1
496	988	0
497	988	1
499	988	1
500	988	0
503	988	0
505	988	0
506	988	1
508	988	1
509	988	0
510	988	1
511	988	1
512	988	1
514	988	1
515	988	1
516	988	0
517	988	0
518	988	1
519	988	1
520	988	1
521	988	0
522	988	0
524	988	0
525	988	0
526	988	0
527	988	1
528	988	0
529	988	0
534	988	0
536	988	0
538	988	0
540	988	0
541	988	0
542	988	0
544	988	1
549	988	0
551	988	1
554	988	0
557	988	0
561	988	0
565	988	0
566	988	0
567	988	0
568	988	0
569	988	0
573	988	0
574	988	1
584	988	0
585	988	1
588	988	0
589	988	0
592	988	0
595	988	0
597	988	0
607	988	0
608	988	0
612	988	1
613	988	1
616	988	0
617	988	0
620	988	0
625	988	0
626	988	0
627	988	1
630	988	1
631	988	0
633	988	0
637	988	0
640	988	0
641	988	0
642	988	0
643	988	1
644	988	0
645	988	0
646	988	1
647	988	1
648	988	0
649	988	0
650	988	1
651	988	1
652	988	1
661	988	1
662	988	0
663	988	0
664	988	0
666	988	0
667	988	1
672	988	0
673	988	0
674	988	1
683	988	1
692	988	0
693	988	0
694	988	1
713	988	1
715	988	0
718	988	1
720	988	0
721	988	1
728	988	0
732	988	0
737	988	1
738	988	0
741	988	1
742	988	0
743	988	1
745	988	0
747	988	0
748	988	1
749	988	0
750	988	0
754	988	1
758	988	0
761	988	0
763	988	0
767	988	0
768	988	1
769	988	1
771	988	0
772	988	1
773	988	1
774	988	1
778	988	0
780	988	0
784	988	1
786	988	0
787	988	0
796	988	0
798	988	0
799	988	0
802	988	0
803	988	0
805	988	0
808	988	1
810	988	1
824	988	0
825	988	1
827	988	1
828	988	0
830	988	1
831	988	1
833	988	1
834	988	1
837	988	1
839	988	0
840	988	0
855	988	0
859	988	1
862	988	1
863	988	0
864	988	1
870	988	0
873	988	1
874	988	1
875	988	1
876	988	1
877	988	1
879	988	1
880	988	0
881	988	0
882	988	1
883	988	0
885	988	1
886	988	1
887	988	1
888	988	0
890	988	1
895	988	0
900	988	0
901	988	0
904	988	0
911	988	0
913	988	0
917	988	1
923	988	0
924	988	0
928	988	0
937	988	0
943	988	1
944	988	0
947	988	0
949	988	0
952	988	0
953	988	0
954	988	0
955	988	0
956	988	1
958	988	1
963	988	1
964	988	1
965	988	1
967	988	0
