8	982	1
10	982	0
13	982	0
16	982	0
18	982	0
20	982	0
21	982	1
24	982	0
27	982	0
31	982	0
32	982	0
33	982	0
34	982	0
36	982	0
39	982	0
42	982	0
43	982	0
44	982	0
45	982	0
47	982	0
48	982	0
49	982	0
59	982	0
61	982	0
64	982	1
67	982	0
71	982	0
76	982	0
87	982	0
93	982	0
96	982	0
98	982	0
101	982	0
106	982	0
109	982	0
112	982	0
113	982	0
117	982	0
120	982	0
121	982	0
122	982	0
125	982	0
130	982	0
131	982	0
133	982	0
134	982	0
137	982	0
138	982	1
139	982	0
140	982	0
141	982	0
142	982	0
143	982	0
146	982	0
151	982	0
152	982	0
154	982	0
156	982	0
157	982	0
159	982	0
162	982	0
163	982	0
164	982	0
168	982	0
170	982	0
171	982	0
172	982	0
174	982	0
181	982	0
182	982	0
183	982	0
184	982	0
188	982	1
190	982	0
191	982	0
192	982	0
193	982	0
194	982	0
195	982	0
196	982	0
197	982	0
201	982	0
202	982	0
203	982	0
204	982	0
205	982	0
206	982	0
207	982	0
208	982	0
210	982	0
211	982	0
214	982	0
221	982	1
222	982	0
224	982	0
225	982	0
227	982	1
228	982	0
230	982	0
232	982	0
233	982	1
234	982	0
251	982	0
252	982	0
253	982	0
255	982	0
263	982	0
269	982	0
274	982	0
275	982	0
279	982	0
282	982	0
283	982	0
289	982	0
290	982	0
296	982	0
301	982	0
310	982	0
316	982	1
328	982	0
329	982	0
334	982	0
336	982	0
338	982	0
339	982	0
340	982	0
341	982	0
343	982	0
358	982	0
359	982	0
360	982	0
361	982	0
364	982	0
365	982	0
367	982	0
368	982	0
370	982	0
371	982	0
372	982	0
373	982	0
374	982	1
375	982	0
377	982	0
378	982	1
379	982	0
380	982	0
381	982	0
382	982	0
383	982	0
384	982	0
385	982	0
386	982	0
390	982	0
391	982	0
393	982	0
395	982	0
401	982	0
402	982	0
404	982	0
405	982	0
406	982	0
420	982	0
421	982	0
422	982	0
423	982	0
424	982	0
425	982	0
426	982	0
427	982	0
428	982	0
429	982	0
430	982	0
431	982	0
432	982	0
433	982	0
435	982	0
436	982	0
443	982	0
446	982	0
448	982	0
449	982	0
450	982	0
451	982	0
453	982	0
454	982	0
455	982	0
457	982	0
458	982	0
459	982	0
461	982	0
464	982	0
465	982	0
475	982	0
476	982	0
478	982	0
486	982	1
487	982	0
489	982	0
496	982	0
497	982	0
499	982	0
500	982	0
503	982	1
505	982	0
508	982	0
509	982	0
510	982	0
511	982	1
512	982	0
514	982	1
515	982	0
516	982	0
517	982	0
518	982	1
519	982	1
520	982	0
521	982	0
522	982	0
524	982	0
525	982	0
526	982	0
527	982	0
528	982	0
529	982	0
534	982	0
536	982	0
538	982	0
540	982	0
541	982	0
542	982	0
544	982	0
549	982	0
551	982	0
554	982	0
557	982	0
561	982	0
565	982	0
566	982	0
567	982	0
568	982	0
569	982	0
573	982	0
574	982	0
584	982	0
585	982	0
588	982	0
589	982	0
592	982	0
595	982	0
597	982	0
607	982	0
608	982	0
612	982	0
613	982	0
616	982	0
617	982	0
620	982	0
625	982	0
626	982	0
627	982	0
630	982	0
631	982	0
633	982	0
637	982	0
640	982	0
641	982	0
642	982	0
643	982	0
644	982	0
645	982	0
646	982	0
647	982	0
648	982	0
649	982	0
650	982	0
651	982	0
652	982	0
661	982	0
662	982	0
663	982	0
664	982	0
666	982	0
667	982	0
672	982	0
673	982	0
674	982	0
683	982	0
692	982	0
693	982	0
694	982	0
713	982	0
715	982	0
718	982	0
720	982	0
721	982	0
728	982	0
732	982	0
738	982	0
741	982	0
742	982	0
743	982	0
745	982	0
747	982	0
748	982	0
749	982	0
750	982	0
754	982	0
758	982	0
761	982	0
763	982	0
767	982	0
768	982	0
769	982	0
771	982	0
772	982	0
773	982	0
774	982	0
778	982	0
780	982	0
784	982	0
786	982	0
787	982	0
796	982	0
798	982	0
799	982	0
802	982	0
803	982	0
805	982	0
808	982	0
810	982	0
824	982	0
825	982	0
827	982	0
828	982	0
830	982	0
831	982	0
833	982	0
834	982	0
837	982	0
839	982	0
840	982	0
855	982	0
859	982	0
862	982	0
863	982	0
864	982	0
870	982	0
873	982	0
874	982	0
875	982	0
876	982	0
877	982	0
879	982	0
880	982	0
881	982	0
882	982	0
883	982	0
885	982	0
886	982	0
887	982	0
888	982	0
890	982	0
895	982	0
900	982	0
901	982	0
904	982	0
911	982	0
913	982	0
917	982	0
923	982	0
924	982	0
928	982	0
937	982	0
943	982	0
944	982	0
947	982	0
949	982	0
952	982	0
953	982	0
954	982	0
955	982	0
956	982	0
958	982	0
963	982	0
964	982	0
965	982	0
967	982	0
