8	977	1
10	977	0
13	977	0
16	977	0
18	977	0
20	977	1
21	977	1
24	977	0
27	977	0
31	977	1
32	977	1
33	977	0
34	977	0
36	977	0
39	977	0
42	977	1
43	977	0
44	977	0
45	977	0
47	977	1
48	977	0
49	977	0
59	977	1
61	977	0
64	977	1
67	977	0
71	977	0
76	977	0
87	977	0
93	977	0
98	977	0
101	977	0
106	977	0
109	977	0
112	977	0
113	977	0
117	977	0
120	977	0
121	977	0
122	977	0
125	977	0
130	977	0
131	977	0
133	977	0
134	977	0
137	977	0
138	977	1
139	977	0
140	977	0
141	977	0
142	977	0
143	977	0
146	977	0
151	977	0
152	977	0
154	977	0
156	977	0
157	977	0
159	977	0
162	977	0
163	977	0
164	977	1
170	977	0
171	977	0
172	977	0
174	977	0
181	977	0
182	977	0
183	977	0
184	977	1
188	977	1
190	977	0
191	977	0
192	977	0
193	977	0
194	977	0
195	977	0
196	977	0
197	977	1
201	977	0
202	977	0
203	977	0
204	977	0
205	977	0
206	977	0
207	977	1
208	977	0
210	977	0
211	977	0
214	977	0
221	977	1
222	977	0
224	977	0
225	977	0
227	977	1
228	977	0
230	977	0
232	977	0
233	977	0
234	977	0
251	977	1
252	977	0
253	977	0
255	977	0
263	977	0
269	977	1
274	977	0
275	977	0
279	977	0
282	977	0
283	977	0
289	977	0
290	977	1
296	977	0
301	977	0
310	977	0
316	977	1
328	977	1
329	977	0
334	977	0
336	977	1
338	977	0
339	977	0
340	977	0
341	977	1
343	977	0
358	977	0
359	977	0
360	977	0
361	977	1
364	977	0
365	977	1
367	977	0
368	977	0
370	977	1
371	977	0
372	977	0
373	977	0
374	977	0
375	977	0
377	977	1
378	977	1
379	977	0
380	977	0
381	977	1
382	977	0
383	977	0
384	977	0
385	977	1
386	977	0
390	977	0
391	977	0
393	977	0
395	977	1
401	977	0
402	977	1
404	977	0
405	977	0
406	977	0
420	977	0
421	977	0
422	977	0
423	977	0
424	977	1
425	977	0
426	977	0
427	977	0
428	977	0
429	977	0
430	977	1
431	977	0
432	977	0
433	977	0
435	977	1
436	977	0
443	977	0
448	977	0
449	977	0
450	977	0
451	977	0
453	977	0
454	977	0
455	977	0
457	977	0
458	977	0
459	977	0
461	977	1
464	977	0
475	977	0
476	977	0
478	977	1
486	977	1
487	977	0
489	977	0
496	977	1
497	977	0
499	977	0
500	977	0
503	977	1
505	977	0
508	977	1
509	977	1
510	977	0
511	977	1
512	977	0
514	977	1
515	977	0
516	977	0
517	977	0
518	977	1
519	977	1
520	977	1
521	977	0
522	977	0
524	977	1
525	977	0
526	977	0
527	977	0
528	977	1
529	977	0
534	977	0
536	977	0
538	977	0
540	977	0
541	977	0
542	977	0
544	977	0
549	977	0
551	977	0
554	977	0
557	977	0
561	977	0
565	977	0
566	977	0
567	977	0
568	977	0
569	977	0
573	977	0
574	977	0
584	977	0
585	977	1
588	977	0
589	977	0
592	977	0
595	977	0
597	977	0
607	977	0
608	977	0
612	977	0
613	977	1
616	977	1
617	977	0
620	977	0
625	977	0
626	977	0
627	977	0
630	977	0
631	977	0
633	977	0
637	977	1
640	977	0
641	977	1
642	977	0
643	977	0
644	977	0
645	977	0
646	977	0
647	977	0
648	977	0
649	977	0
650	977	0
651	977	1
652	977	0
661	977	1
662	977	0
664	977	1
666	977	0
667	977	1
672	977	1
673	977	0
674	977	0
683	977	0
692	977	0
693	977	0
694	977	1
713	977	0
715	977	0
718	977	1
720	977	0
721	977	0
728	977	0
732	977	0
737	977	0
738	977	0
741	977	1
742	977	0
743	977	1
745	977	0
747	977	0
748	977	0
749	977	0
750	977	1
754	977	0
758	977	1
761	977	0
763	977	0
767	977	0
768	977	0
769	977	0
771	977	0
772	977	0
773	977	0
774	977	1
778	977	0
780	977	1
784	977	0
786	977	0
787	977	0
796	977	0
798	977	0
799	977	0
802	977	1
803	977	1
805	977	0
808	977	0
810	977	0
824	977	0
825	977	0
827	977	1
828	977	0
830	977	1
831	977	0
833	977	0
834	977	1
837	977	1
839	977	0
840	977	0
855	977	0
859	977	0
862	977	1
863	977	0
864	977	1
870	977	0
873	977	0
874	977	0
875	977	1
876	977	0
877	977	0
879	977	0
880	977	0
881	977	0
882	977	0
883	977	0
885	977	0
886	977	0
887	977	0
888	977	0
890	977	0
895	977	0
900	977	0
901	977	0
904	977	0
911	977	1
913	977	0
917	977	0
923	977	0
924	977	0
928	977	0
937	977	1
943	977	0
944	977	0
947	977	0
949	977	0
952	977	0
953	977	0
954	977	0
955	977	0
956	977	0
958	977	1
963	977	0
964	977	0
965	977	1
967	977	1
