0	1081	0
1	1081	0
2	1081	0
3	1081	0
4	1081	0
5	1081	0
6	1081	0
7	1081	0
8	1081	1
9	1081	0
10	1081	0
11	1081	0
12	1081	0
13	1081	0
14	1081	0
15	1081	0
16	1081	0
17	1081	0
18	1081	0
19	1081	0
20	1081	0
21	1081	0
22	1081	0
23	1081	0
24	1081	0
26	1081	0
27	1081	0
28	1081	0
29	1081	0
30	1081	0
31	1081	1
32	1081	1
33	1081	0
34	1081	1
35	1081	0
36	1081	0
37	1081	0
38	1081	0
39	1081	1
40	1081	0
42	1081	0
43	1081	0
44	1081	0
45	1081	0
46	1081	0
47	1081	1
48	1081	0
49	1081	0
50	1081	0
51	1081	0
52	1081	0
53	1081	0
54	1081	0
55	1081	0
56	1081	0
57	1081	0
58	1081	0
59	1081	1
60	1081	0
61	1081	0
62	1081	0
64	1081	0
65	1081	0
66	1081	1
67	1081	0
68	1081	0
69	1081	0
70	1081	0
71	1081	0
72	1081	0
73	1081	0
74	1081	0
75	1081	0
76	1081	0
77	1081	0
78	1081	0
79	1081	0
80	1081	0
81	1081	0
82	1081	0
83	1081	0
84	1081	0
85	1081	0
86	1081	0
87	1081	0
88	1081	0
89	1081	0
90	1081	0
91	1081	0
92	1081	0
93	1081	0
94	1081	0
95	1081	0
96	1081	1
97	1081	0
98	1081	0
99	1081	0
100	1081	0
101	1081	0
102	1081	0
103	1081	0
104	1081	0
105	1081	0
106	1081	0
109	1081	0
111	1081	0
112	1081	0
113	1081	0
114	1081	0
115	1081	0
116	1081	0
117	1081	0
118	1081	0
119	1081	0
120	1081	0
121	1081	0
122	1081	0
123	1081	0
124	1081	0
125	1081	0
126	1081	0
127	1081	0
129	1081	0
130	1081	1
131	1081	0
132	1081	0
133	1081	0
134	1081	0
136	1081	0
137	1081	0
138	1081	1
139	1081	0
140	1081	0
141	1081	0
142	1081	0
143	1081	0
144	1081	0
145	1081	0
146	1081	0
147	1081	0
148	1081	0
149	1081	0
150	1081	0
151	1081	0
152	1081	0
153	1081	0
154	1081	0
155	1081	0
156	1081	0
157	1081	0
158	1081	0
159	1081	0
160	1081	0
161	1081	0
162	1081	0
163	1081	1
165	1081	0
166	1081	0
167	1081	0
168	1081	0
169	1081	0
170	1081	0
171	1081	0
172	1081	1
173	1081	0
174	1081	0
175	1081	0
177	1081	0
178	1081	0
179	1081	0
180	1081	0
182	1081	0
183	1081	0
184	1081	1
185	1081	0
186	1081	0
187	1081	0
188	1081	1
189	1081	0
190	1081	0
191	1081	0
192	1081	0
193	1081	0
194	1081	1
195	1081	0
196	1081	1
197	1081	0
198	1081	1
199	1081	0
200	1081	0
201	1081	0
202	1081	0
203	1081	1
204	1081	0
206	1081	1
207	1081	0
208	1081	0
210	1081	0
211	1081	0
212	1081	1
213	1081	0
214	1081	1
215	1081	0
216	1081	0
217	1081	0
218	1081	0
219	1081	0
220	1081	0
222	1081	0
223	1081	0
224	1081	0
225	1081	0
226	1081	0
227	1081	1
228	1081	0
229	1081	0
230	1081	0
231	1081	0
232	1081	1
233	1081	0
234	1081	0
235	1081	0
236	1081	0
237	1081	0
238	1081	0
239	1081	1
240	1081	0
241	1081	0
242	1081	0
244	1081	0
245	1081	0
247	1081	0
248	1081	0
249	1081	0
250	1081	0
251	1081	0
252	1081	0
253	1081	0
254	1081	0
255	1081	1
256	1081	0
258	1081	0
259	1081	0
260	1081	0
261	1081	0
262	1081	0
263	1081	0
264	1081	0
265	1081	0
266	1081	0
267	1081	0
268	1081	0
269	1081	1
270	1081	0
271	1081	0
272	1081	0
273	1081	0
274	1081	0
275	1081	0
276	1081	0
277	1081	0
278	1081	0
279	1081	0
280	1081	0
281	1081	0
282	1081	0
283	1081	0
284	1081	0
285	1081	0
286	1081	0
287	1081	0
288	1081	0
289	1081	1
290	1081	0
291	1081	0
292	1081	0
293	1081	0
294	1081	0
295	1081	0
296	1081	0
297	1081	0
298	1081	0
299	1081	0
300	1081	0
301	1081	0
302	1081	0
303	1081	0
304	1081	0
305	1081	0
306	1081	0
307	1081	0
308	1081	0
309	1081	0
310	1081	0
311	1081	0
312	1081	0
313	1081	0
314	1081	0
315	1081	0
316	1081	0
317	1081	0
318	1081	0
319	1081	0
320	1081	0
321	1081	0
322	1081	0
323	1081	0
324	1081	0
325	1081	0
326	1081	0
327	1081	0
328	1081	0
329	1081	0
330	1081	0
331	1081	0
333	1081	0
335	1081	0
336	1081	0
337	1081	0
338	1081	0
339	1081	0
340	1081	1
342	1081	0
343	1081	0
344	1081	0
346	1081	0
347	1081	0
348	1081	0
349	1081	0
350	1081	0
351	1081	0
352	1081	0
354	1081	0
355	1081	0
357	1081	0
358	1081	0
359	1081	0
360	1081	0
361	1081	1
363	1081	1
364	1081	0
365	1081	0
366	1081	0
367	1081	0
368	1081	0
371	1081	0
372	1081	0
373	1081	1
374	1081	1
377	1081	0
378	1081	1
379	1081	0
380	1081	1
381	1081	0
382	1081	0
383	1081	0
384	1081	0
385	1081	0
386	1081	0
387	1081	0
388	1081	0
389	1081	0
390	1081	1
391	1081	0
393	1081	0
394	1081	0
395	1081	0
396	1081	0
398	1081	0
399	1081	0
400	1081	0
401	1081	0
402	1081	0
403	1081	0
404	1081	1
405	1081	0
406	1081	0
407	1081	0
408	1081	0
409	1081	0
410	1081	0
411	1081	0
412	1081	0
413	1081	0
414	1081	0
415	1081	0
416	1081	0
417	1081	0
418	1081	0
419	1081	0
420	1081	0
421	1081	0
422	1081	0
423	1081	0
424	1081	1
425	1081	0
426	1081	0
427	1081	0
428	1081	0
429	1081	0
431	1081	0
432	1081	0
433	1081	0
434	1081	0
435	1081	0
436	1081	1
437	1081	0
438	1081	0
439	1081	0
440	1081	0
441	1081	0
442	1081	0
443	1081	0
444	1081	0
445	1081	0
446	1081	1
447	1081	0
448	1081	0
449	1081	0
450	1081	0
451	1081	0
452	1081	0
453	1081	0
454	1081	0
455	1081	0
456	1081	0
457	1081	1
458	1081	0
459	1081	0
460	1081	0
461	1081	0
462	1081	0
463	1081	0
464	1081	1
465	1081	0
466	1081	0
467	1081	0
468	1081	0
469	1081	0
470	1081	0
471	1081	0
472	1081	0
473	1081	0
474	1081	0
475	1081	0
476	1081	0
477	1081	0
478	1081	1
480	1081	0
481	1081	0
482	1081	0
483	1081	0
484	1081	0
485	1081	0
486	1081	0
487	1081	0
489	1081	1
490	1081	0
491	1081	0
492	1081	0
493	1081	0
495	1081	0
496	1081	1
497	1081	0
499	1081	0
500	1081	0
501	1081	0
502	1081	0
503	1081	1
505	1081	1
506	1081	1
508	1081	0
509	1081	0
510	1081	0
511	1081	0
512	1081	0
513	1081	0
514	1081	0
515	1081	0
516	1081	0
517	1081	0
518	1081	1
519	1081	1
520	1081	1
521	1081	0
522	1081	0
523	1081	0
524	1081	0
525	1081	0
526	1081	0
527	1081	0
528	1081	0
529	1081	0
531	1081	0
533	1081	1
534	1081	0
536	1081	0
537	1081	0
538	1081	0
540	1081	0
541	1081	0
542	1081	1
543	1081	0
544	1081	0
546	1081	0
547	1081	0
548	1081	0
549	1081	0
550	1081	0
551	1081	0
553	1081	0
554	1081	0
555	1081	1
556	1081	0
557	1081	0
558	1081	0
559	1081	0
560	1081	0
561	1081	0
562	1081	0
563	1081	0
564	1081	0
565	1081	0
566	1081	0
567	1081	0
568	1081	1
569	1081	0
570	1081	0
571	1081	0
572	1081	0
573	1081	0
574	1081	0
575	1081	0
576	1081	0
577	1081	0
578	1081	0
579	1081	0
580	1081	0
582	1081	0
583	1081	0
584	1081	0
585	1081	1
586	1081	0
587	1081	0
588	1081	0
589	1081	0
590	1081	0
591	1081	0
592	1081	0
593	1081	1
594	1081	0
595	1081	0
596	1081	0
597	1081	0
598	1081	0
599	1081	0
600	1081	0
601	1081	0
602	1081	0
604	1081	0
605	1081	0
606	1081	1
607	1081	0
608	1081	0
609	1081	0
611	1081	0
612	1081	1
613	1081	0
614	1081	0
615	1081	0
616	1081	0
617	1081	1
618	1081	0
619	1081	0
620	1081	0
621	1081	0
622	1081	0
624	1081	0
625	1081	0
626	1081	0
627	1081	0
628	1081	0
630	1081	0
631	1081	0
632	1081	0
633	1081	0
635	1081	0
636	1081	0
637	1081	1
640	1081	0
641	1081	0
642	1081	0
643	1081	0
644	1081	0
645	1081	1
646	1081	0
647	1081	0
648	1081	0
649	1081	1
650	1081	0
651	1081	0
652	1081	1
653	1081	0
654	1081	0
655	1081	0
656	1081	1
657	1081	1
658	1081	0
659	1081	0
660	1081	1
661	1081	1
662	1081	1
663	1081	0
664	1081	1
666	1081	0
667	1081	0
668	1081	0
669	1081	0
670	1081	0
671	1081	0
672	1081	0
673	1081	1
674	1081	0
675	1081	0
676	1081	0
677	1081	0
678	1081	0
679	1081	0
680	1081	0
681	1081	0
682	1081	0
683	1081	0
684	1081	0
685	1081	0
686	1081	0
687	1081	0
688	1081	0
689	1081	0
690	1081	0
691	1081	1
692	1081	1
693	1081	0
694	1081	0
695	1081	0
696	1081	0
697	1081	0
698	1081	0
699	1081	0
700	1081	0
701	1081	0
702	1081	0
703	1081	0
704	1081	0
705	1081	0
706	1081	0
707	1081	0
708	1081	0
709	1081	0
710	1081	0
711	1081	0
712	1081	0
713	1081	1
714	1081	0
715	1081	0
716	1081	0
717	1081	0
718	1081	0
719	1081	0
720	1081	0
721	1081	0
722	1081	0
723	1081	0
724	1081	0
725	1081	0
726	1081	0
727	1081	0
728	1081	0
730	1081	0
731	1081	0
732	1081	1
733	1081	0
734	1081	0
735	1081	0
736	1081	0
737	1081	1
738	1081	1
739	1081	0
740	1081	0
741	1081	0
742	1081	0
743	1081	0
744	1081	0
745	1081	0
746	1081	0
747	1081	0
748	1081	1
749	1081	0
750	1081	0
751	1081	0
752	1081	0
753	1081	0
754	1081	0
755	1081	0
756	1081	0
757	1081	0
758	1081	0
759	1081	0
760	1081	0
761	1081	0
762	1081	0
763	1081	0
764	1081	0
765	1081	0
767	1081	0
768	1081	0
769	1081	0
770	1081	0
771	1081	0
772	1081	0
773	1081	0
774	1081	1
775	1081	0
776	1081	0
777	1081	0
778	1081	0
779	1081	0
780	1081	0
782	1081	0
783	1081	0
784	1081	0
785	1081	0
786	1081	0
787	1081	0
788	1081	0
789	1081	0
790	1081	0
791	1081	0
793	1081	0
794	1081	0
795	1081	0
796	1081	0
797	1081	0
798	1081	0
799	1081	0
800	1081	0
801	1081	0
802	1081	0
803	1081	0
804	1081	0
806	1081	0
807	1081	0
808	1081	0
809	1081	0
810	1081	0
811	1081	0
812	1081	0
813	1081	0
814	1081	0
816	1081	0
817	1081	0
818	1081	0
819	1081	0
820	1081	0
821	1081	0
822	1081	0
823	1081	0
824	1081	0
825	1081	0
826	1081	0
827	1081	0
828	1081	0
829	1081	1
830	1081	1
831	1081	0
832	1081	1
833	1081	0
834	1081	1
835	1081	0
836	1081	0
837	1081	1
839	1081	0
840	1081	1
841	1081	0
842	1081	0
843	1081	0
844	1081	0
845	1081	0
846	1081	0
847	1081	0
848	1081	0
849	1081	0
850	1081	0
851	1081	0
852	1081	0
853	1081	0
854	1081	0
855	1081	0
856	1081	0
857	1081	0
858	1081	0
859	1081	0
860	1081	0
861	1081	0
862	1081	0
863	1081	0
864	1081	0
865	1081	0
866	1081	0
867	1081	0
868	1081	0
869	1081	0
870	1081	0
872	1081	0
873	1081	0
874	1081	0
875	1081	0
876	1081	0
877	1081	0
878	1081	0
879	1081	0
880	1081	0
881	1081	0
882	1081	0
883	1081	0
884	1081	0
885	1081	0
886	1081	0
887	1081	0
888	1081	0
889	1081	1
890	1081	0
891	1081	0
892	1081	0
893	1081	0
894	1081	0
895	1081	1
896	1081	0
897	1081	0
898	1081	0
900	1081	0
901	1081	0
902	1081	0
903	1081	0
904	1081	0
905	1081	0
906	1081	0
907	1081	0
908	1081	0
909	1081	0
910	1081	0
911	1081	0
912	1081	0
913	1081	0
914	1081	0
916	1081	0
917	1081	0
918	1081	0
919	1081	0
920	1081	0
921	1081	0
922	1081	0
923	1081	0
924	1081	0
925	1081	0
926	1081	0
927	1081	0
928	1081	0
930	1081	0
931	1081	0
933	1081	1
934	1081	0
935	1081	0
936	1081	0
937	1081	1
938	1081	0
939	1081	0
940	1081	0
941	1081	0
942	1081	0
943	1081	0
944	1081	0
945	1081	0
946	1081	0
947	1081	0
948	1081	0
949	1081	0
950	1081	0
952	1081	0
953	1081	0
954	1081	0
955	1081	0
956	1081	0
958	1081	0
959	1081	0
961	1081	0
962	1081	0
963	1081	0
964	1081	0
965	1081	1
967	1081	0
