0	1098	0
1	1098	0
2	1098	0
3	1098	0
4	1098	0
5	1098	0
6	1098	0
7	1098	0
8	1098	1
9	1098	0
10	1098	0
11	1098	0
12	1098	0
13	1098	0
14	1098	0
15	1098	0
16	1098	0
17	1098	0
18	1098	1
19	1098	0
20	1098	0
21	1098	0
22	1098	0
23	1098	0
24	1098	0
26	1098	0
27	1098	0
28	1098	0
29	1098	0
30	1098	0
31	1098	1
32	1098	1
33	1098	0
34	1098	1
35	1098	0
36	1098	0
37	1098	0
38	1098	0
39	1098	0
40	1098	0
42	1098	0
43	1098	0
44	1098	0
45	1098	0
46	1098	0
47	1098	1
48	1098	0
49	1098	0
50	1098	0
51	1098	0
52	1098	0
53	1098	0
54	1098	0
55	1098	0
56	1098	0
57	1098	0
58	1098	0
59	1098	1
60	1098	0
61	1098	0
62	1098	0
64	1098	0
65	1098	0
66	1098	1
67	1098	0
68	1098	0
69	1098	0
70	1098	0
71	1098	1
72	1098	0
73	1098	0
74	1098	0
75	1098	0
76	1098	0
77	1098	0
78	1098	0
79	1098	0
80	1098	0
81	1098	0
82	1098	0
83	1098	0
84	1098	0
85	1098	0
86	1098	0
87	1098	0
88	1098	0
89	1098	0
90	1098	0
91	1098	0
92	1098	0
93	1098	0
94	1098	0
95	1098	0
96	1098	1
97	1098	0
98	1098	0
99	1098	0
100	1098	0
101	1098	0
102	1098	0
103	1098	0
104	1098	0
105	1098	0
106	1098	0
109	1098	1
111	1098	0
112	1098	0
113	1098	0
114	1098	0
115	1098	0
116	1098	0
117	1098	0
118	1098	0
119	1098	0
120	1098	0
121	1098	0
122	1098	0
123	1098	1
124	1098	0
125	1098	0
126	1098	0
127	1098	0
129	1098	0
130	1098	0
131	1098	0
132	1098	0
133	1098	0
134	1098	0
136	1098	0
137	1098	0
138	1098	1
139	1098	0
140	1098	0
141	1098	0
142	1098	0
143	1098	0
144	1098	0
145	1098	0
146	1098	0
147	1098	0
148	1098	0
149	1098	0
150	1098	0
151	1098	0
152	1098	1
153	1098	0
154	1098	0
155	1098	0
156	1098	0
157	1098	0
158	1098	0
159	1098	0
160	1098	0
161	1098	0
162	1098	0
163	1098	1
165	1098	0
166	1098	0
167	1098	0
168	1098	0
169	1098	0
170	1098	0
171	1098	1
172	1098	1
173	1098	0
174	1098	0
175	1098	0
177	1098	0
178	1098	0
179	1098	0
180	1098	0
182	1098	0
183	1098	0
184	1098	0
185	1098	0
186	1098	0
187	1098	0
188	1098	1
189	1098	0
190	1098	0
191	1098	0
192	1098	0
193	1098	1
194	1098	0
195	1098	0
196	1098	1
197	1098	1
198	1098	0
199	1098	0
200	1098	0
201	1098	0
202	1098	0
203	1098	0
204	1098	0
206	1098	1
207	1098	0
208	1098	0
210	1098	0
211	1098	0
212	1098	1
213	1098	0
214	1098	0
215	1098	1
216	1098	0
217	1098	0
218	1098	0
219	1098	0
220	1098	0
222	1098	0
223	1098	0
224	1098	0
225	1098	0
226	1098	0
227	1098	1
228	1098	0
229	1098	0
230	1098	0
231	1098	0
232	1098	0
233	1098	0
234	1098	1
235	1098	0
236	1098	0
237	1098	0
238	1098	0
239	1098	1
240	1098	0
241	1098	0
242	1098	0
244	1098	0
245	1098	0
247	1098	0
248	1098	0
249	1098	0
250	1098	0
251	1098	0
252	1098	0
253	1098	1
254	1098	0
255	1098	1
256	1098	0
258	1098	0
259	1098	0
260	1098	0
261	1098	0
262	1098	0
263	1098	0
264	1098	0
265	1098	0
266	1098	0
267	1098	0
268	1098	0
269	1098	0
270	1098	0
271	1098	0
272	1098	0
273	1098	0
274	1098	0
275	1098	0
276	1098	0
277	1098	0
278	1098	0
279	1098	0
280	1098	0
281	1098	0
282	1098	0
283	1098	0
284	1098	0
285	1098	0
286	1098	0
287	1098	0
288	1098	0
289	1098	1
290	1098	0
291	1098	0
292	1098	0
293	1098	0
294	1098	0
295	1098	0
296	1098	0
297	1098	0
298	1098	0
299	1098	0
300	1098	0
301	1098	0
302	1098	0
303	1098	0
304	1098	0
305	1098	0
306	1098	0
307	1098	0
308	1098	0
309	1098	0
310	1098	0
311	1098	0
312	1098	0
313	1098	0
314	1098	0
315	1098	0
316	1098	0
317	1098	0
318	1098	0
319	1098	0
320	1098	0
321	1098	0
322	1098	0
323	1098	0
324	1098	0
325	1098	0
326	1098	0
327	1098	0
328	1098	0
329	1098	0
330	1098	0
331	1098	0
333	1098	0
335	1098	0
336	1098	1
337	1098	0
338	1098	0
339	1098	0
340	1098	0
342	1098	0
343	1098	0
344	1098	0
346	1098	0
347	1098	0
348	1098	0
349	1098	0
350	1098	0
351	1098	0
352	1098	0
354	1098	0
355	1098	0
357	1098	0
358	1098	0
359	1098	0
360	1098	0
361	1098	0
363	1098	1
364	1098	0
365	1098	0
366	1098	0
367	1098	0
368	1098	0
371	1098	0
372	1098	0
373	1098	1
374	1098	1
377	1098	0
378	1098	1
379	1098	1
380	1098	1
381	1098	1
382	1098	0
383	1098	0
384	1098	0
385	1098	1
386	1098	0
387	1098	0
388	1098	0
389	1098	0
390	1098	0
391	1098	0
393	1098	0
394	1098	0
395	1098	1
396	1098	0
398	1098	0
399	1098	0
400	1098	0
401	1098	0
402	1098	0
403	1098	0
404	1098	0
405	1098	0
406	1098	0
407	1098	0
408	1098	0
409	1098	0
410	1098	0
411	1098	0
412	1098	0
413	1098	0
414	1098	0
415	1098	0
416	1098	0
417	1098	0
418	1098	0
419	1098	0
420	1098	0
421	1098	0
422	1098	0
423	1098	0
424	1098	1
425	1098	0
426	1098	0
427	1098	0
428	1098	0
429	1098	0
431	1098	0
432	1098	0
433	1098	0
434	1098	0
435	1098	0
436	1098	1
437	1098	0
438	1098	1
439	1098	0
440	1098	0
441	1098	0
442	1098	0
443	1098	0
444	1098	0
445	1098	0
446	1098	1
447	1098	0
448	1098	0
449	1098	0
450	1098	0
451	1098	0
452	1098	0
453	1098	0
454	1098	1
455	1098	0
456	1098	0
457	1098	0
458	1098	0
459	1098	0
460	1098	0
461	1098	0
462	1098	0
463	1098	0
464	1098	1
465	1098	0
466	1098	0
467	1098	0
468	1098	0
469	1098	0
470	1098	0
471	1098	0
472	1098	0
473	1098	0
474	1098	0
475	1098	0
476	1098	0
477	1098	0
478	1098	1
480	1098	0
481	1098	0
482	1098	0
483	1098	0
484	1098	0
485	1098	0
486	1098	0
487	1098	0
489	1098	1
490	1098	0
491	1098	0
492	1098	0
493	1098	0
495	1098	0
496	1098	1
497	1098	1
499	1098	0
500	1098	0
501	1098	0
502	1098	0
503	1098	1
505	1098	1
506	1098	0
508	1098	1
509	1098	1
510	1098	1
511	1098	0
512	1098	0
513	1098	0
514	1098	1
515	1098	0
516	1098	0
517	1098	0
518	1098	1
519	1098	0
520	1098	1
521	1098	1
522	1098	0
523	1098	0
524	1098	1
525	1098	0
526	1098	0
527	1098	0
528	1098	0
529	1098	0
531	1098	0
533	1098	1
534	1098	0
536	1098	0
537	1098	0
538	1098	0
540	1098	0
541	1098	0
542	1098	0
543	1098	0
544	1098	0
546	1098	0
547	1098	0
548	1098	0
549	1098	0
550	1098	0
551	1098	0
553	1098	0
554	1098	0
555	1098	1
556	1098	0
557	1098	0
558	1098	0
559	1098	0
560	1098	0
561	1098	0
562	1098	0
563	1098	0
564	1098	0
565	1098	0
566	1098	0
567	1098	0
568	1098	0
569	1098	0
570	1098	0
571	1098	0
572	1098	0
573	1098	0
574	1098	0
575	1098	0
576	1098	0
577	1098	0
578	1098	0
579	1098	0
580	1098	0
582	1098	0
583	1098	0
584	1098	0
585	1098	0
586	1098	1
587	1098	0
588	1098	0
589	1098	0
590	1098	0
591	1098	0
592	1098	0
593	1098	0
594	1098	0
595	1098	0
596	1098	0
597	1098	0
598	1098	0
599	1098	0
600	1098	0
601	1098	0
602	1098	0
604	1098	0
605	1098	0
606	1098	0
607	1098	0
608	1098	0
609	1098	0
611	1098	0
612	1098	0
613	1098	0
614	1098	1
615	1098	0
616	1098	0
617	1098	0
618	1098	0
619	1098	0
620	1098	0
621	1098	0
622	1098	0
624	1098	0
625	1098	0
626	1098	1
627	1098	0
628	1098	0
630	1098	0
631	1098	0
632	1098	0
633	1098	0
635	1098	0
636	1098	0
637	1098	0
640	1098	0
641	1098	0
642	1098	0
643	1098	0
644	1098	0
645	1098	1
646	1098	0
647	1098	0
648	1098	0
649	1098	0
650	1098	1
651	1098	0
652	1098	1
653	1098	0
654	1098	0
655	1098	0
656	1098	1
657	1098	0
658	1098	0
659	1098	0
660	1098	0
661	1098	1
662	1098	1
663	1098	1
664	1098	1
666	1098	0
667	1098	0
668	1098	0
669	1098	0
670	1098	0
671	1098	0
672	1098	0
673	1098	1
674	1098	0
675	1098	0
676	1098	0
677	1098	0
678	1098	0
679	1098	0
680	1098	0
681	1098	0
682	1098	0
683	1098	0
684	1098	0
685	1098	0
686	1098	0
687	1098	0
688	1098	0
689	1098	0
690	1098	0
691	1098	0
692	1098	1
693	1098	0
694	1098	1
695	1098	1
696	1098	0
697	1098	0
698	1098	0
699	1098	0
700	1098	0
701	1098	0
702	1098	0
703	1098	0
704	1098	0
705	1098	0
706	1098	0
707	1098	0
708	1098	0
709	1098	0
710	1098	0
711	1098	0
712	1098	0
713	1098	1
714	1098	0
715	1098	1
716	1098	0
717	1098	0
718	1098	0
719	1098	0
720	1098	0
721	1098	1
722	1098	0
723	1098	0
724	1098	0
725	1098	0
726	1098	0
727	1098	0
728	1098	0
730	1098	0
731	1098	0
732	1098	1
733	1098	0
734	1098	0
735	1098	0
736	1098	0
737	1098	1
738	1098	1
739	1098	0
740	1098	0
741	1098	0
742	1098	1
743	1098	0
744	1098	0
745	1098	1
746	1098	0
747	1098	0
748	1098	1
749	1098	1
750	1098	1
751	1098	0
752	1098	1
753	1098	0
754	1098	0
755	1098	0
756	1098	0
757	1098	0
758	1098	0
759	1098	0
760	1098	0
761	1098	0
762	1098	0
763	1098	0
764	1098	0
765	1098	0
767	1098	0
768	1098	0
769	1098	0
770	1098	0
771	1098	0
772	1098	0
773	1098	0
774	1098	1
775	1098	0
776	1098	0
777	1098	0
778	1098	0
779	1098	0
780	1098	0
782	1098	0
783	1098	0
784	1098	0
785	1098	0
786	1098	0
787	1098	0
788	1098	0
789	1098	0
790	1098	0
791	1098	0
793	1098	0
794	1098	0
795	1098	0
796	1098	0
797	1098	0
798	1098	0
799	1098	0
800	1098	0
801	1098	0
802	1098	0
803	1098	0
804	1098	0
806	1098	0
807	1098	0
808	1098	0
809	1098	0
810	1098	0
811	1098	0
812	1098	0
813	1098	0
814	1098	0
816	1098	0
817	1098	0
818	1098	0
819	1098	0
820	1098	0
821	1098	0
822	1098	0
823	1098	0
824	1098	0
825	1098	0
826	1098	0
827	1098	1
828	1098	0
829	1098	1
830	1098	1
831	1098	0
832	1098	0
833	1098	1
834	1098	0
835	1098	0
836	1098	1
837	1098	1
839	1098	0
840	1098	1
841	1098	0
842	1098	0
843	1098	1
844	1098	0
845	1098	0
846	1098	0
847	1098	0
848	1098	0
849	1098	0
850	1098	0
851	1098	0
852	1098	0
853	1098	0
854	1098	0
855	1098	0
856	1098	0
857	1098	0
858	1098	0
859	1098	0
860	1098	0
861	1098	0
862	1098	0
863	1098	0
864	1098	0
865	1098	0
866	1098	0
867	1098	0
868	1098	0
869	1098	0
870	1098	0
872	1098	0
873	1098	0
874	1098	0
875	1098	0
876	1098	0
877	1098	0
878	1098	0
879	1098	0
880	1098	0
881	1098	0
882	1098	0
883	1098	0
884	1098	0
885	1098	0
886	1098	0
887	1098	0
888	1098	0
889	1098	0
890	1098	0
891	1098	0
892	1098	0
893	1098	0
894	1098	0
895	1098	0
896	1098	0
897	1098	0
898	1098	0
900	1098	1
901	1098	0
902	1098	0
903	1098	0
904	1098	0
905	1098	0
906	1098	0
907	1098	0
908	1098	0
909	1098	0
910	1098	0
911	1098	0
912	1098	1
913	1098	0
914	1098	0
916	1098	0
917	1098	0
918	1098	0
919	1098	0
920	1098	0
921	1098	0
922	1098	0
923	1098	0
924	1098	0
925	1098	0
926	1098	0
927	1098	0
928	1098	0
930	1098	0
931	1098	0
933	1098	0
934	1098	0
935	1098	0
936	1098	0
937	1098	1
938	1098	0
939	1098	0
940	1098	0
941	1098	0
942	1098	0
943	1098	1
944	1098	0
945	1098	0
946	1098	0
947	1098	1
948	1098	0
949	1098	0
950	1098	0
952	1098	0
953	1098	0
954	1098	0
955	1098	0
956	1098	0
958	1098	0
959	1098	0
961	1098	0
962	1098	0
963	1098	1
964	1098	0
965	1098	1
967	1098	0
