0	1166	0
1	1166	0
2	1166	0
3	1166	0
4	1166	1
5	1166	0
6	1166	0
7	1166	0
8	1166	1
9	1166	0
10	1166	1
11	1166	1
12	1166	0
13	1166	1
16	1166	0
17	1166	0
18	1166	0
19	1166	1
20	1166	0
21	1166	1
22	1166	0
23	1166	1
24	1166	0
25	1166	0
26	1166	0
27	1166	0
30	1166	0
31	1166	1
32	1166	0
33	1166	0
34	1166	0
36	1166	0
37	1166	0
38	1166	0
39	1166	1
40	1166	0
41	1166	0
42	1166	0
43	1166	0
45	1166	0
46	1166	1
47	1166	1
48	1166	0
49	1166	0
51	1166	0
53	1166	1
54	1166	0
55	1166	0
56	1166	1
58	1166	0
59	1166	0
60	1166	0
61	1166	0
62	1166	0
63	1166	0
64	1166	1
65	1166	0
66	1166	0
67	1166	0
68	1166	1
69	1166	0
70	1166	0
71	1166	0
72	1166	0
74	1166	0
75	1166	0
77	1166	0
78	1166	0
79	1166	0
80	1166	0
81	1166	0
82	1166	0
83	1166	0
84	1166	0
85	1166	0
86	1166	0
87	1166	0
89	1166	0
90	1166	0
91	1166	0
92	1166	0
93	1166	0
94	1166	0
95	1166	0
96	1166	0
97	1166	0
98	1166	0
99	1166	0
100	1166	1
101	1166	0
102	1166	0
103	1166	0
104	1166	0
105	1166	0
106	1166	0
107	1166	1
108	1166	0
109	1166	0
110	1166	1
111	1166	1
112	1166	0
113	1166	0
114	1166	0
115	1166	1
116	1166	0
117	1166	0
118	1166	1
120	1166	0
121	1166	0
124	1166	0
125	1166	0
129	1166	0
130	1166	0
131	1166	0
132	1166	1
133	1166	0
134	1166	0
135	1166	0
136	1166	0
137	1166	0
138	1166	0
139	1166	0
140	1166	0
141	1166	0
142	1166	0
143	1166	0
144	1166	0
145	1166	0
146	1166	0
147	1166	0
148	1166	0
149	1166	0
151	1166	0
152	1166	0
153	1166	1
154	1166	0
155	1166	0
156	1166	1
157	1166	0
158	1166	0
159	1166	0
160	1166	0
162	1166	0
163	1166	0
164	1166	0
165	1166	0
166	1166	0
167	1166	0
168	1166	0
169	1166	0
170	1166	1
171	1166	0
172	1166	0
173	1166	0
174	1166	0
175	1166	0
178	1166	0
179	1166	0
180	1166	0
181	1166	0
182	1166	0
183	1166	0
184	1166	0
185	1166	0
186	1166	0
187	1166	0
188	1166	1
190	1166	1
191	1166	0
192	1166	0
193	1166	0
194	1166	1
195	1166	0
196	1166	0
197	1166	0
198	1166	0
199	1166	0
200	1166	0
201	1166	0
202	1166	0
203	1166	0
204	1166	0
206	1166	0
207	1166	0
208	1166	0
209	1166	0
210	1166	0
211	1166	0
212	1166	0
213	1166	0
214	1166	0
215	1166	0
216	1166	0
217	1166	0
218	1166	0
219	1166	1
221	1166	0
222	1166	0
223	1166	0
224	1166	0
225	1166	0
227	1166	0
228	1166	0
229	1166	0
230	1166	0
232	1166	0
233	1166	0
234	1166	0
235	1166	0
236	1166	0
237	1166	0
239	1166	0
240	1166	1
245	1166	0
246	1166	0
247	1166	0
248	1166	0
249	1166	1
250	1166	0
251	1166	0
252	1166	0
253	1166	0
254	1166	0
255	1166	0
256	1166	0
257	1166	0
258	1166	0
259	1166	0
260	1166	0
261	1166	1
262	1166	0
263	1166	0
264	1166	0
265	1166	0
266	1166	0
267	1166	0
268	1166	0
270	1166	0
271	1166	0
272	1166	0
273	1166	0
274	1166	0
275	1166	0
277	1166	0
280	1166	0
281	1166	0
282	1166	0
283	1166	0
284	1166	0
285	1166	0
286	1166	0
287	1166	0
288	1166	0
289	1166	0
290	1166	0
291	1166	0
293	1166	1
295	1166	0
296	1166	0
298	1166	0
302	1166	0
303	1166	1
304	1166	0
305	1166	0
306	1166	0
308	1166	0
310	1166	1
312	1166	1
313	1166	0
314	1166	0
315	1166	0
316	1166	1
317	1166	1
318	1166	0
319	1166	0
321	1166	0
322	1166	0
323	1166	0
324	1166	0
325	1166	0
326	1166	0
327	1166	0
328	1166	0
329	1166	0
330	1166	0
331	1166	1
332	1166	0
333	1166	1
334	1166	0
336	1166	0
337	1166	0
338	1166	0
340	1166	0
341	1166	0
343	1166	0
344	1166	0
345	1166	1
346	1166	0
347	1166	0
348	1166	0
350	1166	0
351	1166	0
352	1166	0
353	1166	0
354	1166	0
355	1166	0
356	1166	0
357	1166	0
358	1166	0
359	1166	0
360	1166	0
361	1166	0
362	1166	0
363	1166	0
364	1166	1
365	1166	0
366	1166	1
367	1166	1
369	1166	0
370	1166	1
371	1166	0
372	1166	0
373	1166	1
374	1166	0
376	1166	0
377	1166	0
378	1166	1
379	1166	0
380	1166	0
381	1166	0
382	1166	0
383	1166	0
384	1166	0
385	1166	0
386	1166	0
387	1166	0
388	1166	0
389	1166	0
391	1166	0
392	1166	1
393	1166	0
394	1166	0
395	1166	0
397	1166	0
398	1166	0
399	1166	0
401	1166	0
402	1166	0
403	1166	0
404	1166	0
405	1166	0
406	1166	0
407	1166	0
408	1166	0
409	1166	0
410	1166	0
412	1166	0
414	1166	0
415	1166	0
416	1166	0
417	1166	0
418	1166	0
420	1166	0
421	1166	0
422	1166	0
423	1166	0
424	1166	1
425	1166	0
426	1166	0
428	1166	0
429	1166	0
430	1166	0
431	1166	0
432	1166	0
433	1166	0
434	1166	0
435	1166	0
436	1166	0
437	1166	0
438	1166	0
439	1166	0
440	1166	0
441	1166	0
442	1166	0
443	1166	0
444	1166	0
445	1166	0
447	1166	1
448	1166	1
449	1166	0
450	1166	0
452	1166	0
453	1166	1
454	1166	0
455	1166	0
456	1166	0
457	1166	0
458	1166	0
459	1166	0
461	1166	0
462	1166	0
464	1166	0
465	1166	0
466	1166	0
467	1166	0
468	1166	0
469	1166	0
470	1166	0
471	1166	0
472	1166	0
473	1166	0
474	1166	0
475	1166	0
476	1166	0
477	1166	0
478	1166	0
479	1166	1
480	1166	0
481	1166	0
483	1166	0
484	1166	0
485	1166	0
486	1166	0
487	1166	0
488	1166	0
489	1166	0
490	1166	0
491	1166	0
492	1166	0
494	1166	0
496	1166	0
497	1166	0
498	1166	0
499	1166	1
500	1166	0
501	1166	0
502	1166	1
503	1166	0
504	1166	1
505	1166	0
506	1166	0
507	1166	0
508	1166	0
509	1166	0
510	1166	0
511	1166	0
512	1166	0
513	1166	0
514	1166	0
515	1166	0
516	1166	1
517	1166	1
518	1166	0
519	1166	0
520	1166	0
521	1166	0
522	1166	0
523	1166	0
524	1166	1
525	1166	0
526	1166	0
527	1166	0
528	1166	0
529	1166	0
530	1166	0
531	1166	0
533	1166	0
534	1166	0
535	1166	0
536	1166	0
538	1166	0
539	1166	0
540	1166	0
541	1166	0
542	1166	0
543	1166	0
544	1166	0
545	1166	0
546	1166	0
547	1166	0
550	1166	0
551	1166	1
553	1166	0
555	1166	0
556	1166	0
557	1166	0
558	1166	0
560	1166	0
561	1166	0
562	1166	0
563	1166	0
565	1166	0
566	1166	0
567	1166	1
568	1166	0
569	1166	1
571	1166	0
574	1166	0
575	1166	0
576	1166	0
577	1166	0
579	1166	0
580	1166	0
581	1166	0
582	1166	0
583	1166	0
584	1166	1
585	1166	0
586	1166	0
588	1166	0
589	1166	0
591	1166	0
593	1166	0
595	1166	0
596	1166	0
597	1166	0
598	1166	0
599	1166	0
600	1166	0
601	1166	0
602	1166	0
604	1166	0
606	1166	0
607	1166	0
608	1166	0
609	1166	0
612	1166	0
613	1166	0
614	1166	0
615	1166	0
616	1166	0
617	1166	0
618	1166	0
619	1166	0
620	1166	0
621	1166	0
622	1166	0
624	1166	0
625	1166	0
627	1166	0
628	1166	0
630	1166	0
632	1166	0
633	1166	1
634	1166	0
635	1166	0
636	1166	0
637	1166	0
638	1166	0
639	1166	0
640	1166	0
641	1166	0
642	1166	0
643	1166	0
644	1166	0
645	1166	0
646	1166	0
648	1166	0
649	1166	0
650	1166	0
652	1166	0
653	1166	0
654	1166	0
655	1166	0
656	1166	0
657	1166	0
658	1166	0
659	1166	0
660	1166	0
661	1166	0
662	1166	0
663	1166	0
664	1166	0
665	1166	1
666	1166	0
667	1166	0
668	1166	0
669	1166	0
670	1166	0
671	1166	0
672	1166	0
673	1166	0
674	1166	0
675	1166	0
676	1166	0
677	1166	0
678	1166	0
679	1166	0
680	1166	0
681	1166	0
682	1166	0
683	1166	0
684	1166	0
685	1166	0
686	1166	0
687	1166	0
688	1166	0
689	1166	0
690	1166	0
691	1166	0
692	1166	0
693	1166	0
694	1166	0
695	1166	1
696	1166	0
698	1166	0
699	1166	0
700	1166	0
702	1166	0
703	1166	0
704	1166	0
705	1166	0
706	1166	0
707	1166	0
709	1166	0
710	1166	0
711	1166	0
712	1166	0
713	1166	0
714	1166	0
717	1166	0
718	1166	0
719	1166	0
720	1166	0
721	1166	0
722	1166	0
723	1166	0
724	1166	0
725	1166	0
726	1166	0
727	1166	0
728	1166	0
729	1166	0
730	1166	0
732	1166	0
733	1166	0
734	1166	0
735	1166	0
736	1166	0
737	1166	0
738	1166	0
739	1166	0
740	1166	0
741	1166	0
742	1166	0
745	1166	0
746	1166	1
747	1166	0
748	1166	0
749	1166	1
750	1166	0
752	1166	0
753	1166	1
754	1166	0
755	1166	0
756	1166	0
757	1166	0
758	1166	0
759	1166	0
760	1166	0
761	1166	0
762	1166	0
765	1166	0
766	1166	0
767	1166	0
768	1166	0
769	1166	0
770	1166	0
771	1166	0
772	1166	1
773	1166	0
775	1166	0
776	1166	0
777	1166	0
778	1166	0
779	1166	0
780	1166	0
781	1166	0
782	1166	0
783	1166	1
784	1166	0
785	1166	0
786	1166	1
787	1166	0
789	1166	1
790	1166	1
791	1166	0
792	1166	0
793	1166	1
794	1166	0
795	1166	0
796	1166	0
797	1166	0
799	1166	0
800	1166	0
801	1166	0
802	1166	0
803	1166	0
804	1166	0
805	1166	0
806	1166	0
807	1166	0
808	1166	0
810	1166	0
811	1166	1
814	1166	0
816	1166	0
818	1166	0
819	1166	0
820	1166	0
822	1166	0
823	1166	0
824	1166	0
825	1166	0
826	1166	0
827	1166	0
829	1166	0
830	1166	0
831	1166	0
832	1166	0
833	1166	0
834	1166	0
835	1166	0
836	1166	0
837	1166	0
838	1166	1
839	1166	0
840	1166	0
843	1166	0
844	1166	0
845	1166	0
848	1166	0
849	1166	0
850	1166	0
852	1166	0
853	1166	0
854	1166	0
855	1166	0
856	1166	0
857	1166	0
860	1166	0
861	1166	0
862	1166	0
863	1166	0
864	1166	1
866	1166	0
867	1166	0
868	1166	0
869	1166	0
870	1166	0
871	1166	0
872	1166	0
873	1166	0
874	1166	0
875	1166	0
876	1166	0
877	1166	0
878	1166	0
880	1166	0
881	1166	0
882	1166	0
883	1166	0
884	1166	0
885	1166	0
887	1166	0
888	1166	0
889	1166	0
890	1166	0
891	1166	0
892	1166	1
893	1166	0
894	1166	0
895	1166	0
896	1166	1
897	1166	0
899	1166	0
900	1166	0
901	1166	0
902	1166	0
904	1166	1
905	1166	0
907	1166	0
910	1166	0
911	1166	1
912	1166	0
913	1166	0
914	1166	0
915	1166	0
916	1166	0
917	1166	0
918	1166	1
919	1166	1
921	1166	0
922	1166	0
923	1166	0
924	1166	0
925	1166	0
926	1166	0
927	1166	1
928	1166	1
929	1166	0
931	1166	0
933	1166	0
934	1166	0
935	1166	0
936	1166	0
937	1166	0
938	1166	0
939	1166	0
940	1166	0
941	1166	0
942	1166	0
943	1166	0
944	1166	0
945	1166	0
946	1166	0
948	1166	0
949	1166	1
950	1166	0
952	1166	0
953	1166	0
954	1166	0
955	1166	0
956	1166	0
957	1166	0
958	1166	0
959	1166	0
960	1166	0
961	1166	0
962	1166	0
963	1166	0
964	1166	0
966	1166	0
967	1166	0
