0	1054	0
1	1054	0
2	1054	0
3	1054	0
4	1054	0
5	1054	0
6	1054	0
7	1054	0
8	1054	1
9	1054	1
10	1054	0
11	1054	0
12	1054	0
13	1054	0
14	1054	0
15	1054	0
16	1054	0
17	1054	1
18	1054	1
19	1054	0
20	1054	0
21	1054	0
22	1054	0
23	1054	1
24	1054	0
26	1054	0
27	1054	0
28	1054	0
29	1054	0
30	1054	0
31	1054	1
32	1054	1
33	1054	0
34	1054	0
35	1054	0
36	1054	0
37	1054	0
38	1054	0
39	1054	1
40	1054	0
42	1054	0
43	1054	0
44	1054	0
45	1054	0
46	1054	0
47	1054	0
48	1054	0
49	1054	0
50	1054	0
51	1054	0
52	1054	0
53	1054	0
54	1054	0
55	1054	0
56	1054	0
57	1054	0
58	1054	0
59	1054	0
60	1054	0
61	1054	0
62	1054	0
64	1054	0
65	1054	0
66	1054	0
67	1054	0
68	1054	0
69	1054	0
70	1054	1
71	1054	1
72	1054	0
73	1054	0
74	1054	0
75	1054	1
76	1054	0
77	1054	0
78	1054	0
79	1054	0
80	1054	0
81	1054	0
82	1054	0
83	1054	0
84	1054	0
85	1054	0
86	1054	0
87	1054	0
88	1054	0
89	1054	0
90	1054	0
91	1054	0
92	1054	0
93	1054	0
94	1054	0
95	1054	0
96	1054	0
97	1054	0
98	1054	0
99	1054	0
100	1054	0
102	1054	0
103	1054	0
104	1054	0
105	1054	0
106	1054	0
109	1054	1
111	1054	0
112	1054	1
113	1054	1
114	1054	0
115	1054	0
116	1054	0
117	1054	1
118	1054	0
119	1054	0
120	1054	0
121	1054	0
122	1054	0
123	1054	0
124	1054	0
125	1054	0
126	1054	0
127	1054	1
129	1054	0
130	1054	0
131	1054	0
132	1054	0
133	1054	0
134	1054	0
136	1054	0
137	1054	1
138	1054	1
139	1054	0
141	1054	0
142	1054	0
143	1054	0
144	1054	0
145	1054	0
146	1054	0
147	1054	0
148	1054	0
149	1054	0
150	1054	0
151	1054	0
152	1054	1
153	1054	0
154	1054	0
155	1054	0
156	1054	1
157	1054	0
158	1054	0
159	1054	0
160	1054	0
161	1054	0
162	1054	0
163	1054	1
165	1054	0
166	1054	0
167	1054	0
168	1054	0
169	1054	0
170	1054	1
171	1054	1
172	1054	1
173	1054	0
174	1054	0
175	1054	0
177	1054	0
178	1054	0
179	1054	0
180	1054	0
182	1054	0
183	1054	0
184	1054	0
185	1054	0
186	1054	0
187	1054	0
188	1054	0
189	1054	0
190	1054	0
191	1054	0
192	1054	0
193	1054	0
194	1054	1
195	1054	0
196	1054	1
197	1054	0
198	1054	1
199	1054	0
200	1054	0
201	1054	0
202	1054	0
203	1054	0
204	1054	0
206	1054	1
207	1054	0
208	1054	0
210	1054	0
211	1054	0
212	1054	1
213	1054	0
214	1054	1
215	1054	0
216	1054	0
217	1054	0
218	1054	0
219	1054	0
220	1054	0
222	1054	0
223	1054	0
224	1054	0
225	1054	0
226	1054	0
227	1054	1
228	1054	0
229	1054	0
230	1054	0
231	1054	0
232	1054	0
233	1054	0
234	1054	0
235	1054	0
236	1054	0
237	1054	0
238	1054	0
239	1054	0
240	1054	0
241	1054	0
242	1054	0
244	1054	0
245	1054	0
246	1054	0
247	1054	0
248	1054	0
249	1054	0
250	1054	0
251	1054	0
252	1054	0
253	1054	1
254	1054	1
255	1054	0
256	1054	0
258	1054	1
259	1054	0
260	1054	0
261	1054	0
262	1054	0
263	1054	0
264	1054	0
265	1054	0
266	1054	0
267	1054	0
268	1054	0
269	1054	1
270	1054	0
271	1054	0
272	1054	1
273	1054	0
274	1054	0
275	1054	1
276	1054	0
277	1054	0
278	1054	0
279	1054	0
280	1054	0
281	1054	0
282	1054	0
283	1054	0
284	1054	0
285	1054	0
286	1054	0
287	1054	0
288	1054	0
289	1054	1
290	1054	0
291	1054	0
292	1054	0
293	1054	0
294	1054	0
295	1054	0
296	1054	1
297	1054	0
298	1054	0
299	1054	0
300	1054	0
301	1054	0
302	1054	0
303	1054	0
304	1054	0
305	1054	0
306	1054	0
307	1054	0
308	1054	0
309	1054	0
310	1054	0
311	1054	0
312	1054	0
313	1054	0
314	1054	0
315	1054	0
316	1054	0
317	1054	0
318	1054	0
319	1054	0
320	1054	0
321	1054	0
322	1054	0
323	1054	0
324	1054	0
325	1054	0
326	1054	0
327	1054	1
328	1054	0
329	1054	0
330	1054	1
331	1054	0
333	1054	0
335	1054	1
336	1054	0
337	1054	0
338	1054	0
339	1054	0
340	1054	0
341	1054	0
342	1054	0
343	1054	0
344	1054	0
346	1054	0
347	1054	0
348	1054	0
349	1054	0
350	1054	0
351	1054	0
352	1054	0
354	1054	1
355	1054	0
357	1054	0
358	1054	0
359	1054	0
360	1054	1
361	1054	0
363	1054	1
364	1054	0
365	1054	0
366	1054	0
367	1054	0
368	1054	0
371	1054	1
372	1054	0
373	1054	1
374	1054	0
375	1054	1
377	1054	0
378	1054	1
379	1054	0
380	1054	0
381	1054	0
382	1054	0
383	1054	0
384	1054	0
385	1054	0
386	1054	1
387	1054	0
388	1054	0
389	1054	0
390	1054	0
391	1054	0
393	1054	0
394	1054	0
395	1054	0
397	1054	1
398	1054	0
399	1054	0
400	1054	0
401	1054	0
402	1054	0
403	1054	0
404	1054	0
405	1054	0
406	1054	0
407	1054	0
408	1054	0
409	1054	1
410	1054	0
411	1054	0
412	1054	0
413	1054	0
414	1054	0
415	1054	1
416	1054	0
417	1054	0
418	1054	0
419	1054	0
420	1054	0
421	1054	0
422	1054	0
423	1054	0
424	1054	0
425	1054	0
426	1054	0
427	1054	0
428	1054	0
429	1054	0
430	1054	1
431	1054	0
432	1054	0
433	1054	0
434	1054	0
435	1054	0
436	1054	0
437	1054	0
438	1054	0
439	1054	0
440	1054	0
441	1054	0
442	1054	0
443	1054	0
444	1054	0
445	1054	0
446	1054	1
447	1054	0
448	1054	0
449	1054	0
450	1054	0
451	1054	0
452	1054	0
453	1054	0
454	1054	0
455	1054	0
456	1054	0
457	1054	1
458	1054	0
459	1054	0
460	1054	0
461	1054	0
462	1054	0
463	1054	0
464	1054	1
465	1054	1
466	1054	0
467	1054	0
468	1054	0
469	1054	0
470	1054	0
471	1054	0
472	1054	0
473	1054	0
474	1054	0
475	1054	0
476	1054	0
477	1054	0
478	1054	1
480	1054	1
481	1054	0
482	1054	0
483	1054	0
484	1054	0
485	1054	0
486	1054	0
487	1054	0
489	1054	1
490	1054	0
491	1054	0
492	1054	0
493	1054	1
495	1054	0
496	1054	1
497	1054	0
499	1054	0
500	1054	0
501	1054	0
502	1054	0
503	1054	1
505	1054	1
506	1054	1
508	1054	1
509	1054	1
510	1054	0
511	1054	0
512	1054	0
513	1054	0
514	1054	0
515	1054	0
516	1054	0
517	1054	0
518	1054	0
519	1054	0
520	1054	1
521	1054	0
523	1054	0
524	1054	0
525	1054	0
526	1054	0
527	1054	0
528	1054	0
529	1054	0
531	1054	0
533	1054	0
534	1054	0
536	1054	0
537	1054	0
538	1054	0
540	1054	0
541	1054	0
542	1054	0
543	1054	0
544	1054	0
546	1054	0
547	1054	0
548	1054	0
549	1054	0
550	1054	0
551	1054	0
553	1054	0
554	1054	0
555	1054	0
556	1054	0
557	1054	0
558	1054	0
559	1054	0
560	1054	0
561	1054	0
562	1054	0
563	1054	0
564	1054	0
565	1054	0
566	1054	0
567	1054	0
568	1054	0
569	1054	0
570	1054	0
571	1054	1
572	1054	0
574	1054	0
575	1054	0
576	1054	0
577	1054	0
578	1054	0
579	1054	0
580	1054	0
582	1054	0
583	1054	1
584	1054	0
585	1054	0
586	1054	0
587	1054	0
588	1054	0
589	1054	0
590	1054	0
591	1054	0
592	1054	0
593	1054	0
594	1054	0
595	1054	0
596	1054	0
597	1054	0
598	1054	0
599	1054	0
600	1054	0
601	1054	0
602	1054	0
604	1054	0
605	1054	0
606	1054	0
607	1054	0
608	1054	0
609	1054	1
611	1054	0
612	1054	0
613	1054	0
614	1054	0
615	1054	0
616	1054	0
617	1054	1
618	1054	0
619	1054	0
620	1054	0
621	1054	0
622	1054	0
624	1054	0
625	1054	0
626	1054	1
627	1054	0
628	1054	0
630	1054	1
631	1054	0
632	1054	0
633	1054	0
635	1054	0
636	1054	0
637	1054	0
640	1054	1
641	1054	0
642	1054	0
643	1054	1
644	1054	0
645	1054	1
646	1054	0
647	1054	0
648	1054	0
649	1054	0
650	1054	1
651	1054	0
652	1054	0
653	1054	0
654	1054	0
655	1054	0
656	1054	1
657	1054	0
658	1054	0
659	1054	0
660	1054	0
661	1054	0
662	1054	1
663	1054	1
664	1054	0
666	1054	0
667	1054	0
668	1054	0
669	1054	0
670	1054	0
671	1054	0
672	1054	0
673	1054	1
674	1054	0
675	1054	0
676	1054	0
677	1054	0
678	1054	0
679	1054	0
680	1054	0
681	1054	0
682	1054	0
683	1054	0
684	1054	1
685	1054	0
686	1054	0
687	1054	0
688	1054	0
689	1054	0
690	1054	0
691	1054	1
692	1054	0
693	1054	0
694	1054	0
695	1054	1
696	1054	0
697	1054	0
698	1054	0
699	1054	0
700	1054	0
701	1054	0
702	1054	0
703	1054	0
704	1054	0
705	1054	0
706	1054	1
707	1054	0
708	1054	0
709	1054	0
710	1054	1
711	1054	0
712	1054	0
713	1054	1
714	1054	0
715	1054	1
716	1054	0
717	1054	0
718	1054	1
719	1054	0
720	1054	0
721	1054	0
722	1054	0
723	1054	0
724	1054	0
725	1054	0
726	1054	0
727	1054	0
728	1054	0
730	1054	0
731	1054	0
732	1054	0
733	1054	0
734	1054	0
735	1054	0
736	1054	0
737	1054	0
738	1054	0
739	1054	0
740	1054	0
741	1054	0
742	1054	1
743	1054	0
744	1054	0
745	1054	0
746	1054	0
747	1054	0
748	1054	1
749	1054	0
750	1054	0
751	1054	0
752	1054	0
753	1054	0
754	1054	0
755	1054	0
756	1054	0
757	1054	0
758	1054	0
759	1054	0
760	1054	0
761	1054	0
762	1054	0
763	1054	0
764	1054	0
765	1054	0
766	1054	0
767	1054	0
768	1054	0
769	1054	0
770	1054	0
771	1054	0
772	1054	0
773	1054	0
774	1054	1
775	1054	0
776	1054	0
777	1054	0
778	1054	0
779	1054	0
780	1054	0
782	1054	0
783	1054	0
784	1054	0
785	1054	0
786	1054	0
787	1054	0
788	1054	0
789	1054	0
790	1054	0
791	1054	0
793	1054	0
794	1054	0
795	1054	0
796	1054	1
797	1054	0
798	1054	0
799	1054	0
800	1054	0
801	1054	1
802	1054	0
803	1054	0
804	1054	0
806	1054	0
807	1054	0
808	1054	1
809	1054	0
810	1054	0
811	1054	0
812	1054	0
813	1054	0
814	1054	0
816	1054	0
817	1054	1
818	1054	0
819	1054	0
820	1054	0
821	1054	0
822	1054	0
823	1054	0
824	1054	0
825	1054	0
826	1054	0
827	1054	1
828	1054	0
829	1054	1
830	1054	0
831	1054	1
832	1054	1
833	1054	1
834	1054	1
835	1054	0
836	1054	0
837	1054	1
839	1054	0
840	1054	1
841	1054	0
842	1054	0
843	1054	0
844	1054	0
845	1054	0
846	1054	0
847	1054	0
848	1054	0
849	1054	0
850	1054	0
851	1054	0
852	1054	0
853	1054	1
854	1054	0
855	1054	0
856	1054	0
857	1054	0
858	1054	0
859	1054	0
860	1054	0
861	1054	0
862	1054	0
863	1054	0
864	1054	0
865	1054	0
866	1054	0
867	1054	0
868	1054	0
869	1054	0
870	1054	0
872	1054	0
873	1054	0
874	1054	0
875	1054	0
876	1054	0
877	1054	1
878	1054	0
879	1054	0
880	1054	0
881	1054	0
882	1054	0
883	1054	0
884	1054	0
885	1054	0
886	1054	0
887	1054	0
888	1054	1
889	1054	0
890	1054	0
891	1054	1
892	1054	0
893	1054	0
894	1054	0
895	1054	0
896	1054	0
897	1054	0
898	1054	0
900	1054	0
901	1054	0
902	1054	0
903	1054	0
904	1054	0
905	1054	0
906	1054	0
907	1054	0
908	1054	0
909	1054	0
910	1054	0
911	1054	0
912	1054	0
913	1054	0
914	1054	0
916	1054	0
917	1054	1
918	1054	0
919	1054	0
920	1054	0
921	1054	0
922	1054	0
923	1054	0
924	1054	0
925	1054	0
926	1054	0
927	1054	0
928	1054	1
930	1054	1
931	1054	0
933	1054	1
934	1054	0
935	1054	1
936	1054	0
937	1054	0
938	1054	0
939	1054	0
940	1054	0
941	1054	1
942	1054	1
943	1054	0
944	1054	0
945	1054	0
946	1054	0
947	1054	0
948	1054	0
949	1054	0
950	1054	0
952	1054	0
953	1054	0
954	1054	0
955	1054	0
956	1054	0
958	1054	1
959	1054	0
960	1054	0
961	1054	0
962	1054	0
963	1054	1
964	1054	0
965	1054	0
966	1054	0
967	1054	0
