1	1196	0
4	1196	0
6	1196	0
10	1196	0
11	1196	0
12	1196	0
13	1196	0
15	1196	0
16	1196	0
17	1196	0
19	1196	0
20	1196	0
22	1196	0
24	1196	0
25	1196	0
26	1196	0
27	1196	0
28	1196	0
30	1196	1
31	1196	1
32	1196	1
34	1196	0
37	1196	0
38	1196	0
39	1196	0
40	1196	0
44	1196	0
47	1196	1
49	1196	0
53	1196	1
55	1196	0
59	1196	0
60	1196	0
61	1196	0
62	1196	0
67	1196	0
68	1196	0
75	1196	0
77	1196	0
79	1196	0
83	1196	0
86	1196	0
90	1196	0
91	1196	0
92	1196	0
93	1196	0
95	1196	0
98	1196	0
102	1196	0
103	1196	0
104	1196	1
105	1196	0
106	1196	0
107	1196	0
113	1196	0
117	1196	0
118	1196	0
120	1196	0
122	1196	0
124	1196	0
131	1196	0
132	1196	0
136	1196	0
139	1196	0
140	1196	0
141	1196	0
143	1196	0
144	1196	0
145	1196	0
147	1196	0
148	1196	0
151	1196	1
153	1196	0
156	1196	1
159	1196	0
160	1196	0
161	1196	0
163	1196	1
165	1196	0
166	1196	0
167	1196	0
174	1196	0
178	1196	0
183	1196	0
185	1196	0
186	1196	0
187	1196	0
188	1196	1
189	1196	0
190	1196	0
191	1196	0
192	1196	1
193	1196	0
194	1196	0
195	1196	0
197	1196	0
198	1196	1
199	1196	0
200	1196	0
201	1196	1
202	1196	1
203	1196	0
204	1196	0
207	1196	0
209	1196	0
210	1196	0
212	1196	0
213	1196	0
214	1196	0
215	1196	0
216	1196	0
220	1196	0
222	1196	0
224	1196	0
228	1196	0
231	1196	0
232	1196	0
233	1196	0
235	1196	0
236	1196	0
237	1196	0
238	1196	0
239	1196	0
240	1196	0
241	1196	0
242	1196	0
243	1196	0
245	1196	0
246	1196	0
247	1196	0
250	1196	0
251	1196	1
254	1196	0
256	1196	0
257	1196	0
259	1196	0
260	1196	0
264	1196	0
265	1196	0
266	1196	0
268	1196	0
271	1196	0
272	1196	0
273	1196	0
274	1196	1
275	1196	0
276	1196	0
277	1196	0
280	1196	1
281	1196	0
285	1196	0
287	1196	0
288	1196	0
301	1196	0
302	1196	0
304	1196	0
306	1196	0
307	1196	0
308	1196	0
310	1196	0
311	1196	1
313	1196	0
314	1196	0
317	1196	0
319	1196	0
322	1196	0
323	1196	0
325	1196	0
326	1196	0
327	1196	0
328	1196	0
329	1196	0
330	1196	0
333	1196	0
335	1196	0
338	1196	0
339	1196	0
341	1196	0
344	1196	0
346	1196	0
351	1196	0
352	1196	0
355	1196	0
356	1196	0
357	1196	0
359	1196	1
362	1196	1
363	1196	0
365	1196	0
366	1196	0
367	1196	0
376	1196	0
377	1196	0
379	1196	0
381	1196	0
382	1196	0
385	1196	0
388	1196	0
391	1196	0
401	1196	0
403	1196	1
405	1196	0
407	1196	0
409	1196	0
410	1196	0
412	1196	0
414	1196	0
415	1196	0
416	1196	0
422	1196	0
425	1196	0
426	1196	0
427	1196	0
428	1196	0
429	1196	0
430	1196	0
431	1196	0
432	1196	0
433	1196	0
434	1196	0
438	1196	0
439	1196	0
443	1196	0
445	1196	0
447	1196	0
448	1196	0
449	1196	0
450	1196	0
451	1196	0
452	1196	0
454	1196	0
459	1196	0
461	1196	1
462	1196	0
464	1196	1
469	1196	0
471	1196	0
474	1196	0
475	1196	0
481	1196	1
483	1196	0
484	1196	0
485	1196	0
487	1196	0
492	1196	0
494	1196	0
497	1196	0
499	1196	0
500	1196	0
501	1196	0
502	1196	0
515	1196	0
516	1196	0
518	1196	0
519	1196	1
520	1196	1
521	1196	0
522	1196	0
524	1196	0
525	1196	0
527	1196	0
528	1196	0
529	1196	0
530	1196	0
531	1196	0
536	1196	0
538	1196	0
540	1196	0
541	1196	0
544	1196	0
546	1196	0
547	1196	0
550	1196	0
551	1196	0
553	1196	0
555	1196	0
557	1196	0
560	1196	0
561	1196	0
562	1196	0
563	1196	0
569	1196	0
570	1196	0
571	1196	0
572	1196	0
574	1196	0
575	1196	0
581	1196	0
583	1196	0
586	1196	0
587	1196	0
589	1196	0
595	1196	0
596	1196	0
599	1196	0
604	1196	0
605	1196	1
608	1196	0
611	1196	0
612	1196	1
616	1196	0
619	1196	0
622	1196	0
626	1196	1
627	1196	0
630	1196	0
632	1196	0
633	1196	0
636	1196	0
637	1196	0
638	1196	1
639	1196	0
641	1196	0
642	1196	0
643	1196	0
644	1196	0
646	1196	0
647	1196	0
648	1196	0
649	1196	1
650	1196	1
651	1196	1
654	1196	0
655	1196	0
657	1196	0
660	1196	0
662	1196	1
663	1196	0
664	1196	0
665	1196	0
667	1196	0
670	1196	1
672	1196	0
674	1196	0
677	1196	0
678	1196	0
679	1196	0
680	1196	0
681	1196	0
682	1196	0
683	1196	0
685	1196	0
686	1196	0
687	1196	0
688	1196	0
690	1196	0
698	1196	0
703	1196	0
707	1196	0
709	1196	0
710	1196	0
712	1196	0
714	1196	0
715	1196	0
717	1196	0
719	1196	0
722	1196	0
723	1196	0
724	1196	0
725	1196	0
726	1196	0
727	1196	0
730	1196	0
734	1196	1
735	1196	0
736	1196	0
738	1196	0
740	1196	0
741	1196	0
742	1196	0
743	1196	0
746	1196	0
748	1196	1
749	1196	0
750	1196	1
752	1196	0
753	1196	0
754	1196	0
758	1196	1
759	1196	0
761	1196	0
764	1196	0
766	1196	0
769	1196	0
770	1196	0
772	1196	1
773	1196	0
777	1196	0
778	1196	0
779	1196	0
781	1196	0
782	1196	0
784	1196	0
785	1196	0
786	1196	0
787	1196	1
789	1196	0
790	1196	0
791	1196	0
793	1196	0
794	1196	0
795	1196	0
796	1196	0
797	1196	0
798	1196	1
800	1196	0
802	1196	0
805	1196	0
806	1196	0
808	1196	0
810	1196	0
811	1196	1
816	1196	0
818	1196	0
823	1196	0
824	1196	0
825	1196	0
826	1196	0
829	1196	0
834	1196	0
835	1196	0
843	1196	0
848	1196	0
849	1196	0
850	1196	0
852	1196	0
853	1196	0
854	1196	0
855	1196	0
859	1196	0
861	1196	0
864	1196	0
865	1196	0
868	1196	0
870	1196	0
873	1196	0
874	1196	0
876	1196	0
878	1196	0
880	1196	0
882	1196	0
883	1196	0
885	1196	0
887	1196	0
889	1196	0
890	1196	0
891	1196	0
892	1196	0
893	1196	0
894	1196	0
895	1196	0
896	1196	0
898	1196	0
905	1196	0
907	1196	0
910	1196	0
911	1196	0
912	1196	0
913	1196	0
915	1196	0
916	1196	0
917	1196	0
918	1196	0
919	1196	0
920	1196	0
921	1196	0
923	1196	0
926	1196	0
929	1196	0
934	1196	0
935	1196	0
936	1196	0
941	1196	0
943	1196	1
944	1196	0
945	1196	0
953	1196	0
954	1196	0
955	1196	0
956	1196	1
957	1196	0
959	1196	0
961	1196	0
964	1196	0
965	1196	1
966	1196	0
