1	1226	0
2	1226	0
3	1226	0
4	1226	0
5	1226	0
6	1226	1
7	1226	1
8	1226	0
9	1226	0
10	1226	0
11	1226	0
12	1226	0
13	1226	0
14	1226	0
15	1226	0
16	1226	0
17	1226	0
18	1226	1
19	1226	1
20	1226	0
21	1226	0
22	1226	0
23	1226	0
24	1226	0
25	1226	0
26	1226	1
27	1226	0
28	1226	0
29	1226	0
31	1226	0
32	1226	1
33	1226	0
34	1226	0
35	1226	0
36	1226	0
37	1226	0
38	1226	0
39	1226	0
40	1226	0
41	1226	0
42	1226	0
43	1226	0
44	1226	0
45	1226	0
46	1226	0
47	1226	0
48	1226	0
49	1226	0
50	1226	0
52	1226	0
53	1226	0
54	1226	0
55	1226	0
56	1226	0
58	1226	0
59	1226	0
60	1226	0
61	1226	0
62	1226	0
63	1226	0
64	1226	1
65	1226	0
66	1226	1
67	1226	0
68	1226	0
69	1226	0
70	1226	0
71	1226	0
72	1226	0
73	1226	0
74	1226	0
75	1226	0
77	1226	0
78	1226	0
79	1226	0
80	1226	0
81	1226	0
82	1226	0
83	1226	1
84	1226	0
85	1226	0
86	1226	0
87	1226	0
88	1226	0
89	1226	0
90	1226	0
91	1226	0
92	1226	1
93	1226	0
94	1226	0
95	1226	0
96	1226	1
97	1226	0
98	1226	0
99	1226	0
100	1226	0
101	1226	0
103	1226	0
104	1226	0
105	1226	0
106	1226	0
107	1226	0
108	1226	0
109	1226	0
110	1226	1
111	1226	0
112	1226	0
113	1226	0
114	1226	0
115	1226	0
116	1226	0
117	1226	0
118	1226	0
119	1226	0
120	1226	1
121	1226	0
122	1226	0
123	1226	0
124	1226	0
125	1226	1
128	1226	0
129	1226	0
130	1226	0
131	1226	0
132	1226	0
133	1226	0
134	1226	0
135	1226	0
136	1226	0
137	1226	0
138	1226	1
139	1226	0
140	1226	0
141	1226	0
142	1226	0
143	1226	0
144	1226	0
145	1226	0
146	1226	0
147	1226	0
148	1226	0
149	1226	0
150	1226	1
151	1226	0
152	1226	0
153	1226	0
154	1226	0
155	1226	0
156	1226	0
157	1226	0
158	1226	0
159	1226	0
160	1226	0
161	1226	0
162	1226	0
163	1226	1
165	1226	0
166	1226	0
167	1226	0
168	1226	0
169	1226	0
170	1226	0
171	1226	0
172	1226	0
173	1226	1
174	1226	0
175	1226	0
177	1226	0
178	1226	0
179	1226	0
180	1226	0
181	1226	0
182	1226	0
183	1226	0
184	1226	0
185	1226	0
186	1226	0
187	1226	0
188	1226	0
189	1226	0
190	1226	0
191	1226	1
192	1226	1
193	1226	1
194	1226	0
195	1226	0
196	1226	1
197	1226	1
198	1226	0
199	1226	0
200	1226	0
201	1226	0
202	1226	0
203	1226	1
204	1226	0
206	1226	0
207	1226	0
208	1226	0
209	1226	1
210	1226	0
211	1226	1
212	1226	1
213	1226	1
214	1226	0
215	1226	0
216	1226	0
217	1226	0
218	1226	0
219	1226	0
220	1226	0
221	1226	0
222	1226	0
223	1226	0
224	1226	0
226	1226	0
227	1226	0
228	1226	0
229	1226	0
230	1226	1
231	1226	0
232	1226	0
233	1226	1
234	1226	0
235	1226	0
236	1226	0
237	1226	0
238	1226	0
239	1226	0
240	1226	0
241	1226	0
243	1226	0
244	1226	0
245	1226	0
246	1226	0
247	1226	0
248	1226	0
249	1226	0
250	1226	0
251	1226	0
252	1226	0
253	1226	0
254	1226	0
255	1226	0
256	1226	0
257	1226	0
258	1226	0
259	1226	0
260	1226	0
261	1226	0
262	1226	0
263	1226	0
264	1226	0
265	1226	0
266	1226	0
267	1226	0
268	1226	0
269	1226	0
270	1226	0
271	1226	0
272	1226	0
273	1226	0
274	1226	0
275	1226	0
276	1226	0
277	1226	0
278	1226	0
279	1226	0
280	1226	0
281	1226	0
282	1226	0
283	1226	0
284	1226	0
285	1226	0
286	1226	0
287	1226	0
288	1226	0
289	1226	0
290	1226	0
291	1226	0
292	1226	0
293	1226	0
294	1226	1
295	1226	0
296	1226	0
297	1226	0
298	1226	0
299	1226	0
300	1226	0
301	1226	0
302	1226	0
303	1226	1
304	1226	0
306	1226	0
307	1226	0
308	1226	1
309	1226	0
310	1226	0
312	1226	1
313	1226	0
314	1226	0
315	1226	0
316	1226	0
317	1226	0
318	1226	0
319	1226	0
320	1226	0
321	1226	0
322	1226	0
323	1226	0
324	1226	0
325	1226	0
326	1226	0
327	1226	0
328	1226	1
329	1226	0
330	1226	0
331	1226	0
333	1226	0
334	1226	0
335	1226	0
336	1226	0
337	1226	0
338	1226	0
339	1226	0
340	1226	0
341	1226	0
342	1226	0
343	1226	0
344	1226	0
345	1226	0
346	1226	0
347	1226	0
348	1226	0
349	1226	0
350	1226	0
351	1226	0
352	1226	0
353	1226	0
354	1226	0
355	1226	0
356	1226	0
357	1226	0
358	1226	0
359	1226	0
360	1226	1
361	1226	0
362	1226	0
363	1226	0
364	1226	0
365	1226	0
366	1226	0
367	1226	0
368	1226	0
369	1226	0
370	1226	1
371	1226	0
372	1226	0
373	1226	0
374	1226	0
375	1226	0
376	1226	0
377	1226	0
378	1226	0
379	1226	0
381	1226	0
382	1226	0
383	1226	0
384	1226	0
385	1226	0
386	1226	0
387	1226	0
388	1226	0
389	1226	0
391	1226	0
392	1226	0
393	1226	0
394	1226	0
395	1226	0
396	1226	0
397	1226	0
398	1226	0
399	1226	0
400	1226	0
401	1226	0
402	1226	0
403	1226	0
404	1226	0
405	1226	0
406	1226	0
407	1226	0
408	1226	0
410	1226	0
411	1226	0
412	1226	0
413	1226	0
414	1226	0
416	1226	0
417	1226	0
418	1226	0
419	1226	0
420	1226	0
421	1226	0
422	1226	0
423	1226	0
424	1226	0
425	1226	0
426	1226	0
427	1226	0
428	1226	0
429	1226	0
430	1226	0
431	1226	0
432	1226	0
433	1226	0
434	1226	0
435	1226	0
436	1226	0
437	1226	0
438	1226	0
439	1226	0
440	1226	0
441	1226	0
442	1226	0
443	1226	0
444	1226	0
445	1226	0
446	1226	0
447	1226	0
448	1226	0
449	1226	0
450	1226	0
451	1226	0
452	1226	0
453	1226	0
454	1226	0
455	1226	0
456	1226	0
457	1226	0
458	1226	0
459	1226	0
460	1226	1
461	1226	0
462	1226	0
463	1226	0
464	1226	0
465	1226	0
466	1226	0
467	1226	0
468	1226	0
469	1226	0
470	1226	0
471	1226	0
472	1226	0
473	1226	0
474	1226	0
475	1226	0
476	1226	0
477	1226	0
478	1226	0
479	1226	0
480	1226	0
481	1226	0
482	1226	0
483	1226	0
484	1226	0
485	1226	0
486	1226	0
487	1226	0
488	1226	0
489	1226	0
490	1226	0
491	1226	0
493	1226	0
494	1226	0
495	1226	0
496	1226	0
497	1226	0
499	1226	0
500	1226	0
501	1226	0
502	1226	0
503	1226	0
504	1226	0
505	1226	0
506	1226	1
507	1226	1
508	1226	1
509	1226	0
510	1226	0
511	1226	0
512	1226	0
513	1226	0
514	1226	0
515	1226	0
516	1226	0
517	1226	0
518	1226	0
519	1226	0
520	1226	0
521	1226	0
522	1226	0
523	1226	0
524	1226	0
525	1226	0
526	1226	0
527	1226	0
528	1226	0
529	1226	0
530	1226	0
531	1226	0
533	1226	1
534	1226	0
535	1226	1
536	1226	0
537	1226	0
538	1226	0
539	1226	0
540	1226	0
541	1226	0
542	1226	1
543	1226	0
544	1226	0
545	1226	0
546	1226	0
547	1226	0
548	1226	0
549	1226	0
550	1226	0
551	1226	0
552	1226	0
553	1226	0
554	1226	0
555	1226	0
556	1226	0
557	1226	0
558	1226	0
560	1226	0
561	1226	0
562	1226	0
563	1226	0
564	1226	0
565	1226	0
566	1226	0
567	1226	0
568	1226	0
569	1226	1
570	1226	0
571	1226	0
572	1226	0
574	1226	0
575	1226	0
576	1226	0
577	1226	0
578	1226	0
579	1226	0
581	1226	0
582	1226	0
583	1226	0
584	1226	1
585	1226	0
586	1226	0
587	1226	0
588	1226	0
589	1226	0
590	1226	0
591	1226	0
593	1226	0
594	1226	0
595	1226	0
596	1226	0
597	1226	0
598	1226	0
599	1226	0
600	1226	0
601	1226	0
602	1226	0
604	1226	0
605	1226	0
606	1226	0
607	1226	0
608	1226	0
609	1226	0
611	1226	0
612	1226	0
614	1226	0
615	1226	0
616	1226	0
617	1226	0
618	1226	0
619	1226	0
621	1226	0
622	1226	0
624	1226	0
625	1226	0
626	1226	0
627	1226	0
628	1226	0
630	1226	0
632	1226	0
633	1226	0
634	1226	0
635	1226	0
636	1226	0
637	1226	0
638	1226	0
639	1226	0
640	1226	0
641	1226	0
642	1226	0
643	1226	0
644	1226	0
645	1226	0
646	1226	0
647	1226	0
648	1226	0
649	1226	0
650	1226	0
651	1226	1
652	1226	0
653	1226	0
654	1226	0
655	1226	0
656	1226	0
657	1226	0
658	1226	0
659	1226	0
660	1226	0
661	1226	0
662	1226	0
663	1226	0
664	1226	0
665	1226	0
666	1226	0
667	1226	1
668	1226	0
669	1226	0
670	1226	0
671	1226	0
672	1226	0
673	1226	0
674	1226	0
675	1226	0
676	1226	0
677	1226	0
678	1226	0
679	1226	0
680	1226	0
681	1226	0
682	1226	0
683	1226	0
684	1226	0
685	1226	0
686	1226	0
687	1226	0
688	1226	0
689	1226	0
690	1226	0
691	1226	0
692	1226	0
693	1226	0
694	1226	1
696	1226	0
697	1226	0
698	1226	0
699	1226	0
700	1226	0
701	1226	0
702	1226	0
703	1226	0
704	1226	0
705	1226	0
706	1226	0
707	1226	0
708	1226	0
709	1226	0
710	1226	0
711	1226	0
712	1226	0
713	1226	0
714	1226	0
715	1226	0
717	1226	0
718	1226	0
719	1226	0
720	1226	0
721	1226	0
722	1226	0
723	1226	0
724	1226	0
725	1226	0
726	1226	0
727	1226	0
728	1226	0
729	1226	0
730	1226	0
731	1226	0
732	1226	0
733	1226	0
734	1226	0
735	1226	0
736	1226	0
737	1226	0
738	1226	0
739	1226	0
740	1226	0
741	1226	0
742	1226	0
743	1226	0
744	1226	0
745	1226	0
746	1226	0
747	1226	0
748	1226	1
750	1226	0
751	1226	0
752	1226	0
753	1226	0
754	1226	0
755	1226	0
756	1226	1
757	1226	0
758	1226	0
759	1226	1
760	1226	0
761	1226	0
762	1226	0
764	1226	0
765	1226	0
766	1226	0
767	1226	0
768	1226	0
769	1226	0
770	1226	0
771	1226	0
772	1226	0
773	1226	0
775	1226	0
776	1226	0
777	1226	0
778	1226	0
779	1226	1
780	1226	1
781	1226	0
782	1226	0
783	1226	1
784	1226	1
785	1226	0
786	1226	0
787	1226	0
788	1226	0
789	1226	0
790	1226	0
791	1226	0
792	1226	0
793	1226	0
794	1226	0
795	1226	0
796	1226	0
797	1226	0
798	1226	0
799	1226	0
800	1226	0
801	1226	0
802	1226	0
803	1226	0
804	1226	0
805	1226	0
806	1226	0
807	1226	0
808	1226	0
809	1226	0
810	1226	0
811	1226	0
812	1226	0
814	1226	0
816	1226	0
817	1226	0
818	1226	0
819	1226	0
820	1226	0
822	1226	0
823	1226	0
824	1226	0
825	1226	0
826	1226	0
827	1226	0
829	1226	0
830	1226	0
831	1226	0
832	1226	1
833	1226	0
834	1226	0
835	1226	0
836	1226	0
838	1226	0
839	1226	1
840	1226	0
841	1226	0
842	1226	0
843	1226	0
844	1226	0
845	1226	0
846	1226	0
847	1226	0
848	1226	0
849	1226	0
850	1226	0
851	1226	0
852	1226	0
853	1226	0
854	1226	0
855	1226	0
856	1226	0
857	1226	0
858	1226	0
859	1226	0
860	1226	0
861	1226	0
862	1226	0
863	1226	0
864	1226	1
865	1226	0
866	1226	0
867	1226	0
868	1226	0
869	1226	0
870	1226	0
871	1226	1
872	1226	0
873	1226	0
874	1226	0
875	1226	0
876	1226	0
877	1226	0
878	1226	0
880	1226	0
881	1226	0
882	1226	0
883	1226	0
884	1226	0
885	1226	0
886	1226	0
887	1226	0
888	1226	0
889	1226	0
890	1226	0
891	1226	0
892	1226	0
893	1226	0
894	1226	0
895	1226	0
896	1226	0
897	1226	0
898	1226	0
899	1226	0
900	1226	0
901	1226	1
902	1226	1
903	1226	1
904	1226	0
905	1226	0
907	1226	0
908	1226	0
909	1226	0
910	1226	0
911	1226	0
912	1226	0
913	1226	0
914	1226	1
915	1226	0
916	1226	0
917	1226	0
918	1226	0
919	1226	0
920	1226	0
921	1226	0
922	1226	0
923	1226	0
924	1226	0
925	1226	0
926	1226	0
927	1226	0
928	1226	0
929	1226	0
930	1226	0
931	1226	0
933	1226	0
934	1226	0
935	1226	0
937	1226	0
939	1226	0
940	1226	0
941	1226	0
942	1226	0
943	1226	0
944	1226	0
945	1226	0
946	1226	0
947	1226	0
948	1226	0
949	1226	0
950	1226	0
953	1226	0
954	1226	0
955	1226	1
957	1226	0
958	1226	0
959	1226	0
960	1226	0
961	1226	0
962	1226	0
963	1226	0
964	1226	0
965	1226	1
966	1226	0
967	1226	1
