0	1094	0
1	1094	0
2	1094	0
3	1094	0
4	1094	0
5	1094	0
6	1094	0
7	1094	0
8	1094	1
9	1094	0
10	1094	0
11	1094	0
12	1094	0
13	1094	0
14	1094	0
15	1094	0
16	1094	0
17	1094	0
18	1094	0
19	1094	0
20	1094	0
21	1094	0
22	1094	0
23	1094	0
24	1094	0
26	1094	0
28	1094	0
29	1094	0
30	1094	0
31	1094	1
32	1094	1
33	1094	0
34	1094	0
35	1094	0
36	1094	0
37	1094	0
38	1094	0
39	1094	0
40	1094	0
42	1094	0
43	1094	0
44	1094	0
45	1094	0
46	1094	0
47	1094	1
48	1094	0
50	1094	0
51	1094	0
52	1094	0
53	1094	0
54	1094	0
55	1094	0
56	1094	0
57	1094	0
58	1094	0
59	1094	1
60	1094	0
61	1094	0
62	1094	0
64	1094	0
65	1094	0
66	1094	0
67	1094	0
68	1094	0
69	1094	0
70	1094	0
71	1094	1
72	1094	0
73	1094	0
74	1094	0
75	1094	0
76	1094	0
77	1094	0
78	1094	0
79	1094	0
80	1094	0
81	1094	0
82	1094	0
83	1094	0
84	1094	0
85	1094	0
86	1094	0
87	1094	0
88	1094	0
90	1094	0
91	1094	0
92	1094	0
93	1094	0
94	1094	0
95	1094	0
96	1094	1
97	1094	0
98	1094	0
99	1094	0
100	1094	0
101	1094	0
102	1094	1
103	1094	0
104	1094	1
105	1094	0
106	1094	0
109	1094	1
111	1094	0
112	1094	0
113	1094	0
114	1094	0
115	1094	0
116	1094	0
117	1094	0
118	1094	0
119	1094	0
120	1094	0
121	1094	0
122	1094	0
123	1094	0
124	1094	0
125	1094	0
126	1094	1
129	1094	1
130	1094	0
131	1094	0
132	1094	0
133	1094	0
134	1094	0
136	1094	0
138	1094	0
139	1094	0
140	1094	0
141	1094	0
142	1094	0
143	1094	0
144	1094	0
145	1094	0
146	1094	0
147	1094	0
148	1094	0
149	1094	0
150	1094	1
151	1094	0
152	1094	1
153	1094	0
154	1094	0
155	1094	0
156	1094	0
157	1094	0
158	1094	0
159	1094	0
160	1094	0
161	1094	0
162	1094	0
163	1094	0
166	1094	0
167	1094	0
168	1094	0
169	1094	0
170	1094	0
171	1094	0
172	1094	0
173	1094	0
174	1094	0
175	1094	0
177	1094	0
178	1094	0
179	1094	0
180	1094	0
182	1094	0
183	1094	0
184	1094	0
185	1094	0
186	1094	0
187	1094	0
188	1094	0
189	1094	0
190	1094	0
191	1094	0
192	1094	0
193	1094	0
194	1094	1
195	1094	0
196	1094	1
197	1094	0
198	1094	0
199	1094	0
200	1094	0
201	1094	0
202	1094	0
203	1094	0
204	1094	0
206	1094	0
207	1094	0
208	1094	1
210	1094	0
211	1094	0
212	1094	0
213	1094	0
214	1094	0
215	1094	0
216	1094	0
217	1094	0
218	1094	0
219	1094	0
222	1094	0
223	1094	0
224	1094	0
225	1094	0
226	1094	0
227	1094	0
228	1094	0
229	1094	0
230	1094	0
231	1094	0
232	1094	0
233	1094	0
234	1094	0
235	1094	0
236	1094	0
237	1094	0
238	1094	0
239	1094	1
240	1094	0
241	1094	0
242	1094	0
244	1094	0
245	1094	0
247	1094	0
248	1094	0
250	1094	0
251	1094	0
252	1094	0
253	1094	1
254	1094	0
255	1094	0
256	1094	0
258	1094	0
259	1094	0
260	1094	0
261	1094	0
262	1094	0
263	1094	0
264	1094	0
265	1094	0
266	1094	0
267	1094	0
268	1094	0
269	1094	0
270	1094	0
271	1094	0
272	1094	0
273	1094	0
274	1094	0
275	1094	0
276	1094	0
277	1094	0
278	1094	0
279	1094	0
280	1094	0
281	1094	0
282	1094	0
283	1094	0
284	1094	0
285	1094	0
286	1094	0
287	1094	0
288	1094	0
289	1094	0
290	1094	0
291	1094	0
292	1094	0
293	1094	0
294	1094	0
295	1094	0
296	1094	0
297	1094	0
298	1094	0
299	1094	0
300	1094	0
301	1094	0
302	1094	0
303	1094	0
304	1094	0
305	1094	0
306	1094	0
307	1094	0
308	1094	0
309	1094	0
311	1094	0
312	1094	0
313	1094	0
314	1094	0
315	1094	0
316	1094	0
317	1094	0
318	1094	0
319	1094	0
320	1094	0
321	1094	0
322	1094	0
323	1094	0
324	1094	0
325	1094	0
326	1094	0
327	1094	0
328	1094	0
329	1094	0
330	1094	0
333	1094	0
335	1094	0
336	1094	0
337	1094	0
338	1094	0
339	1094	0
340	1094	1
341	1094	0
342	1094	0
343	1094	0
344	1094	0
346	1094	1
347	1094	0
348	1094	0
349	1094	0
350	1094	0
351	1094	0
352	1094	0
354	1094	0
355	1094	0
357	1094	0
358	1094	0
359	1094	0
360	1094	1
361	1094	1
363	1094	0
364	1094	0
365	1094	0
366	1094	0
367	1094	0
368	1094	0
371	1094	0
372	1094	0
373	1094	1
374	1094	0
377	1094	0
378	1094	0
379	1094	0
380	1094	0
381	1094	0
382	1094	0
383	1094	0
384	1094	0
385	1094	0
386	1094	0
387	1094	0
388	1094	0
389	1094	0
390	1094	0
391	1094	0
393	1094	0
394	1094	0
395	1094	1
396	1094	0
398	1094	0
399	1094	0
400	1094	0
401	1094	0
402	1094	0
403	1094	0
404	1094	1
405	1094	0
406	1094	0
407	1094	0
408	1094	0
409	1094	0
410	1094	0
411	1094	0
412	1094	0
413	1094	0
414	1094	0
415	1094	0
416	1094	0
417	1094	0
418	1094	0
419	1094	0
420	1094	0
421	1094	0
422	1094	0
423	1094	0
424	1094	0
425	1094	0
426	1094	0
427	1094	0
428	1094	0
429	1094	0
430	1094	0
431	1094	0
432	1094	0
433	1094	0
434	1094	0
435	1094	0
436	1094	0
437	1094	0
438	1094	0
439	1094	0
440	1094	0
441	1094	0
442	1094	0
443	1094	1
445	1094	0
446	1094	1
447	1094	0
448	1094	0
449	1094	0
450	1094	0
451	1094	0
453	1094	1
454	1094	0
455	1094	0
456	1094	1
457	1094	0
458	1094	0
459	1094	0
460	1094	0
461	1094	0
462	1094	0
463	1094	0
464	1094	0
465	1094	0
466	1094	0
467	1094	0
469	1094	0
470	1094	0
471	1094	0
472	1094	0
473	1094	1
474	1094	0
476	1094	0
477	1094	0
478	1094	0
480	1094	0
481	1094	0
482	1094	0
483	1094	0
484	1094	0
485	1094	0
486	1094	0
487	1094	0
489	1094	1
490	1094	0
491	1094	0
492	1094	0
493	1094	0
495	1094	0
496	1094	0
497	1094	1
499	1094	0
500	1094	0
501	1094	0
502	1094	0
503	1094	0
505	1094	1
506	1094	1
508	1094	1
509	1094	0
510	1094	1
511	1094	0
512	1094	0
513	1094	0
514	1094	0
515	1094	0
516	1094	0
517	1094	0
518	1094	1
519	1094	1
520	1094	0
521	1094	0
522	1094	0
523	1094	1
524	1094	1
526	1094	0
527	1094	0
529	1094	0
531	1094	0
533	1094	0
534	1094	0
536	1094	0
537	1094	0
538	1094	0
540	1094	0
541	1094	0
542	1094	0
543	1094	0
544	1094	0
546	1094	0
547	1094	0
548	1094	0
549	1094	0
550	1094	0
551	1094	0
553	1094	0
554	1094	0
555	1094	0
556	1094	0
557	1094	0
558	1094	0
559	1094	0
560	1094	1
561	1094	0
562	1094	0
563	1094	0
564	1094	0
565	1094	0
566	1094	0
567	1094	0
568	1094	0
569	1094	0
570	1094	0
571	1094	0
572	1094	0
573	1094	0
574	1094	0
575	1094	0
576	1094	0
577	1094	0
578	1094	0
579	1094	0
580	1094	0
582	1094	0
583	1094	0
584	1094	0
585	1094	1
586	1094	0
587	1094	0
588	1094	0
589	1094	0
590	1094	0
591	1094	0
592	1094	0
593	1094	1
594	1094	0
595	1094	0
596	1094	0
597	1094	0
598	1094	0
599	1094	0
600	1094	0
601	1094	0
602	1094	0
604	1094	0
605	1094	0
606	1094	0
607	1094	0
608	1094	0
609	1094	0
611	1094	0
612	1094	0
613	1094	0
614	1094	0
615	1094	0
616	1094	0
617	1094	0
618	1094	0
619	1094	0
620	1094	0
621	1094	0
622	1094	0
624	1094	0
626	1094	0
627	1094	0
628	1094	0
630	1094	0
631	1094	0
632	1094	1
635	1094	0
636	1094	0
637	1094	1
640	1094	0
641	1094	0
642	1094	0
643	1094	1
644	1094	0
645	1094	0
646	1094	0
647	1094	0
648	1094	0
649	1094	0
650	1094	0
651	1094	0
652	1094	1
653	1094	0
654	1094	0
655	1094	0
656	1094	0
657	1094	1
658	1094	0
659	1094	0
660	1094	0
661	1094	0
662	1094	0
663	1094	1
664	1094	0
666	1094	1
667	1094	0
668	1094	0
669	1094	0
670	1094	0
671	1094	0
673	1094	0
674	1094	0
675	1094	0
676	1094	0
677	1094	0
678	1094	0
679	1094	0
680	1094	0
681	1094	0
682	1094	0
683	1094	0
684	1094	0
685	1094	0
686	1094	0
687	1094	0
688	1094	0
689	1094	0
690	1094	0
691	1094	1
692	1094	1
693	1094	0
694	1094	0
695	1094	1
697	1094	0
698	1094	0
699	1094	0
700	1094	0
701	1094	0
702	1094	0
703	1094	0
704	1094	0
705	1094	0
706	1094	0
707	1094	0
708	1094	0
709	1094	0
710	1094	0
711	1094	0
712	1094	0
713	1094	1
714	1094	0
715	1094	0
716	1094	0
717	1094	0
718	1094	0
719	1094	0
720	1094	0
721	1094	0
722	1094	0
723	1094	0
724	1094	0
725	1094	0
726	1094	0
727	1094	0
728	1094	0
730	1094	0
731	1094	0
732	1094	0
733	1094	0
734	1094	0
735	1094	0
736	1094	0
737	1094	1
738	1094	1
739	1094	0
740	1094	0
741	1094	0
742	1094	0
743	1094	0
744	1094	0
745	1094	0
747	1094	0
748	1094	1
749	1094	1
750	1094	1
751	1094	0
752	1094	0
753	1094	0
754	1094	0
755	1094	0
756	1094	0
757	1094	0
758	1094	0
759	1094	1
760	1094	0
761	1094	0
762	1094	0
763	1094	0
764	1094	0
765	1094	0
767	1094	0
768	1094	0
769	1094	0
770	1094	0
771	1094	0
772	1094	0
773	1094	0
774	1094	1
775	1094	0
776	1094	0
777	1094	0
778	1094	0
779	1094	0
780	1094	1
782	1094	0
783	1094	0
784	1094	0
785	1094	0
787	1094	0
788	1094	0
789	1094	0
791	1094	0
793	1094	0
794	1094	0
795	1094	0
796	1094	0
797	1094	0
798	1094	0
799	1094	0
800	1094	0
801	1094	0
802	1094	0
803	1094	0
804	1094	0
806	1094	0
807	1094	0
808	1094	1
809	1094	0
810	1094	0
812	1094	0
813	1094	0
814	1094	0
816	1094	0
817	1094	0
818	1094	0
819	1094	0
820	1094	0
821	1094	0
822	1094	0
823	1094	0
824	1094	0
825	1094	0
826	1094	0
827	1094	0
828	1094	0
829	1094	1
830	1094	1
831	1094	0
832	1094	1
833	1094	1
834	1094	1
835	1094	0
836	1094	0
837	1094	0
839	1094	0
840	1094	0
841	1094	0
842	1094	0
843	1094	0
844	1094	0
845	1094	0
846	1094	0
847	1094	0
848	1094	0
849	1094	0
850	1094	0
851	1094	0
852	1094	0
853	1094	0
855	1094	0
856	1094	0
857	1094	0
858	1094	0
859	1094	0
860	1094	0
861	1094	0
862	1094	0
863	1094	0
864	1094	0
865	1094	0
866	1094	0
867	1094	0
868	1094	0
869	1094	0
870	1094	0
872	1094	0
873	1094	0
874	1094	0
875	1094	0
876	1094	0
877	1094	0
878	1094	0
880	1094	0
881	1094	0
882	1094	0
883	1094	0
884	1094	0
885	1094	0
886	1094	0
887	1094	0
888	1094	0
889	1094	0
890	1094	0
891	1094	0
892	1094	0
893	1094	0
894	1094	0
895	1094	0
896	1094	0
897	1094	0
898	1094	0
900	1094	0
901	1094	0
902	1094	0
903	1094	0
904	1094	0
905	1094	0
906	1094	0
907	1094	0
908	1094	0
909	1094	0
910	1094	0
911	1094	0
912	1094	1
913	1094	1
914	1094	0
916	1094	0
917	1094	1
918	1094	0
919	1094	0
921	1094	0
922	1094	0
923	1094	0
924	1094	0
925	1094	0
926	1094	0
927	1094	0
928	1094	1
930	1094	0
931	1094	0
933	1094	0
934	1094	0
935	1094	0
936	1094	0
937	1094	0
938	1094	0
939	1094	0
940	1094	0
941	1094	0
942	1094	0
943	1094	0
944	1094	0
945	1094	0
946	1094	0
947	1094	1
948	1094	0
949	1094	0
950	1094	0
952	1094	0
953	1094	0
954	1094	0
955	1094	0
956	1094	0
958	1094	1
959	1094	0
961	1094	0
962	1094	0
963	1094	1
964	1094	0
965	1094	1
967	1094	0
