0	1125	0
1	1125	0
3	1125	0
4	1125	0
5	1125	0
6	1125	0
7	1125	0
8	1125	0
9	1125	0
10	1125	0
11	1125	0
12	1125	0
13	1125	0
14	1125	0
15	1125	0
16	1125	0
17	1125	0
18	1125	0
19	1125	0
20	1125	0
21	1125	0
22	1125	0
23	1125	0
24	1125	0
26	1125	0
27	1125	0
28	1125	0
29	1125	0
30	1125	0
31	1125	1
32	1125	0
33	1125	0
34	1125	1
35	1125	0
36	1125	0
37	1125	0
38	1125	0
39	1125	0
40	1125	0
42	1125	0
43	1125	0
44	1125	0
45	1125	0
46	1125	0
47	1125	0
48	1125	0
50	1125	0
51	1125	0
52	1125	0
53	1125	0
54	1125	0
55	1125	0
56	1125	0
57	1125	0
58	1125	0
59	1125	1
60	1125	0
61	1125	0
62	1125	0
64	1125	0
65	1125	0
66	1125	0
67	1125	0
68	1125	0
69	1125	0
70	1125	0
71	1125	0
72	1125	0
73	1125	0
74	1125	0
75	1125	0
76	1125	0
77	1125	0
78	1125	0
79	1125	0
80	1125	0
81	1125	0
82	1125	0
83	1125	0
84	1125	0
85	1125	0
86	1125	0
87	1125	0
88	1125	0
89	1125	0
90	1125	0
91	1125	0
92	1125	0
93	1125	0
95	1125	0
96	1125	1
97	1125	0
98	1125	0
99	1125	0
100	1125	0
101	1125	0
102	1125	0
103	1125	0
104	1125	0
105	1125	0
106	1125	0
109	1125	1
111	1125	0
112	1125	0
113	1125	0
114	1125	0
115	1125	0
116	1125	0
117	1125	0
118	1125	0
119	1125	0
120	1125	0
121	1125	0
122	1125	0
123	1125	0
124	1125	0
125	1125	0
126	1125	0
127	1125	0
129	1125	0
130	1125	0
131	1125	0
132	1125	0
133	1125	0
134	1125	0
136	1125	0
137	1125	1
138	1125	0
139	1125	0
140	1125	0
141	1125	0
142	1125	0
143	1125	0
144	1125	0
145	1125	0
146	1125	0
147	1125	0
148	1125	0
149	1125	0
150	1125	0
151	1125	0
152	1125	0
153	1125	0
154	1125	0
155	1125	0
156	1125	0
157	1125	0
158	1125	0
159	1125	0
160	1125	0
161	1125	0
162	1125	0
163	1125	1
165	1125	0
166	1125	0
167	1125	0
168	1125	0
169	1125	0
170	1125	0
171	1125	0
172	1125	0
173	1125	0
174	1125	0
175	1125	0
177	1125	0
178	1125	0
179	1125	0
180	1125	0
182	1125	0
183	1125	0
184	1125	0
185	1125	0
186	1125	0
187	1125	0
188	1125	0
189	1125	0
190	1125	0
191	1125	0
192	1125	0
193	1125	0
194	1125	0
195	1125	0
196	1125	1
197	1125	0
198	1125	1
199	1125	0
200	1125	0
201	1125	0
202	1125	0
203	1125	0
204	1125	0
206	1125	0
207	1125	0
208	1125	0
210	1125	0
211	1125	0
212	1125	0
213	1125	0
214	1125	0
215	1125	0
216	1125	0
217	1125	0
218	1125	0
219	1125	0
220	1125	0
222	1125	0
223	1125	0
224	1125	0
225	1125	0
226	1125	0
227	1125	1
228	1125	0
229	1125	0
230	1125	0
231	1125	0
232	1125	0
233	1125	0
234	1125	0
235	1125	0
236	1125	0
237	1125	0
238	1125	0
239	1125	0
240	1125	0
241	1125	0
242	1125	0
244	1125	0
245	1125	0
247	1125	0
248	1125	0
249	1125	0
250	1125	0
251	1125	1
252	1125	0
253	1125	0
254	1125	0
255	1125	0
256	1125	0
258	1125	0
259	1125	0
260	1125	0
261	1125	0
262	1125	0
264	1125	0
265	1125	0
266	1125	0
267	1125	0
268	1125	0
269	1125	0
270	1125	0
271	1125	0
272	1125	0
273	1125	0
274	1125	0
275	1125	0
276	1125	0
277	1125	0
278	1125	0
279	1125	0
280	1125	0
281	1125	0
282	1125	0
283	1125	0
284	1125	0
285	1125	0
286	1125	0
287	1125	0
288	1125	0
289	1125	0
290	1125	0
291	1125	0
292	1125	0
293	1125	0
294	1125	0
295	1125	0
296	1125	0
297	1125	0
298	1125	0
299	1125	0
300	1125	0
301	1125	0
302	1125	0
303	1125	0
304	1125	0
305	1125	0
306	1125	0
307	1125	0
308	1125	0
309	1125	0
310	1125	0
311	1125	0
312	1125	0
313	1125	0
314	1125	0
315	1125	0
316	1125	0
317	1125	0
318	1125	0
319	1125	0
320	1125	0
321	1125	0
322	1125	0
323	1125	0
324	1125	0
325	1125	0
326	1125	0
327	1125	0
328	1125	0
329	1125	0
330	1125	0
331	1125	0
333	1125	0
335	1125	0
336	1125	0
337	1125	0
338	1125	0
339	1125	0
340	1125	0
342	1125	0
343	1125	0
344	1125	0
346	1125	0
347	1125	0
348	1125	0
349	1125	0
350	1125	0
351	1125	0
352	1125	0
354	1125	0
355	1125	0
357	1125	0
358	1125	0
359	1125	0
360	1125	0
361	1125	0
363	1125	0
364	1125	0
365	1125	0
366	1125	0
368	1125	0
371	1125	0
372	1125	0
373	1125	1
374	1125	0
377	1125	0
378	1125	1
379	1125	0
380	1125	0
381	1125	0
382	1125	0
383	1125	0
384	1125	0
385	1125	0
386	1125	0
387	1125	0
388	1125	0
389	1125	0
390	1125	0
391	1125	0
393	1125	0
394	1125	0
395	1125	0
396	1125	0
398	1125	0
399	1125	0
400	1125	0
401	1125	0
402	1125	0
403	1125	0
404	1125	1
405	1125	0
406	1125	0
407	1125	0
408	1125	0
409	1125	0
410	1125	0
411	1125	0
412	1125	0
413	1125	0
414	1125	0
415	1125	0
416	1125	0
417	1125	0
418	1125	0
419	1125	0
420	1125	0
421	1125	0
422	1125	0
423	1125	0
424	1125	0
425	1125	0
426	1125	0
427	1125	0
428	1125	0
429	1125	0
431	1125	0
433	1125	0
434	1125	0
435	1125	0
436	1125	0
437	1125	0
438	1125	0
439	1125	0
440	1125	0
441	1125	0
442	1125	0
443	1125	0
444	1125	0
445	1125	0
446	1125	1
447	1125	0
448	1125	0
449	1125	0
450	1125	0
451	1125	0
452	1125	0
453	1125	0
454	1125	0
455	1125	0
456	1125	0
457	1125	0
458	1125	0
459	1125	0
460	1125	0
461	1125	0
462	1125	0
463	1125	0
464	1125	0
465	1125	0
466	1125	0
467	1125	0
468	1125	0
469	1125	0
470	1125	0
471	1125	0
472	1125	0
473	1125	0
474	1125	0
475	1125	0
476	1125	0
477	1125	0
478	1125	0
480	1125	0
481	1125	0
482	1125	0
483	1125	0
484	1125	0
485	1125	0
486	1125	0
487	1125	0
489	1125	0
490	1125	0
491	1125	0
492	1125	0
493	1125	0
495	1125	0
496	1125	1
497	1125	0
499	1125	0
500	1125	0
501	1125	0
502	1125	0
503	1125	1
505	1125	0
506	1125	0
508	1125	0
509	1125	1
510	1125	0
511	1125	0
512	1125	0
513	1125	0
514	1125	0
515	1125	0
516	1125	0
517	1125	0
518	1125	1
519	1125	1
520	1125	1
521	1125	0
522	1125	0
523	1125	0
524	1125	0
525	1125	0
526	1125	0
527	1125	0
528	1125	0
529	1125	0
531	1125	0
533	1125	0
534	1125	0
536	1125	0
537	1125	0
538	1125	0
540	1125	0
541	1125	0
542	1125	0
543	1125	0
544	1125	0
546	1125	0
547	1125	0
548	1125	0
549	1125	0
550	1125	0
551	1125	0
553	1125	0
554	1125	0
555	1125	0
556	1125	0
557	1125	0
558	1125	0
559	1125	0
560	1125	0
561	1125	0
562	1125	0
563	1125	0
564	1125	0
565	1125	0
566	1125	0
567	1125	0
568	1125	0
569	1125	0
570	1125	0
571	1125	0
572	1125	0
573	1125	0
574	1125	0
575	1125	0
576	1125	0
577	1125	0
578	1125	0
579	1125	0
580	1125	0
582	1125	0
583	1125	0
584	1125	0
585	1125	0
586	1125	0
587	1125	0
588	1125	0
589	1125	0
590	1125	0
591	1125	0
592	1125	0
593	1125	0
594	1125	0
595	1125	0
596	1125	0
597	1125	0
598	1125	0
599	1125	0
600	1125	0
601	1125	0
602	1125	0
604	1125	0
605	1125	1
606	1125	0
607	1125	0
608	1125	0
609	1125	0
611	1125	0
612	1125	0
613	1125	0
614	1125	0
615	1125	0
616	1125	0
617	1125	0
618	1125	0
619	1125	0
620	1125	0
621	1125	0
622	1125	0
624	1125	0
625	1125	0
626	1125	0
627	1125	0
628	1125	0
630	1125	0
631	1125	0
632	1125	0
633	1125	0
635	1125	0
636	1125	0
637	1125	0
640	1125	0
641	1125	0
642	1125	0
643	1125	0
644	1125	0
645	1125	1
646	1125	0
647	1125	0
648	1125	0
649	1125	0
650	1125	0
651	1125	0
652	1125	0
653	1125	0
654	1125	0
655	1125	0
656	1125	0
657	1125	0
658	1125	0
659	1125	0
660	1125	0
661	1125	1
662	1125	0
663	1125	0
664	1125	1
666	1125	0
667	1125	0
668	1125	0
669	1125	0
670	1125	0
671	1125	0
672	1125	0
673	1125	0
674	1125	0
675	1125	0
676	1125	0
677	1125	0
678	1125	0
679	1125	0
680	1125	0
681	1125	0
682	1125	0
683	1125	0
684	1125	0
685	1125	0
686	1125	0
687	1125	0
688	1125	0
689	1125	0
690	1125	0
691	1125	0
692	1125	0
693	1125	0
694	1125	0
695	1125	0
696	1125	0
697	1125	0
698	1125	0
699	1125	0
700	1125	0
701	1125	0
702	1125	0
703	1125	0
704	1125	0
705	1125	0
706	1125	0
707	1125	0
708	1125	0
709	1125	0
710	1125	0
711	1125	0
712	1125	0
713	1125	0
714	1125	0
715	1125	0
716	1125	0
717	1125	0
718	1125	1
719	1125	0
720	1125	0
721	1125	0
722	1125	0
723	1125	0
724	1125	0
725	1125	0
726	1125	0
727	1125	0
728	1125	0
730	1125	0
731	1125	0
732	1125	1
733	1125	0
734	1125	0
735	1125	0
736	1125	0
737	1125	0
738	1125	0
739	1125	0
740	1125	0
741	1125	0
742	1125	0
743	1125	0
744	1125	0
745	1125	0
746	1125	0
747	1125	0
748	1125	0
749	1125	1
750	1125	1
751	1125	0
752	1125	0
753	1125	0
754	1125	0
755	1125	0
756	1125	0
757	1125	0
758	1125	0
759	1125	1
760	1125	0
761	1125	0
762	1125	0
763	1125	0
764	1125	0
765	1125	0
767	1125	0
768	1125	0
769	1125	0
770	1125	0
771	1125	0
772	1125	0
773	1125	0
774	1125	1
775	1125	0
776	1125	0
777	1125	0
778	1125	0
779	1125	0
780	1125	0
782	1125	0
783	1125	0
784	1125	1
785	1125	0
786	1125	0
787	1125	0
788	1125	0
789	1125	0
790	1125	0
791	1125	0
793	1125	0
794	1125	0
795	1125	0
796	1125	0
797	1125	0
798	1125	0
799	1125	0
800	1125	0
801	1125	0
802	1125	0
803	1125	0
804	1125	0
806	1125	0
807	1125	0
808	1125	1
809	1125	0
810	1125	0
811	1125	0
812	1125	0
813	1125	0
814	1125	0
816	1125	0
817	1125	0
818	1125	0
819	1125	0
820	1125	0
821	1125	0
822	1125	0
823	1125	0
824	1125	0
825	1125	0
826	1125	0
827	1125	0
828	1125	0
829	1125	0
830	1125	1
831	1125	0
832	1125	0
833	1125	0
834	1125	0
835	1125	0
836	1125	0
837	1125	0
839	1125	0
840	1125	0
841	1125	0
842	1125	0
843	1125	0
844	1125	0
845	1125	0
846	1125	0
847	1125	0
848	1125	0
849	1125	0
850	1125	0
851	1125	0
852	1125	0
853	1125	0
854	1125	0
855	1125	0
856	1125	0
857	1125	0
858	1125	0
859	1125	0
860	1125	0
861	1125	0
862	1125	0
863	1125	0
864	1125	0
865	1125	0
866	1125	0
867	1125	0
868	1125	0
869	1125	0
870	1125	0
872	1125	0
873	1125	0
874	1125	0
875	1125	0
876	1125	0
877	1125	0
878	1125	0
879	1125	0
880	1125	0
881	1125	0
882	1125	0
883	1125	0
884	1125	0
885	1125	0
886	1125	0
887	1125	0
888	1125	0
891	1125	0
892	1125	0
893	1125	0
894	1125	0
895	1125	0
896	1125	0
897	1125	0
898	1125	0
900	1125	0
901	1125	0
902	1125	0
903	1125	0
904	1125	0
905	1125	0
906	1125	0
907	1125	0
908	1125	0
909	1125	0
910	1125	0
911	1125	0
912	1125	0
913	1125	0
914	1125	0
916	1125	0
917	1125	1
918	1125	0
919	1125	0
920	1125	0
921	1125	0
922	1125	0
923	1125	0
924	1125	0
925	1125	0
926	1125	0
927	1125	0
928	1125	1
930	1125	0
931	1125	0
933	1125	0
934	1125	0
935	1125	0
936	1125	0
937	1125	1
938	1125	0
939	1125	0
940	1125	0
941	1125	0
942	1125	0
943	1125	0
944	1125	0
945	1125	0
946	1125	0
947	1125	0
948	1125	0
949	1125	0
950	1125	0
952	1125	0
953	1125	0
954	1125	0
955	1125	0
956	1125	0
958	1125	1
959	1125	0
961	1125	0
962	1125	0
963	1125	1
964	1125	0
965	1125	1
967	1125	0
