0	1154	0
1	1154	0
2	1154	0
3	1154	0
4	1154	0
5	1154	0
6	1154	1
7	1154	0
8	1154	1
10	1154	0
11	1154	0
12	1154	0
13	1154	0
15	1154	0
16	1154	0
17	1154	1
18	1154	0
19	1154	1
20	1154	0
21	1154	1
22	1154	1
23	1154	0
24	1154	0
25	1154	0
27	1154	0
28	1154	0
29	1154	0
30	1154	0
31	1154	1
32	1154	1
33	1154	0
34	1154	0
35	1154	1
36	1154	0
37	1154	0
38	1154	0
39	1154	1
40	1154	0
41	1154	0
42	1154	0
43	1154	0
44	1154	0
45	1154	0
47	1154	1
48	1154	0
49	1154	0
51	1154	0
53	1154	0
55	1154	0
56	1154	0
58	1154	0
59	1154	1
60	1154	0
61	1154	0
62	1154	0
63	1154	0
64	1154	1
65	1154	0
66	1154	0
67	1154	0
68	1154	0
69	1154	0
70	1154	0
71	1154	0
72	1154	0
73	1154	0
74	1154	0
75	1154	0
77	1154	0
78	1154	0
79	1154	0
80	1154	0
81	1154	0
83	1154	0
84	1154	0
85	1154	0
86	1154	0
87	1154	0
89	1154	0
90	1154	0
91	1154	0
92	1154	0
93	1154	0
94	1154	1
95	1154	0
96	1154	1
97	1154	0
98	1154	1
100	1154	0
101	1154	0
102	1154	1
103	1154	0
104	1154	0
105	1154	0
106	1154	0
107	1154	0
108	1154	0
109	1154	0
110	1154	1
111	1154	0
112	1154	0
113	1154	0
114	1154	0
115	1154	0
116	1154	0
117	1154	0
118	1154	0
120	1154	0
121	1154	0
124	1154	0
125	1154	0
129	1154	0
130	1154	0
131	1154	0
132	1154	0
133	1154	0
134	1154	0
135	1154	0
136	1154	0
137	1154	0
138	1154	0
139	1154	0
140	1154	0
141	1154	0
142	1154	0
143	1154	0
144	1154	0
145	1154	0
146	1154	0
147	1154	0
148	1154	1
149	1154	0
150	1154	0
151	1154	0
152	1154	0
153	1154	0
154	1154	0
155	1154	0
156	1154	0
157	1154	0
158	1154	0
159	1154	0
160	1154	0
161	1154	0
162	1154	0
163	1154	0
164	1154	0
165	1154	0
166	1154	0
167	1154	0
168	1154	0
169	1154	0
170	1154	0
171	1154	0
172	1154	0
173	1154	0
174	1154	0
175	1154	0
177	1154	0
178	1154	0
179	1154	0
180	1154	0
181	1154	0
182	1154	0
183	1154	0
184	1154	1
185	1154	0
186	1154	0
187	1154	0
188	1154	1
189	1154	0
190	1154	0
191	1154	0
193	1154	0
194	1154	1
195	1154	0
196	1154	1
197	1154	1
198	1154	0
199	1154	0
200	1154	0
201	1154	0
202	1154	0
203	1154	0
204	1154	0
206	1154	0
207	1154	0
208	1154	0
209	1154	0
210	1154	0
211	1154	0
212	1154	0
213	1154	0
214	1154	0
215	1154	0
216	1154	0
217	1154	0
218	1154	1
219	1154	0
220	1154	0
221	1154	0
222	1154	0
224	1154	0
225	1154	0
227	1154	0
228	1154	0
229	1154	0
230	1154	0
232	1154	0
233	1154	0
235	1154	0
237	1154	0
238	1154	0
239	1154	0
240	1154	1
245	1154	0
246	1154	0
247	1154	0
248	1154	0
249	1154	1
250	1154	0
251	1154	0
252	1154	0
253	1154	0
254	1154	0
255	1154	0
256	1154	0
257	1154	0
258	1154	0
259	1154	0
260	1154	0
261	1154	0
262	1154	0
263	1154	0
264	1154	0
265	1154	0
266	1154	0
267	1154	0
268	1154	0
271	1154	0
272	1154	0
273	1154	0
274	1154	0
275	1154	0
276	1154	0
277	1154	0
278	1154	0
280	1154	0
281	1154	0
282	1154	0
283	1154	0
284	1154	0
285	1154	0
286	1154	1
288	1154	0
289	1154	0
290	1154	0
292	1154	0
293	1154	0
295	1154	0
296	1154	0
297	1154	0
298	1154	0
302	1154	0
303	1154	0
304	1154	0
305	1154	0
306	1154	0
308	1154	0
310	1154	1
311	1154	0
312	1154	0
313	1154	0
314	1154	0
315	1154	0
317	1154	0
318	1154	0
319	1154	0
321	1154	0
322	1154	0
323	1154	0
324	1154	0
325	1154	0
326	1154	0
327	1154	0
328	1154	1
329	1154	0
330	1154	0
331	1154	0
332	1154	0
333	1154	0
334	1154	0
336	1154	0
337	1154	0
338	1154	0
340	1154	0
341	1154	0
344	1154	0
345	1154	0
346	1154	0
347	1154	0
348	1154	0
349	1154	0
350	1154	0
351	1154	0
352	1154	0
353	1154	0
354	1154	0
355	1154	0
356	1154	0
357	1154	0
358	1154	0
359	1154	0
360	1154	0
361	1154	0
362	1154	0
363	1154	1
364	1154	1
365	1154	1
366	1154	0
367	1154	0
369	1154	0
370	1154	0
371	1154	0
372	1154	0
373	1154	0
374	1154	0
375	1154	1
376	1154	1
377	1154	1
378	1154	0
379	1154	0
381	1154	0
382	1154	0
383	1154	0
384	1154	0
385	1154	0
386	1154	0
387	1154	0
388	1154	0
389	1154	0
390	1154	0
391	1154	0
392	1154	0
393	1154	0
394	1154	0
395	1154	0
397	1154	0
398	1154	0
399	1154	0
401	1154	0
402	1154	0
403	1154	0
404	1154	1
405	1154	0
406	1154	0
407	1154	0
408	1154	0
409	1154	0
410	1154	0
412	1154	0
414	1154	0
415	1154	0
416	1154	0
417	1154	0
418	1154	0
419	1154	0
420	1154	0
421	1154	0
422	1154	0
423	1154	0
424	1154	1
425	1154	0
426	1154	0
427	1154	0
428	1154	0
429	1154	0
430	1154	0
431	1154	0
432	1154	0
434	1154	0
436	1154	0
437	1154	0
438	1154	0
439	1154	0
440	1154	0
441	1154	0
442	1154	0
444	1154	0
445	1154	0
446	1154	0
447	1154	0
449	1154	0
450	1154	0
451	1154	0
452	1154	0
453	1154	0
454	1154	0
455	1154	0
456	1154	0
457	1154	0
458	1154	0
459	1154	0
461	1154	0
462	1154	0
463	1154	0
464	1154	1
465	1154	0
466	1154	0
468	1154	0
469	1154	0
470	1154	0
471	1154	0
472	1154	0
473	1154	0
474	1154	0
475	1154	0
476	1154	0
477	1154	0
478	1154	1
479	1154	0
480	1154	0
481	1154	0
482	1154	0
483	1154	0
484	1154	0
486	1154	0
487	1154	1
488	1154	0
489	1154	0
490	1154	0
492	1154	0
493	1154	0
494	1154	0
496	1154	0
497	1154	0
498	1154	0
499	1154	0
500	1154	0
501	1154	0
502	1154	0
503	1154	0
504	1154	0
505	1154	0
506	1154	0
507	1154	0
508	1154	0
509	1154	0
510	1154	0
511	1154	0
512	1154	0
513	1154	0
514	1154	1
515	1154	0
516	1154	0
518	1154	1
519	1154	0
520	1154	0
521	1154	0
522	1154	0
523	1154	0
524	1154	0
525	1154	1
526	1154	0
527	1154	0
528	1154	0
530	1154	0
531	1154	0
533	1154	0
534	1154	0
535	1154	0
536	1154	0
538	1154	0
539	1154	0
541	1154	0
542	1154	0
543	1154	0
544	1154	0
545	1154	0
546	1154	1
547	1154	0
549	1154	1
550	1154	0
551	1154	0
553	1154	0
554	1154	0
555	1154	0
556	1154	0
557	1154	0
558	1154	1
559	1154	0
560	1154	0
561	1154	0
562	1154	0
563	1154	0
565	1154	0
566	1154	0
567	1154	0
568	1154	0
569	1154	0
571	1154	0
573	1154	0
574	1154	0
575	1154	0
576	1154	0
578	1154	0
580	1154	0
583	1154	0
584	1154	0
585	1154	0
586	1154	0
587	1154	0
588	1154	0
589	1154	0
591	1154	0
593	1154	0
595	1154	0
596	1154	0
597	1154	0
598	1154	0
599	1154	0
600	1154	0
601	1154	0
602	1154	0
604	1154	0
605	1154	1
606	1154	0
607	1154	0
608	1154	0
609	1154	0
611	1154	0
612	1154	0
613	1154	0
614	1154	0
616	1154	0
617	1154	0
618	1154	0
619	1154	0
620	1154	0
621	1154	0
622	1154	0
624	1154	0
625	1154	0
626	1154	1
627	1154	0
628	1154	0
630	1154	0
632	1154	0
633	1154	0
634	1154	0
635	1154	0
636	1154	0
637	1154	0
638	1154	0
639	1154	0
640	1154	0
641	1154	1
642	1154	0
643	1154	1
644	1154	0
645	1154	1
646	1154	0
647	1154	0
648	1154	0
649	1154	0
650	1154	0
651	1154	0
652	1154	0
654	1154	0
655	1154	0
656	1154	0
657	1154	0
659	1154	0
660	1154	0
661	1154	0
662	1154	0
663	1154	0
664	1154	0
665	1154	1
666	1154	0
667	1154	0
668	1154	0
669	1154	0
670	1154	0
671	1154	0
672	1154	0
673	1154	0
674	1154	0
676	1154	0
677	1154	0
678	1154	0
679	1154	0
680	1154	0
681	1154	0
683	1154	0
684	1154	0
685	1154	0
686	1154	0
687	1154	1
688	1154	0
689	1154	0
690	1154	0
691	1154	0
692	1154	0
693	1154	0
694	1154	1
695	1154	0
696	1154	0
697	1154	0
698	1154	0
699	1154	0
700	1154	0
701	1154	0
703	1154	0
705	1154	0
706	1154	0
707	1154	0
709	1154	0
710	1154	1
711	1154	0
712	1154	0
713	1154	0
714	1154	0
715	1154	0
717	1154	0
718	1154	0
719	1154	0
720	1154	0
721	1154	0
722	1154	0
723	1154	0
724	1154	0
725	1154	0
726	1154	0
727	1154	0
728	1154	0
729	1154	1
730	1154	0
732	1154	0
734	1154	0
735	1154	0
736	1154	0
737	1154	0
738	1154	0
739	1154	0
740	1154	0
741	1154	0
742	1154	0
743	1154	0
744	1154	0
745	1154	0
746	1154	0
747	1154	0
748	1154	0
749	1154	1
752	1154	0
753	1154	0
754	1154	0
755	1154	0
756	1154	0
757	1154	0
758	1154	0
759	1154	0
760	1154	0
762	1154	0
764	1154	0
765	1154	0
766	1154	0
767	1154	0
768	1154	0
769	1154	0
770	1154	0
771	1154	0
772	1154	0
773	1154	0
775	1154	0
776	1154	0
777	1154	0
778	1154	0
780	1154	0
781	1154	0
782	1154	0
783	1154	0
784	1154	0
786	1154	0
787	1154	0
788	1154	0
790	1154	0
792	1154	0
793	1154	0
794	1154	0
795	1154	0
796	1154	0
797	1154	0
798	1154	0
799	1154	0
800	1154	0
801	1154	0
802	1154	0
803	1154	0
804	1154	0
806	1154	1
807	1154	0
808	1154	0
810	1154	0
811	1154	0
814	1154	1
816	1154	0
818	1154	0
819	1154	0
820	1154	0
822	1154	0
823	1154	0
824	1154	0
825	1154	0
826	1154	0
827	1154	1
830	1154	0
831	1154	0
832	1154	0
833	1154	0
835	1154	0
836	1154	0
837	1154	1
838	1154	0
839	1154	0
840	1154	0
843	1154	0
844	1154	0
845	1154	0
848	1154	0
849	1154	0
850	1154	0
851	1154	0
852	1154	0
853	1154	0
854	1154	0
855	1154	0
857	1154	0
861	1154	0
862	1154	0
863	1154	0
864	1154	0
866	1154	0
867	1154	0
868	1154	0
869	1154	0
871	1154	0
873	1154	0
875	1154	0
876	1154	0
877	1154	0
878	1154	0
880	1154	0
881	1154	0
882	1154	0
883	1154	0
884	1154	0
885	1154	0
887	1154	0
888	1154	0
889	1154	0
890	1154	0
891	1154	0
892	1154	0
893	1154	0
894	1154	0
895	1154	1
896	1154	0
897	1154	0
898	1154	0
899	1154	0
900	1154	0
901	1154	0
903	1154	0
904	1154	0
905	1154	0
907	1154	0
908	1154	0
909	1154	0
910	1154	0
911	1154	0
912	1154	0
913	1154	0
915	1154	1
916	1154	0
917	1154	0
918	1154	0
919	1154	0
920	1154	0
921	1154	0
922	1154	0
923	1154	0
924	1154	0
925	1154	0
926	1154	1
927	1154	0
928	1154	0
929	1154	0
934	1154	0
935	1154	0
936	1154	0
937	1154	0
939	1154	0
940	1154	0
941	1154	0
942	1154	1
943	1154	0
944	1154	0
945	1154	0
946	1154	0
948	1154	0
949	1154	0
950	1154	0
952	1154	1
953	1154	0
954	1154	0
955	1154	1
956	1154	0
957	1154	1
958	1154	0
959	1154	0
960	1154	0
961	1154	0
962	1154	0
963	1154	0
964	1154	0
965	1154	0
966	1154	1
967	1154	1
