1	1209	0
2	1209	0
3	1209	1
4	1209	0
5	1209	0
6	1209	0
7	1209	0
8	1209	1
9	1209	0
10	1209	0
11	1209	0
12	1209	1
13	1209	0
14	1209	0
15	1209	0
16	1209	0
17	1209	0
18	1209	1
19	1209	0
20	1209	0
21	1209	0
22	1209	0
23	1209	0
24	1209	0
25	1209	0
26	1209	1
27	1209	0
28	1209	0
29	1209	0
30	1209	0
31	1209	0
32	1209	1
33	1209	0
34	1209	1
35	1209	0
36	1209	0
37	1209	0
38	1209	0
39	1209	0
40	1209	0
41	1209	0
43	1209	0
44	1209	0
45	1209	0
46	1209	1
47	1209	1
48	1209	0
49	1209	0
50	1209	0
51	1209	0
52	1209	0
53	1209	0
54	1209	0
55	1209	0
56	1209	0
58	1209	0
59	1209	0
60	1209	0
61	1209	0
62	1209	0
63	1209	0
64	1209	1
65	1209	0
66	1209	0
67	1209	0
68	1209	0
69	1209	0
70	1209	1
71	1209	0
72	1209	0
73	1209	0
74	1209	0
75	1209	0
77	1209	0
78	1209	0
79	1209	0
80	1209	0
81	1209	0
82	1209	0
83	1209	0
84	1209	0
85	1209	0
86	1209	0
87	1209	0
88	1209	0
89	1209	0
90	1209	0
91	1209	0
92	1209	0
93	1209	0
94	1209	0
95	1209	0
96	1209	1
97	1209	0
98	1209	1
99	1209	0
100	1209	0
101	1209	0
102	1209	0
103	1209	0
104	1209	1
105	1209	1
106	1209	0
107	1209	0
108	1209	0
109	1209	0
110	1209	0
111	1209	0
112	1209	0
113	1209	0
114	1209	0
115	1209	0
116	1209	0
117	1209	0
118	1209	0
119	1209	0
120	1209	1
121	1209	0
122	1209	0
123	1209	0
124	1209	0
125	1209	0
128	1209	0
129	1209	0
130	1209	0
131	1209	0
132	1209	0
133	1209	0
134	1209	0
135	1209	1
136	1209	0
137	1209	0
138	1209	0
139	1209	0
140	1209	0
141	1209	0
142	1209	0
143	1209	0
144	1209	0
145	1209	0
146	1209	0
147	1209	0
148	1209	0
149	1209	0
150	1209	0
151	1209	0
152	1209	0
153	1209	0
154	1209	0
155	1209	0
156	1209	0
158	1209	0
159	1209	0
160	1209	0
161	1209	0
162	1209	0
163	1209	1
165	1209	0
166	1209	0
167	1209	0
168	1209	0
169	1209	0
170	1209	0
171	1209	0
172	1209	0
173	1209	0
174	1209	0
175	1209	1
177	1209	0
178	1209	0
179	1209	0
180	1209	0
181	1209	0
182	1209	0
183	1209	0
184	1209	0
185	1209	0
186	1209	0
187	1209	0
188	1209	1
189	1209	0
190	1209	0
191	1209	0
192	1209	0
193	1209	0
194	1209	1
195	1209	0
196	1209	0
197	1209	0
198	1209	1
199	1209	0
200	1209	0
201	1209	1
202	1209	0
203	1209	0
204	1209	0
206	1209	0
207	1209	0
208	1209	0
209	1209	0
210	1209	0
211	1209	0
212	1209	0
213	1209	0
214	1209	0
215	1209	0
216	1209	0
217	1209	0
218	1209	0
219	1209	0
220	1209	0
221	1209	1
222	1209	0
223	1209	0
224	1209	0
226	1209	1
227	1209	0
228	1209	0
229	1209	0
230	1209	1
231	1209	0
232	1209	1
233	1209	0
235	1209	0
236	1209	0
237	1209	0
238	1209	0
239	1209	0
240	1209	0
241	1209	0
242	1209	0
243	1209	0
244	1209	0
245	1209	0
246	1209	0
247	1209	1
248	1209	0
249	1209	0
250	1209	0
251	1209	0
252	1209	0
253	1209	0
254	1209	0
255	1209	0
256	1209	0
257	1209	0
258	1209	0
259	1209	0
260	1209	0
261	1209	0
262	1209	0
263	1209	0
264	1209	0
265	1209	0
266	1209	0
267	1209	0
268	1209	0
270	1209	0
271	1209	0
272	1209	0
273	1209	0
274	1209	0
275	1209	0
276	1209	0
277	1209	0
278	1209	0
279	1209	0
280	1209	0
281	1209	0
282	1209	0
283	1209	0
284	1209	0
285	1209	0
286	1209	0
287	1209	1
288	1209	0
289	1209	0
290	1209	0
291	1209	0
292	1209	0
293	1209	0
294	1209	0
295	1209	0
296	1209	0
297	1209	0
298	1209	0
299	1209	0
300	1209	0
301	1209	0
302	1209	0
303	1209	0
304	1209	0
305	1209	0
306	1209	0
307	1209	0
308	1209	0
309	1209	1
310	1209	0
311	1209	0
313	1209	0
314	1209	0
315	1209	0
316	1209	0
317	1209	0
318	1209	0
319	1209	0
320	1209	0
321	1209	0
322	1209	0
323	1209	0
324	1209	0
325	1209	0
326	1209	0
327	1209	0
328	1209	0
329	1209	0
330	1209	0
331	1209	0
332	1209	0
333	1209	0
334	1209	0
335	1209	0
336	1209	0
337	1209	1
338	1209	1
339	1209	0
340	1209	1
341	1209	0
342	1209	0
343	1209	0
344	1209	0
345	1209	0
346	1209	0
347	1209	0
348	1209	0
349	1209	0
350	1209	0
351	1209	0
352	1209	0
354	1209	0
355	1209	0
356	1209	0
357	1209	0
358	1209	0
359	1209	0
360	1209	0
362	1209	0
363	1209	0
364	1209	0
365	1209	0
366	1209	0
367	1209	0
368	1209	0
369	1209	0
370	1209	0
371	1209	1
372	1209	0
373	1209	1
374	1209	1
375	1209	0
376	1209	0
377	1209	0
378	1209	0
379	1209	1
380	1209	0
381	1209	0
382	1209	0
383	1209	0
384	1209	0
385	1209	0
386	1209	0
387	1209	0
388	1209	0
389	1209	0
391	1209	0
392	1209	0
393	1209	0
394	1209	0
395	1209	0
396	1209	1
397	1209	0
398	1209	0
399	1209	0
400	1209	0
401	1209	0
402	1209	0
403	1209	0
404	1209	0
405	1209	0
406	1209	0
407	1209	0
408	1209	0
409	1209	0
410	1209	0
411	1209	0
412	1209	0
413	1209	0
414	1209	0
415	1209	0
416	1209	0
417	1209	0
418	1209	0
419	1209	0
420	1209	0
421	1209	1
422	1209	0
423	1209	1
424	1209	0
425	1209	0
426	1209	0
427	1209	0
428	1209	0
429	1209	0
430	1209	0
431	1209	0
432	1209	0
433	1209	0
434	1209	0
435	1209	0
436	1209	0
437	1209	0
438	1209	0
439	1209	0
440	1209	0
441	1209	0
442	1209	0
443	1209	0
444	1209	0
445	1209	0
446	1209	1
447	1209	0
448	1209	0
449	1209	0
450	1209	0
451	1209	0
452	1209	0
453	1209	0
454	1209	0
455	1209	0
456	1209	0
457	1209	1
458	1209	0
459	1209	0
460	1209	0
461	1209	0
462	1209	0
463	1209	0
464	1209	0
465	1209	0
466	1209	0
467	1209	0
468	1209	0
469	1209	0
470	1209	0
471	1209	0
472	1209	0
473	1209	0
474	1209	0
475	1209	0
476	1209	0
477	1209	0
478	1209	1
479	1209	0
480	1209	0
481	1209	0
482	1209	0
483	1209	0
484	1209	0
485	1209	0
486	1209	0
487	1209	0
488	1209	0
489	1209	1
491	1209	0
492	1209	0
493	1209	0
494	1209	0
495	1209	0
496	1209	0
497	1209	0
499	1209	0
500	1209	0
501	1209	0
502	1209	0
503	1209	0
504	1209	0
505	1209	1
506	1209	1
507	1209	0
508	1209	1
509	1209	0
510	1209	0
511	1209	0
512	1209	0
513	1209	0
514	1209	0
515	1209	0
516	1209	0
517	1209	0
518	1209	0
519	1209	0
520	1209	1
521	1209	0
522	1209	0
523	1209	0
524	1209	0
525	1209	0
527	1209	0
528	1209	0
529	1209	0
530	1209	0
531	1209	0
533	1209	0
534	1209	0
535	1209	0
536	1209	0
537	1209	0
538	1209	0
539	1209	0
540	1209	0
541	1209	0
542	1209	1
543	1209	0
544	1209	0
545	1209	0
546	1209	0
547	1209	0
548	1209	0
549	1209	0
550	1209	0
551	1209	0
552	1209	0
553	1209	0
554	1209	0
555	1209	0
556	1209	0
557	1209	0
558	1209	0
560	1209	0
561	1209	0
562	1209	0
563	1209	0
564	1209	0
565	1209	0
566	1209	0
567	1209	0
568	1209	0
569	1209	0
570	1209	0
571	1209	0
572	1209	0
574	1209	0
575	1209	0
576	1209	0
577	1209	0
578	1209	0
579	1209	0
581	1209	0
582	1209	0
583	1209	0
584	1209	0
585	1209	0
586	1209	0
587	1209	0
588	1209	0
589	1209	0
590	1209	0
591	1209	0
593	1209	0
594	1209	0
595	1209	0
596	1209	0
597	1209	0
598	1209	0
599	1209	0
600	1209	0
601	1209	0
602	1209	0
604	1209	0
605	1209	1
607	1209	0
608	1209	0
609	1209	0
611	1209	0
612	1209	1
614	1209	0
615	1209	0
616	1209	0
617	1209	0
618	1209	0
619	1209	0
622	1209	0
624	1209	0
625	1209	0
626	1209	0
627	1209	0
628	1209	0
630	1209	0
632	1209	0
633	1209	0
634	1209	0
635	1209	0
636	1209	0
637	1209	0
638	1209	0
639	1209	0
640	1209	0
641	1209	0
642	1209	0
643	1209	0
644	1209	0
645	1209	0
646	1209	0
647	1209	0
648	1209	0
649	1209	0
650	1209	0
651	1209	1
652	1209	0
653	1209	0
654	1209	0
655	1209	0
656	1209	0
657	1209	0
658	1209	0
659	1209	0
660	1209	0
661	1209	0
662	1209	1
663	1209	0
664	1209	0
665	1209	0
666	1209	0
667	1209	0
669	1209	0
670	1209	0
671	1209	0
672	1209	0
673	1209	0
674	1209	0
675	1209	0
676	1209	0
677	1209	0
678	1209	0
679	1209	0
680	1209	0
681	1209	0
682	1209	0
683	1209	0
684	1209	0
685	1209	0
686	1209	0
687	1209	0
688	1209	0
689	1209	0
690	1209	0
691	1209	0
692	1209	1
693	1209	0
694	1209	0
696	1209	0
697	1209	0
698	1209	0
699	1209	0
700	1209	0
701	1209	0
702	1209	0
703	1209	0
704	1209	0
705	1209	0
706	1209	0
707	1209	0
708	1209	0
709	1209	0
710	1209	0
711	1209	0
712	1209	0
713	1209	0
714	1209	1
715	1209	0
716	1209	1
717	1209	0
718	1209	0
719	1209	0
720	1209	0
721	1209	0
722	1209	0
723	1209	0
724	1209	0
725	1209	0
726	1209	0
727	1209	0
729	1209	0
730	1209	0
731	1209	0
732	1209	0
733	1209	0
734	1209	0
735	1209	0
736	1209	0
737	1209	0
738	1209	1
739	1209	0
740	1209	0
741	1209	0
742	1209	0
743	1209	0
744	1209	0
745	1209	0
746	1209	0
747	1209	1
748	1209	1
749	1209	0
750	1209	0
751	1209	0
752	1209	0
753	1209	0
754	1209	0
755	1209	0
756	1209	0
758	1209	0
759	1209	0
760	1209	0
761	1209	0
762	1209	0
764	1209	0
765	1209	0
766	1209	0
767	1209	0
768	1209	0
769	1209	0
770	1209	0
771	1209	1
772	1209	0
773	1209	0
775	1209	0
776	1209	1
777	1209	0
778	1209	0
779	1209	0
780	1209	0
781	1209	0
782	1209	0
783	1209	0
784	1209	0
785	1209	0
786	1209	0
787	1209	0
788	1209	0
789	1209	1
790	1209	1
791	1209	0
792	1209	0
793	1209	0
794	1209	0
795	1209	0
796	1209	0
797	1209	0
798	1209	0
799	1209	0
800	1209	0
801	1209	0
802	1209	0
803	1209	0
804	1209	0
805	1209	1
806	1209	0
807	1209	0
808	1209	0
809	1209	0
810	1209	0
811	1209	0
812	1209	0
814	1209	0
816	1209	0
817	1209	0
818	1209	0
819	1209	1
820	1209	0
822	1209	0
823	1209	0
824	1209	0
825	1209	0
826	1209	0
827	1209	0
829	1209	0
830	1209	0
831	1209	0
832	1209	1
833	1209	0
834	1209	0
835	1209	0
836	1209	0
838	1209	0
839	1209	0
840	1209	0
841	1209	0
842	1209	0
843	1209	0
844	1209	0
845	1209	0
846	1209	0
847	1209	0
848	1209	0
849	1209	0
850	1209	0
851	1209	0
852	1209	0
853	1209	0
854	1209	0
855	1209	0
856	1209	0
857	1209	0
858	1209	0
859	1209	0
860	1209	0
861	1209	0
863	1209	0
864	1209	0
865	1209	0
866	1209	0
867	1209	0
868	1209	0
869	1209	0
870	1209	0
871	1209	1
872	1209	0
873	1209	0
874	1209	0
875	1209	0
876	1209	0
877	1209	0
878	1209	0
880	1209	0
881	1209	0
882	1209	0
883	1209	0
884	1209	0
885	1209	0
886	1209	0
887	1209	0
888	1209	0
889	1209	0
890	1209	0
891	1209	0
892	1209	0
893	1209	0
894	1209	0
895	1209	1
896	1209	0
897	1209	0
898	1209	0
899	1209	0
900	1209	0
901	1209	0
902	1209	1
903	1209	0
904	1209	0
905	1209	0
907	1209	0
908	1209	0
909	1209	0
910	1209	0
911	1209	0
912	1209	0
913	1209	0
914	1209	0
915	1209	0
916	1209	0
917	1209	0
918	1209	0
919	1209	0
920	1209	1
921	1209	0
922	1209	0
923	1209	1
924	1209	0
925	1209	0
926	1209	0
927	1209	0
928	1209	0
929	1209	0
930	1209	0
931	1209	0
933	1209	0
934	1209	0
935	1209	0
936	1209	0
937	1209	0
939	1209	0
940	1209	0
941	1209	0
942	1209	0
943	1209	0
944	1209	0
945	1209	0
946	1209	0
947	1209	0
948	1209	0
949	1209	1
950	1209	0
953	1209	0
954	1209	0
955	1209	0
956	1209	0
957	1209	0
958	1209	0
959	1209	0
960	1209	1
961	1209	0
962	1209	0
963	1209	0
964	1209	0
965	1209	0
966	1209	0
967	1209	1
