0	1100	0
1	1100	0
2	1100	0
3	1100	0
4	1100	0
5	1100	0
6	1100	0
7	1100	0
8	1100	1
9	1100	0
10	1100	0
11	1100	0
12	1100	0
13	1100	0
14	1100	0
15	1100	0
16	1100	0
17	1100	1
18	1100	1
19	1100	0
20	1100	0
21	1100	0
22	1100	0
23	1100	1
24	1100	0
26	1100	0
27	1100	0
28	1100	0
29	1100	0
30	1100	0
31	1100	1
32	1100	1
33	1100	0
34	1100	0
35	1100	0
36	1100	0
37	1100	0
38	1100	0
39	1100	0
40	1100	1
42	1100	1
43	1100	0
44	1100	0
45	1100	0
46	1100	0
47	1100	0
48	1100	0
49	1100	0
50	1100	0
51	1100	0
52	1100	0
53	1100	0
54	1100	1
55	1100	0
56	1100	0
57	1100	0
58	1100	0
59	1100	1
60	1100	0
61	1100	1
62	1100	0
64	1100	0
65	1100	0
66	1100	0
67	1100	0
68	1100	0
69	1100	0
70	1100	0
71	1100	0
72	1100	0
73	1100	0
74	1100	0
75	1100	1
76	1100	0
77	1100	1
78	1100	0
79	1100	1
80	1100	0
81	1100	0
82	1100	0
83	1100	0
84	1100	0
85	1100	1
86	1100	1
87	1100	0
88	1100	0
89	1100	0
90	1100	0
91	1100	0
92	1100	0
93	1100	0
94	1100	0
95	1100	1
96	1100	1
97	1100	0
98	1100	0
99	1100	0
100	1100	1
101	1100	0
102	1100	0
103	1100	0
104	1100	0
105	1100	0
106	1100	0
109	1100	1
111	1100	0
112	1100	0
113	1100	0
114	1100	0
115	1100	0
116	1100	0
117	1100	0
118	1100	0
119	1100	0
120	1100	0
121	1100	0
122	1100	0
123	1100	1
124	1100	0
125	1100	0
126	1100	0
127	1100	0
129	1100	0
130	1100	0
131	1100	0
132	1100	0
133	1100	0
134	1100	0
136	1100	0
137	1100	1
138	1100	1
139	1100	0
140	1100	0
141	1100	0
142	1100	0
143	1100	0
144	1100	0
145	1100	0
146	1100	0
147	1100	0
148	1100	0
149	1100	0
150	1100	0
151	1100	0
152	1100	0
153	1100	0
154	1100	0
155	1100	0
156	1100	0
157	1100	0
158	1100	1
159	1100	0
160	1100	0
161	1100	0
162	1100	0
163	1100	0
165	1100	0
166	1100	0
167	1100	0
168	1100	1
169	1100	0
170	1100	0
171	1100	0
172	1100	1
173	1100	0
174	1100	0
175	1100	0
177	1100	0
178	1100	0
179	1100	0
180	1100	0
182	1100	0
183	1100	0
184	1100	0
185	1100	1
186	1100	0
187	1100	0
188	1100	0
189	1100	0
190	1100	0
191	1100	0
192	1100	0
193	1100	1
194	1100	0
195	1100	0
196	1100	1
197	1100	0
198	1100	1
199	1100	0
200	1100	0
201	1100	0
202	1100	0
203	1100	0
204	1100	0
206	1100	0
207	1100	0
208	1100	0
210	1100	1
211	1100	0
212	1100	0
213	1100	0
214	1100	0
215	1100	0
216	1100	0
217	1100	0
218	1100	0
219	1100	0
220	1100	0
222	1100	0
223	1100	0
224	1100	0
225	1100	0
226	1100	0
227	1100	1
228	1100	0
229	1100	0
230	1100	0
231	1100	0
232	1100	0
233	1100	0
234	1100	0
235	1100	0
236	1100	0
237	1100	0
238	1100	0
239	1100	0
240	1100	0
241	1100	0
242	1100	0
244	1100	0
245	1100	0
246	1100	0
247	1100	1
248	1100	1
249	1100	0
250	1100	0
251	1100	0
252	1100	0
253	1100	1
254	1100	0
255	1100	1
256	1100	0
258	1100	0
259	1100	0
260	1100	0
261	1100	1
262	1100	0
263	1100	0
264	1100	0
265	1100	1
266	1100	0
267	1100	0
268	1100	0
269	1100	0
270	1100	0
271	1100	0
272	1100	0
274	1100	0
276	1100	0
277	1100	0
278	1100	0
279	1100	0
280	1100	0
281	1100	0
282	1100	0
283	1100	0
284	1100	0
285	1100	0
286	1100	0
287	1100	0
288	1100	0
289	1100	0
290	1100	0
291	1100	0
292	1100	0
293	1100	0
294	1100	0
295	1100	0
296	1100	0
297	1100	0
298	1100	0
299	1100	0
300	1100	0
301	1100	1
302	1100	0
303	1100	0
304	1100	0
305	1100	0
306	1100	0
307	1100	0
308	1100	0
309	1100	0
310	1100	0
311	1100	0
312	1100	0
313	1100	0
314	1100	0
315	1100	0
316	1100	0
317	1100	0
318	1100	0
319	1100	0
320	1100	0
321	1100	0
322	1100	0
323	1100	0
324	1100	0
325	1100	0
326	1100	0
327	1100	0
328	1100	0
329	1100	0
330	1100	0
331	1100	0
333	1100	0
335	1100	0
336	1100	0
337	1100	0
338	1100	0
339	1100	0
340	1100	0
341	1100	0
342	1100	0
343	1100	0
344	1100	0
346	1100	1
347	1100	0
348	1100	0
349	1100	0
350	1100	0
351	1100	0
352	1100	0
354	1100	0
355	1100	0
357	1100	0
358	1100	0
359	1100	0
360	1100	0
361	1100	0
363	1100	0
364	1100	0
365	1100	0
366	1100	0
367	1100	0
368	1100	0
370	1100	1
371	1100	0
372	1100	0
373	1100	1
374	1100	0
375	1100	1
377	1100	0
378	1100	1
379	1100	0
380	1100	1
381	1100	0
382	1100	0
383	1100	0
384	1100	0
385	1100	0
386	1100	0
387	1100	0
388	1100	0
389	1100	0
390	1100	1
391	1100	0
393	1100	0
394	1100	0
395	1100	1
396	1100	0
398	1100	0
399	1100	0
400	1100	0
401	1100	0
402	1100	0
403	1100	0
404	1100	0
405	1100	0
406	1100	0
407	1100	1
408	1100	0
409	1100	1
410	1100	0
411	1100	0
412	1100	0
413	1100	0
414	1100	0
415	1100	1
416	1100	0
417	1100	0
418	1100	0
419	1100	0
420	1100	0
421	1100	0
422	1100	0
423	1100	0
424	1100	1
425	1100	0
426	1100	0
427	1100	0
428	1100	0
429	1100	0
431	1100	0
432	1100	0
433	1100	0
434	1100	0
435	1100	0
436	1100	0
437	1100	0
438	1100	0
439	1100	0
440	1100	0
441	1100	0
442	1100	0
443	1100	0
444	1100	0
445	1100	0
446	1100	1
447	1100	0
448	1100	0
449	1100	0
450	1100	0
451	1100	0
452	1100	0
453	1100	0
454	1100	0
455	1100	0
456	1100	0
457	1100	0
458	1100	0
459	1100	0
460	1100	0
461	1100	0
462	1100	0
463	1100	0
464	1100	1
465	1100	0
466	1100	0
467	1100	0
468	1100	0
469	1100	0
470	1100	0
471	1100	0
472	1100	0
473	1100	0
474	1100	1
475	1100	0
476	1100	0
477	1100	1
478	1100	1
480	1100	0
481	1100	0
482	1100	0
483	1100	0
484	1100	0
485	1100	0
486	1100	0
487	1100	0
489	1100	0
490	1100	0
491	1100	0
492	1100	0
493	1100	0
495	1100	0
496	1100	0
497	1100	0
499	1100	0
500	1100	0
501	1100	0
502	1100	0
503	1100	1
505	1100	0
506	1100	1
508	1100	1
509	1100	0
510	1100	0
511	1100	0
512	1100	0
513	1100	0
514	1100	1
515	1100	1
516	1100	0
517	1100	0
518	1100	1
519	1100	1
520	1100	1
521	1100	0
522	1100	0
523	1100	0
524	1100	0
525	1100	0
526	1100	0
527	1100	0
528	1100	0
529	1100	1
531	1100	0
533	1100	0
534	1100	0
536	1100	0
537	1100	0
538	1100	0
540	1100	0
541	1100	0
542	1100	0
543	1100	0
544	1100	0
546	1100	0
547	1100	0
548	1100	0
549	1100	0
550	1100	0
551	1100	0
553	1100	0
554	1100	0
555	1100	0
556	1100	0
557	1100	0
558	1100	0
559	1100	0
560	1100	1
561	1100	0
562	1100	1
563	1100	0
564	1100	0
565	1100	0
566	1100	0
567	1100	0
568	1100	0
569	1100	0
570	1100	0
571	1100	0
572	1100	0
574	1100	1
575	1100	0
576	1100	0
577	1100	0
578	1100	0
579	1100	0
580	1100	0
582	1100	0
583	1100	0
584	1100	0
585	1100	0
586	1100	0
587	1100	0
588	1100	0
589	1100	0
590	1100	0
591	1100	0
592	1100	0
593	1100	0
594	1100	0
595	1100	0
596	1100	0
597	1100	0
598	1100	0
599	1100	0
600	1100	0
601	1100	0
602	1100	0
604	1100	0
605	1100	0
606	1100	0
607	1100	0
608	1100	0
609	1100	1
611	1100	0
612	1100	0
613	1100	0
614	1100	0
615	1100	0
616	1100	0
617	1100	0
618	1100	0
619	1100	0
620	1100	0
621	1100	0
622	1100	0
624	1100	0
625	1100	0
626	1100	0
627	1100	0
628	1100	0
630	1100	1
631	1100	0
632	1100	0
633	1100	0
635	1100	0
636	1100	0
637	1100	1
640	1100	0
641	1100	0
642	1100	0
643	1100	0
644	1100	0
645	1100	1
646	1100	0
647	1100	0
648	1100	0
649	1100	0
650	1100	1
651	1100	0
652	1100	0
653	1100	0
654	1100	0
655	1100	0
656	1100	0
657	1100	1
658	1100	0
659	1100	0
660	1100	0
661	1100	0
662	1100	0
663	1100	0
664	1100	1
666	1100	0
667	1100	1
668	1100	0
669	1100	0
670	1100	0
671	1100	0
672	1100	0
673	1100	0
674	1100	0
675	1100	0
676	1100	0
677	1100	0
678	1100	0
679	1100	0
680	1100	0
681	1100	0
682	1100	0
683	1100	0
684	1100	0
685	1100	0
686	1100	1
687	1100	0
688	1100	0
689	1100	1
690	1100	0
691	1100	0
692	1100	1
693	1100	0
694	1100	0
695	1100	1
696	1100	0
697	1100	0
698	1100	0
699	1100	0
700	1100	0
701	1100	0
702	1100	0
703	1100	1
704	1100	0
705	1100	1
706	1100	0
707	1100	0
708	1100	0
709	1100	1
710	1100	0
711	1100	0
712	1100	0
713	1100	1
714	1100	0
715	1100	0
716	1100	0
717	1100	0
718	1100	0
719	1100	0
720	1100	0
721	1100	0
722	1100	0
723	1100	1
724	1100	0
725	1100	0
726	1100	1
727	1100	0
728	1100	0
730	1100	0
731	1100	0
732	1100	1
733	1100	0
734	1100	0
735	1100	0
736	1100	0
737	1100	0
738	1100	0
739	1100	0
740	1100	0
741	1100	0
742	1100	0
743	1100	0
744	1100	0
745	1100	0
746	1100	0
747	1100	0
748	1100	1
749	1100	0
750	1100	1
751	1100	0
752	1100	0
753	1100	0
754	1100	0
755	1100	0
756	1100	0
757	1100	0
758	1100	0
759	1100	0
760	1100	0
761	1100	0
762	1100	1
763	1100	0
764	1100	0
765	1100	1
767	1100	0
768	1100	0
769	1100	0
770	1100	0
771	1100	0
772	1100	0
773	1100	0
774	1100	1
775	1100	0
776	1100	0
777	1100	0
778	1100	0
779	1100	0
780	1100	0
782	1100	0
783	1100	0
784	1100	0
785	1100	0
786	1100	0
787	1100	0
788	1100	0
789	1100	0
790	1100	0
791	1100	0
793	1100	0
794	1100	1
795	1100	0
796	1100	0
797	1100	0
798	1100	0
799	1100	0
800	1100	0
801	1100	0
802	1100	0
803	1100	0
804	1100	0
806	1100	0
807	1100	0
808	1100	0
809	1100	0
810	1100	0
811	1100	1
812	1100	1
813	1100	0
814	1100	0
816	1100	0
817	1100	0
818	1100	0
819	1100	0
820	1100	0
821	1100	0
822	1100	0
823	1100	0
824	1100	0
825	1100	0
826	1100	0
827	1100	0
828	1100	0
829	1100	1
830	1100	1
831	1100	0
832	1100	0
833	1100	1
834	1100	0
835	1100	0
836	1100	1
837	1100	0
839	1100	0
840	1100	0
841	1100	0
842	1100	0
843	1100	0
844	1100	0
845	1100	0
846	1100	1
847	1100	0
848	1100	0
849	1100	0
850	1100	0
851	1100	0
852	1100	0
853	1100	1
854	1100	0
855	1100	0
856	1100	0
857	1100	0
858	1100	0
859	1100	0
860	1100	0
861	1100	0
862	1100	1
863	1100	0
864	1100	0
865	1100	0
866	1100	0
867	1100	0
868	1100	0
869	1100	0
870	1100	0
872	1100	0
873	1100	0
874	1100	0
875	1100	0
876	1100	1
877	1100	1
878	1100	1
879	1100	0
880	1100	0
881	1100	0
882	1100	0
883	1100	0
884	1100	0
885	1100	0
886	1100	0
887	1100	0
888	1100	1
889	1100	0
890	1100	0
891	1100	0
892	1100	0
893	1100	0
894	1100	0
895	1100	1
896	1100	0
897	1100	0
898	1100	0
900	1100	0
901	1100	0
902	1100	0
903	1100	0
904	1100	0
905	1100	0
906	1100	0
907	1100	1
908	1100	0
909	1100	0
910	1100	0
911	1100	0
912	1100	0
913	1100	0
914	1100	0
916	1100	0
917	1100	0
918	1100	0
919	1100	0
920	1100	0
921	1100	0
922	1100	0
923	1100	0
924	1100	0
925	1100	0
926	1100	0
927	1100	0
928	1100	0
930	1100	1
931	1100	0
933	1100	1
934	1100	0
935	1100	0
936	1100	0
937	1100	1
938	1100	0
939	1100	0
940	1100	0
941	1100	0
942	1100	0
943	1100	0
944	1100	0
945	1100	0
946	1100	0
947	1100	1
948	1100	0
949	1100	0
950	1100	0
952	1100	0
953	1100	0
954	1100	0
955	1100	0
956	1100	0
958	1100	1
959	1100	0
961	1100	0
962	1100	0
963	1100	1
964	1100	0
965	1100	1
967	1100	1
