8	997	1
10	997	0
13	997	0
16	997	0
18	997	0
20	997	1
21	997	1
24	997	0
27	997	0
31	997	0
32	997	0
33	997	0
34	997	0
36	997	0
39	997	0
42	997	0
43	997	0
44	997	0
45	997	0
47	997	0
48	997	0
49	997	0
59	997	1
61	997	0
64	997	0
67	997	0
71	997	0
76	997	1
87	997	0
93	997	0
96	997	0
98	997	0
101	997	0
106	997	0
109	997	0
112	997	0
113	997	0
117	997	1
120	997	0
121	997	0
122	997	0
125	997	0
130	997	0
131	997	0
133	997	0
134	997	0
137	997	0
138	997	0
139	997	0
140	997	0
141	997	0
142	997	0
143	997	0
146	997	0
151	997	0
152	997	0
154	997	0
156	997	0
157	997	0
159	997	0
162	997	0
163	997	0
164	997	0
168	997	0
170	997	0
171	997	0
172	997	0
174	997	0
181	997	0
182	997	0
183	997	0
184	997	0
188	997	0
190	997	0
191	997	0
192	997	0
193	997	1
194	997	0
195	997	0
196	997	0
197	997	0
201	997	0
202	997	0
203	997	0
204	997	0
205	997	0
206	997	0
207	997	0
208	997	0
210	997	0
211	997	0
214	997	0
221	997	1
222	997	0
224	997	0
225	997	0
227	997	0
228	997	0
230	997	0
232	997	0
233	997	0
234	997	0
251	997	0
252	997	0
253	997	0
255	997	0
263	997	0
269	997	0
274	997	0
275	997	0
279	997	0
282	997	0
283	997	0
289	997	0
290	997	0
296	997	0
301	997	0
310	997	0
316	997	0
328	997	0
329	997	0
334	997	0
336	997	0
338	997	0
339	997	0
340	997	0
341	997	0
343	997	0
358	997	0
359	997	0
360	997	0
361	997	0
364	997	0
365	997	0
367	997	0
368	997	0
370	997	1
371	997	0
372	997	0
373	997	0
374	997	1
375	997	0
377	997	0
378	997	0
379	997	0
380	997	0
381	997	0
382	997	0
383	997	0
384	997	0
385	997	0
386	997	0
390	997	0
391	997	0
393	997	0
395	997	0
401	997	0
402	997	1
404	997	1
405	997	0
406	997	0
420	997	0
421	997	0
422	997	0
423	997	0
424	997	0
425	997	0
426	997	0
427	997	0
428	997	0
429	997	0
430	997	0
431	997	0
432	997	0
433	997	0
435	997	1
436	997	0
443	997	0
446	997	0
448	997	0
449	997	0
450	997	0
451	997	0
453	997	1
454	997	0
455	997	0
457	997	0
458	997	0
459	997	0
461	997	0
464	997	0
465	997	0
475	997	0
476	997	0
478	997	0
486	997	0
487	997	0
489	997	0
496	997	0
497	997	0
499	997	0
500	997	0
503	997	1
505	997	1
508	997	0
509	997	1
510	997	0
511	997	0
512	997	0
514	997	1
515	997	1
516	997	0
517	997	0
518	997	0
519	997	0
520	997	0
521	997	0
522	997	0
524	997	0
525	997	0
526	997	0
527	997	0
528	997	0
529	997	0
534	997	0
536	997	0
538	997	0
540	997	1
541	997	0
542	997	0
544	997	0
549	997	0
551	997	0
554	997	0
557	997	0
561	997	0
565	997	0
566	997	0
567	997	0
568	997	0
569	997	0
573	997	0
574	997	0
584	997	0
585	997	0
588	997	0
589	997	0
592	997	0
595	997	0
597	997	0
607	997	0
608	997	0
612	997	0
613	997	0
616	997	0
617	997	0
620	997	0
625	997	0
626	997	0
627	997	0
630	997	1
631	997	0
633	997	0
637	997	0
640	997	0
641	997	0
642	997	0
643	997	0
644	997	0
645	997	0
646	997	0
647	997	0
648	997	0
649	997	0
650	997	0
651	997	1
652	997	0
661	997	0
662	997	0
663	997	0
664	997	0
666	997	0
667	997	1
672	997	0
673	997	0
674	997	0
683	997	0
692	997	0
693	997	0
694	997	0
713	997	0
715	997	0
718	997	1
720	997	0
721	997	0
728	997	0
732	997	0
737	997	0
738	997	0
741	997	0
742	997	0
743	997	1
745	997	0
747	997	0
748	997	0
749	997	0
750	997	0
754	997	0
758	997	0
761	997	0
763	997	0
767	997	0
768	997	0
769	997	0
771	997	0
772	997	0
773	997	0
774	997	0
778	997	0
780	997	0
784	997	0
786	997	0
787	997	0
796	997	0
798	997	0
799	997	0
802	997	0
803	997	1
805	997	0
808	997	0
810	997	0
824	997	0
825	997	0
827	997	0
828	997	0
830	997	0
831	997	1
833	997	1
834	997	1
837	997	0
839	997	0
840	997	0
855	997	0
859	997	0
862	997	0
863	997	0
864	997	0
870	997	0
873	997	0
874	997	1
875	997	0
876	997	0
877	997	1
879	997	0
880	997	0
881	997	0
882	997	0
883	997	0
885	997	0
886	997	0
887	997	0
888	997	0
890	997	0
895	997	0
900	997	0
901	997	0
904	997	0
911	997	0
913	997	0
917	997	0
923	997	0
924	997	0
928	997	0
937	997	0
943	997	0
944	997	0
947	997	0
949	997	0
952	997	0
953	997	0
954	997	0
955	997	0
956	997	0
958	997	0
963	997	0
964	997	0
965	997	0
967	997	0
