0	1187	0
1	1187	0
2	1187	0
3	1187	0
4	1187	0
5	1187	0
6	1187	0
7	1187	1
8	1187	1
9	1187	1
10	1187	0
11	1187	0
12	1187	0
13	1187	0
14	1187	0
15	1187	0
16	1187	0
17	1187	1
18	1187	0
19	1187	0
20	1187	0
21	1187	0
22	1187	0
23	1187	0
24	1187	0
25	1187	0
26	1187	0
27	1187	0
28	1187	0
29	1187	0
30	1187	0
31	1187	1
32	1187	0
33	1187	0
34	1187	0
35	1187	0
36	1187	0
37	1187	0
38	1187	0
39	1187	0
40	1187	0
41	1187	0
42	1187	0
43	1187	0
44	1187	0
45	1187	1
46	1187	0
47	1187	0
48	1187	0
49	1187	0
50	1187	1
51	1187	0
52	1187	0
53	1187	0
54	1187	0
55	1187	0
56	1187	0
58	1187	0
59	1187	0
60	1187	0
61	1187	0
62	1187	0
63	1187	0
64	1187	1
65	1187	0
66	1187	0
67	1187	0
68	1187	0
69	1187	1
70	1187	0
71	1187	0
72	1187	0
73	1187	0
74	1187	0
75	1187	0
77	1187	0
78	1187	0
79	1187	0
80	1187	0
81	1187	0
82	1187	0
83	1187	0
84	1187	0
85	1187	0
86	1187	0
88	1187	0
89	1187	0
90	1187	0
91	1187	0
92	1187	0
94	1187	0
95	1187	1
96	1187	0
97	1187	0
98	1187	0
99	1187	0
100	1187	0
101	1187	0
102	1187	0
103	1187	0
104	1187	0
105	1187	0
106	1187	0
107	1187	0
108	1187	0
109	1187	0
110	1187	0
111	1187	0
112	1187	0
113	1187	0
114	1187	0
115	1187	0
116	1187	0
117	1187	0
118	1187	0
120	1187	0
121	1187	0
122	1187	0
123	1187	0
124	1187	0
125	1187	0
129	1187	0
130	1187	0
131	1187	0
132	1187	0
133	1187	0
134	1187	0
135	1187	0
136	1187	0
137	1187	0
138	1187	0
139	1187	0
140	1187	0
141	1187	0
142	1187	0
143	1187	0
144	1187	0
145	1187	1
146	1187	0
147	1187	0
148	1187	0
149	1187	0
150	1187	0
151	1187	0
153	1187	0
154	1187	0
155	1187	0
156	1187	0
157	1187	0
158	1187	0
159	1187	0
160	1187	0
161	1187	0
162	1187	0
163	1187	0
165	1187	0
166	1187	0
167	1187	0
168	1187	1
169	1187	0
170	1187	0
171	1187	0
172	1187	0
173	1187	0
174	1187	0
175	1187	1
177	1187	0
178	1187	0
179	1187	0
180	1187	0
181	1187	0
182	1187	0
183	1187	0
184	1187	0
186	1187	0
187	1187	0
188	1187	1
189	1187	0
190	1187	0
191	1187	1
192	1187	0
194	1187	0
195	1187	0
196	1187	1
197	1187	1
198	1187	0
199	1187	0
200	1187	0
201	1187	0
202	1187	0
203	1187	0
204	1187	0
206	1187	0
207	1187	0
208	1187	0
209	1187	1
210	1187	1
211	1187	0
212	1187	0
213	1187	0
214	1187	0
215	1187	0
216	1187	0
217	1187	0
218	1187	1
219	1187	0
220	1187	0
221	1187	0
223	1187	0
224	1187	0
225	1187	0
226	1187	0
227	1187	0
228	1187	0
229	1187	0
230	1187	0
231	1187	0
232	1187	1
233	1187	1
234	1187	0
235	1187	0
236	1187	0
237	1187	0
238	1187	0
239	1187	0
240	1187	0
241	1187	0
242	1187	0
243	1187	0
244	1187	0
245	1187	0
246	1187	0
247	1187	1
248	1187	0
249	1187	0
250	1187	0
251	1187	0
252	1187	0
253	1187	0
254	1187	0
255	1187	0
256	1187	0
257	1187	0
258	1187	0
259	1187	0
261	1187	0
262	1187	0
263	1187	0
264	1187	0
265	1187	0
266	1187	0
267	1187	0
268	1187	0
270	1187	0
271	1187	0
272	1187	0
273	1187	0
274	1187	0
275	1187	0
276	1187	0
277	1187	0
278	1187	0
279	1187	0
280	1187	0
281	1187	0
282	1187	0
283	1187	0
284	1187	0
285	1187	0
286	1187	0
287	1187	0
288	1187	1
289	1187	0
290	1187	0
291	1187	0
292	1187	0
293	1187	0
294	1187	0
295	1187	0
296	1187	0
297	1187	0
298	1187	0
299	1187	0
300	1187	0
302	1187	0
303	1187	0
304	1187	0
305	1187	0
306	1187	0
307	1187	0
308	1187	0
309	1187	0
310	1187	1
311	1187	0
312	1187	0
313	1187	0
314	1187	0
316	1187	0
317	1187	0
318	1187	0
319	1187	0
320	1187	0
321	1187	0
322	1187	0
323	1187	0
324	1187	0
325	1187	0
326	1187	0
327	1187	0
328	1187	1
329	1187	0
330	1187	1
331	1187	0
332	1187	0
333	1187	0
334	1187	0
335	1187	0
336	1187	0
337	1187	0
338	1187	0
339	1187	1
340	1187	0
341	1187	0
342	1187	0
343	1187	0
344	1187	0
345	1187	0
346	1187	0
347	1187	0
348	1187	1
349	1187	1
350	1187	0
351	1187	0
352	1187	0
353	1187	0
354	1187	0
355	1187	0
356	1187	0
357	1187	0
358	1187	0
359	1187	0
360	1187	0
361	1187	0
362	1187	1
363	1187	0
364	1187	0
365	1187	0
366	1187	0
367	1187	0
368	1187	0
369	1187	0
370	1187	0
371	1187	0
372	1187	0
373	1187	0
374	1187	0
375	1187	0
376	1187	0
377	1187	0
378	1187	0
379	1187	0
380	1187	0
381	1187	0
382	1187	0
383	1187	0
384	1187	1
385	1187	0
386	1187	0
387	1187	0
388	1187	0
389	1187	0
390	1187	0
391	1187	0
392	1187	0
393	1187	0
394	1187	0
395	1187	0
396	1187	0
397	1187	0
398	1187	0
399	1187	0
400	1187	0
402	1187	1
403	1187	0
404	1187	1
405	1187	0
406	1187	0
407	1187	0
408	1187	0
409	1187	0
410	1187	0
411	1187	0
412	1187	0
413	1187	0
414	1187	0
415	1187	0
416	1187	0
417	1187	0
418	1187	0
419	1187	0
420	1187	0
421	1187	0
422	1187	0
423	1187	0
424	1187	0
425	1187	0
426	1187	0
427	1187	0
428	1187	0
429	1187	0
430	1187	0
431	1187	0
432	1187	0
433	1187	1
434	1187	0
435	1187	0
436	1187	0
437	1187	0
439	1187	0
440	1187	0
441	1187	0
442	1187	0
443	1187	0
444	1187	0
445	1187	0
446	1187	0
448	1187	0
449	1187	1
450	1187	0
451	1187	0
452	1187	0
453	1187	0
454	1187	0
455	1187	0
456	1187	0
457	1187	0
458	1187	0
459	1187	0
460	1187	0
461	1187	0
462	1187	0
463	1187	0
464	1187	0
465	1187	0
466	1187	1
467	1187	0
468	1187	0
470	1187	0
471	1187	0
472	1187	0
473	1187	1
474	1187	0
475	1187	1
476	1187	0
477	1187	0
478	1187	0
479	1187	0
480	1187	0
481	1187	0
482	1187	0
483	1187	0
484	1187	0
485	1187	0
486	1187	0
487	1187	0
488	1187	0
489	1187	0
490	1187	0
491	1187	0
492	1187	0
493	1187	0
494	1187	0
495	1187	0
496	1187	0
497	1187	0
498	1187	1
500	1187	0
501	1187	0
502	1187	0
503	1187	0
504	1187	1
505	1187	0
506	1187	0
507	1187	1
508	1187	0
509	1187	0
510	1187	0
511	1187	0
512	1187	0
513	1187	0
514	1187	1
515	1187	0
516	1187	0
517	1187	0
518	1187	0
519	1187	0
520	1187	0
521	1187	0
522	1187	1
523	1187	1
525	1187	0
526	1187	0
527	1187	1
528	1187	0
529	1187	1
530	1187	0
531	1187	0
533	1187	1
534	1187	0
535	1187	0
536	1187	1
537	1187	0
538	1187	0
539	1187	0
540	1187	0
541	1187	1
542	1187	0
543	1187	0
544	1187	0
545	1187	0
546	1187	0
547	1187	0
548	1187	0
549	1187	0
550	1187	0
551	1187	0
552	1187	0
553	1187	1
554	1187	0
555	1187	0
556	1187	0
557	1187	0
558	1187	0
559	1187	0
560	1187	0
561	1187	0
562	1187	0
563	1187	0
564	1187	0
565	1187	0
567	1187	0
568	1187	0
569	1187	0
570	1187	0
571	1187	0
572	1187	0
573	1187	0
574	1187	0
575	1187	0
576	1187	0
577	1187	0
578	1187	0
579	1187	0
580	1187	1
581	1187	0
582	1187	0
583	1187	0
584	1187	0
585	1187	0
586	1187	0
587	1187	0
588	1187	1
589	1187	0
590	1187	0
591	1187	0
593	1187	0
595	1187	0
596	1187	0
597	1187	0
599	1187	0
600	1187	0
601	1187	0
602	1187	0
604	1187	0
605	1187	0
606	1187	0
607	1187	0
608	1187	0
609	1187	0
611	1187	0
612	1187	0
613	1187	0
614	1187	0
615	1187	0
616	1187	0
617	1187	0
618	1187	0
619	1187	0
620	1187	0
621	1187	0
622	1187	0
624	1187	1
625	1187	0
627	1187	0
628	1187	0
630	1187	0
633	1187	0
634	1187	0
635	1187	0
636	1187	1
637	1187	0
638	1187	0
639	1187	0
640	1187	1
641	1187	0
642	1187	0
643	1187	0
644	1187	0
645	1187	0
646	1187	0
647	1187	0
649	1187	0
650	1187	0
651	1187	0
653	1187	0
654	1187	0
655	1187	0
656	1187	0
657	1187	0
658	1187	0
659	1187	0
660	1187	0
661	1187	1
662	1187	0
663	1187	0
664	1187	0
665	1187	1
666	1187	0
667	1187	1
668	1187	0
669	1187	0
670	1187	0
671	1187	0
672	1187	0
673	1187	0
674	1187	0
675	1187	0
676	1187	0
677	1187	0
678	1187	0
679	1187	0
680	1187	0
681	1187	0
682	1187	0
683	1187	0
684	1187	0
685	1187	0
686	1187	0
687	1187	0
688	1187	0
689	1187	0
690	1187	0
691	1187	1
692	1187	0
693	1187	0
694	1187	0
695	1187	0
696	1187	0
697	1187	0
698	1187	0
699	1187	0
700	1187	0
701	1187	0
702	1187	0
703	1187	0
704	1187	0
705	1187	0
706	1187	0
707	1187	0
708	1187	1
709	1187	0
710	1187	0
711	1187	0
712	1187	0
713	1187	0
714	1187	0
716	1187	0
717	1187	0
718	1187	0
719	1187	0
720	1187	0
721	1187	0
722	1187	0
723	1187	0
724	1187	0
725	1187	0
726	1187	0
727	1187	0
728	1187	0
729	1187	0
730	1187	0
731	1187	0
732	1187	0
733	1187	0
734	1187	0
735	1187	0
736	1187	0
737	1187	0
738	1187	1
739	1187	0
740	1187	0
741	1187	0
742	1187	0
745	1187	0
746	1187	0
747	1187	0
748	1187	0
749	1187	1
750	1187	0
751	1187	0
752	1187	0
753	1187	0
754	1187	0
755	1187	0
756	1187	0
757	1187	0
758	1187	0
759	1187	0
760	1187	1
761	1187	0
762	1187	0
764	1187	0
765	1187	0
766	1187	0
767	1187	0
768	1187	0
769	1187	0
770	1187	1
771	1187	0
772	1187	0
773	1187	0
775	1187	0
777	1187	0
778	1187	0
779	1187	0
780	1187	0
781	1187	0
782	1187	0
783	1187	0
784	1187	0
785	1187	0
786	1187	0
787	1187	0
788	1187	0
789	1187	0
790	1187	1
791	1187	0
792	1187	0
793	1187	0
794	1187	0
795	1187	0
796	1187	0
797	1187	0
798	1187	0
799	1187	0
800	1187	0
801	1187	0
802	1187	0
803	1187	0
804	1187	0
805	1187	1
806	1187	0
807	1187	0
808	1187	0
809	1187	0
810	1187	0
811	1187	0
814	1187	0
816	1187	0
817	1187	0
818	1187	0
819	1187	0
820	1187	0
822	1187	0
823	1187	0
824	1187	0
826	1187	0
827	1187	0
829	1187	0
830	1187	1
831	1187	0
832	1187	0
833	1187	1
835	1187	0
836	1187	0
837	1187	0
838	1187	0
839	1187	0
840	1187	0
841	1187	0
842	1187	0
843	1187	0
844	1187	1
845	1187	0
846	1187	0
847	1187	1
848	1187	0
849	1187	0
850	1187	0
851	1187	0
852	1187	0
853	1187	0
854	1187	0
855	1187	0
857	1187	0
858	1187	0
859	1187	0
860	1187	0
861	1187	0
862	1187	0
863	1187	0
864	1187	0
865	1187	0
866	1187	0
867	1187	0
868	1187	0
869	1187	0
870	1187	0
871	1187	1
872	1187	0
873	1187	0
874	1187	0
875	1187	0
876	1187	0
877	1187	0
878	1187	0
880	1187	0
881	1187	0
882	1187	0
883	1187	0
884	1187	0
885	1187	0
886	1187	0
887	1187	0
888	1187	0
889	1187	0
890	1187	0
891	1187	1
892	1187	1
893	1187	0
894	1187	0
895	1187	0
896	1187	0
897	1187	1
898	1187	0
900	1187	0
901	1187	0
902	1187	1
903	1187	0
904	1187	1
905	1187	0
907	1187	1
908	1187	0
909	1187	1
910	1187	0
911	1187	0
912	1187	0
913	1187	0
914	1187	0
915	1187	1
916	1187	0
917	1187	0
918	1187	0
919	1187	0
920	1187	0
921	1187	0
922	1187	0
923	1187	0
924	1187	0
925	1187	0
926	1187	0
927	1187	0
928	1187	0
929	1187	0
930	1187	0
931	1187	0
933	1187	0
934	1187	0
935	1187	1
936	1187	0
937	1187	0
939	1187	0
940	1187	0
941	1187	0
942	1187	1
943	1187	0
944	1187	0
945	1187	0
946	1187	0
947	1187	0
948	1187	0
949	1187	0
950	1187	0
953	1187	0
954	1187	0
955	1187	0
956	1187	1
957	1187	0
958	1187	0
959	1187	0
960	1187	0
961	1187	0
962	1187	0
963	1187	0
964	1187	0
965	1187	0
966	1187	0
967	1187	0
