0	1044	1
1	1044	0
2	1044	0
3	1044	0
4	1044	0
5	1044	1
6	1044	0
7	1044	0
8	1044	0
9	1044	1
10	1044	0
11	1044	0
12	1044	0
13	1044	0
14	1044	0
15	1044	0
16	1044	0
17	1044	0
18	1044	0
19	1044	0
20	1044	0
21	1044	0
22	1044	1
23	1044	0
24	1044	0
26	1044	0
27	1044	0
28	1044	0
29	1044	0
30	1044	0
31	1044	0
32	1044	0
33	1044	0
34	1044	0
35	1044	0
36	1044	0
37	1044	0
38	1044	0
39	1044	0
40	1044	0
42	1044	1
43	1044	0
44	1044	0
45	1044	0
46	1044	0
47	1044	0
48	1044	0
49	1044	0
50	1044	0
51	1044	0
52	1044	0
53	1044	0
54	1044	0
55	1044	0
56	1044	0
57	1044	0
58	1044	0
59	1044	0
60	1044	0
61	1044	0
62	1044	0
64	1044	0
65	1044	0
66	1044	0
67	1044	0
68	1044	0
69	1044	0
70	1044	0
71	1044	0
72	1044	0
73	1044	0
74	1044	0
75	1044	0
76	1044	0
77	1044	0
78	1044	0
79	1044	0
80	1044	1
81	1044	1
82	1044	1
83	1044	0
84	1044	0
85	1044	1
86	1044	0
87	1044	0
88	1044	0
89	1044	0
90	1044	0
91	1044	0
92	1044	0
93	1044	0
94	1044	0
95	1044	0
96	1044	0
97	1044	0
98	1044	0
99	1044	0
100	1044	0
101	1044	0
102	1044	0
103	1044	0
104	1044	0
105	1044	0
106	1044	0
109	1044	0
111	1044	0
112	1044	0
113	1044	1
114	1044	0
115	1044	0
116	1044	0
117	1044	0
118	1044	0
119	1044	0
120	1044	0
121	1044	0
122	1044	0
123	1044	0
124	1044	1
125	1044	0
130	1044	0
131	1044	0
132	1044	0
133	1044	0
134	1044	0
136	1044	0
137	1044	1
138	1044	0
139	1044	0
141	1044	0
142	1044	0
144	1044	0
146	1044	0
147	1044	0
149	1044	0
150	1044	0
151	1044	0
152	1044	0
153	1044	0
154	1044	0
155	1044	0
156	1044	0
157	1044	0
158	1044	0
159	1044	0
160	1044	0
161	1044	0
162	1044	0
163	1044	1
164	1044	0
165	1044	0
166	1044	0
168	1044	0
169	1044	0
170	1044	0
171	1044	0
172	1044	0
173	1044	0
174	1044	0
175	1044	0
177	1044	1
178	1044	1
179	1044	0
180	1044	0
181	1044	0
182	1044	0
183	1044	0
184	1044	0
187	1044	0
188	1044	0
189	1044	0
190	1044	0
191	1044	1
192	1044	0
193	1044	1
194	1044	0
195	1044	0
196	1044	0
197	1044	0
200	1044	0
201	1044	0
202	1044	0
203	1044	0
204	1044	0
206	1044	0
207	1044	1
208	1044	0
210	1044	0
211	1044	0
212	1044	0
213	1044	0
214	1044	0
216	1044	0
217	1044	0
219	1044	0
220	1044	0
222	1044	0
223	1044	0
224	1044	0
225	1044	0
226	1044	0
227	1044	0
228	1044	0
229	1044	0
230	1044	0
231	1044	0
232	1044	0
233	1044	1
234	1044	0
235	1044	0
236	1044	0
237	1044	0
238	1044	0
239	1044	0
240	1044	0
241	1044	0
242	1044	0
244	1044	0
245	1044	0
246	1044	0
247	1044	0
248	1044	0
249	1044	0
250	1044	0
251	1044	0
252	1044	0
253	1044	1
254	1044	0
255	1044	0
256	1044	0
258	1044	0
259	1044	1
260	1044	0
261	1044	0
262	1044	0
263	1044	0
264	1044	0
265	1044	0
266	1044	0
267	1044	0
268	1044	0
269	1044	0
270	1044	1
271	1044	1
272	1044	0
273	1044	0
274	1044	0
275	1044	0
276	1044	1
277	1044	0
278	1044	0
279	1044	0
280	1044	0
281	1044	1
282	1044	0
283	1044	0
284	1044	0
285	1044	0
286	1044	0
288	1044	0
289	1044	0
290	1044	0
291	1044	0
292	1044	0
294	1044	0
295	1044	0
296	1044	1
297	1044	0
298	1044	0
299	1044	0
300	1044	0
301	1044	0
302	1044	0
303	1044	0
304	1044	0
306	1044	0
308	1044	0
309	1044	0
310	1044	0
311	1044	0
312	1044	0
313	1044	0
314	1044	0
315	1044	0
316	1044	0
317	1044	0
319	1044	0
320	1044	0
321	1044	0
322	1044	0
323	1044	0
324	1044	0
325	1044	0
326	1044	0
327	1044	0
328	1044	1
329	1044	0
330	1044	0
331	1044	1
333	1044	0
334	1044	0
335	1044	0
336	1044	0
337	1044	0
338	1044	0
339	1044	0
340	1044	0
341	1044	1
342	1044	0
343	1044	0
344	1044	0
346	1044	0
347	1044	0
348	1044	0
349	1044	0
350	1044	0
354	1044	0
355	1044	0
356	1044	0
357	1044	0
358	1044	0
359	1044	0
360	1044	0
361	1044	0
363	1044	0
364	1044	0
365	1044	0
366	1044	0
367	1044	0
368	1044	0
370	1044	0
371	1044	0
372	1044	0
373	1044	0
374	1044	0
377	1044	0
378	1044	0
379	1044	0
380	1044	0
381	1044	1
382	1044	0
383	1044	0
384	1044	0
385	1044	0
386	1044	0
387	1044	0
388	1044	0
390	1044	0
391	1044	0
393	1044	0
394	1044	1
395	1044	0
396	1044	0
397	1044	0
398	1044	0
399	1044	0
400	1044	0
401	1044	0
402	1044	1
403	1044	0
404	1044	0
405	1044	0
406	1044	0
408	1044	0
409	1044	0
410	1044	1
411	1044	0
412	1044	0
413	1044	0
414	1044	0
415	1044	0
416	1044	0
417	1044	0
418	1044	0
419	1044	0
420	1044	0
421	1044	0
422	1044	0
423	1044	0
424	1044	0
425	1044	0
426	1044	1
427	1044	0
428	1044	0
429	1044	0
430	1044	0
431	1044	0
432	1044	0
433	1044	1
434	1044	0
435	1044	1
436	1044	0
437	1044	0
438	1044	0
439	1044	0
440	1044	1
441	1044	0
442	1044	0
443	1044	0
444	1044	0
445	1044	0
446	1044	1
447	1044	1
448	1044	0
449	1044	0
450	1044	0
451	1044	0
452	1044	0
453	1044	0
454	1044	0
455	1044	0
456	1044	0
457	1044	0
458	1044	0
459	1044	0
460	1044	1
461	1044	0
462	1044	0
464	1044	0
465	1044	0
466	1044	0
467	1044	0
468	1044	0
469	1044	0
470	1044	1
471	1044	0
472	1044	0
473	1044	0
474	1044	0
475	1044	0
476	1044	0
477	1044	0
478	1044	0
480	1044	1
481	1044	0
482	1044	0
483	1044	0
484	1044	0
485	1044	0
486	1044	1
487	1044	0
489	1044	0
490	1044	1
491	1044	0
492	1044	1
493	1044	1
495	1044	0
496	1044	0
497	1044	0
499	1044	0
500	1044	0
502	1044	0
503	1044	0
505	1044	0
508	1044	0
509	1044	0
510	1044	0
511	1044	0
512	1044	0
513	1044	0
514	1044	0
515	1044	0
516	1044	0
517	1044	0
518	1044	0
519	1044	0
520	1044	0
521	1044	0
522	1044	0
523	1044	0
524	1044	0
525	1044	0
527	1044	0
528	1044	0
529	1044	0
533	1044	0
534	1044	0
536	1044	0
537	1044	0
538	1044	0
540	1044	0
541	1044	0
542	1044	0
543	1044	0
544	1044	0
546	1044	0
547	1044	0
548	1044	0
549	1044	0
550	1044	0
551	1044	0
553	1044	0
554	1044	0
555	1044	0
556	1044	0
557	1044	0
558	1044	0
559	1044	1
560	1044	0
561	1044	0
562	1044	0
563	1044	0
564	1044	0
565	1044	0
566	1044	0
567	1044	0
568	1044	0
569	1044	0
570	1044	0
571	1044	0
572	1044	0
573	1044	0
574	1044	0
575	1044	0
576	1044	0
577	1044	0
578	1044	0
579	1044	0
580	1044	0
582	1044	0
583	1044	0
584	1044	0
585	1044	0
586	1044	0
587	1044	0
588	1044	0
589	1044	0
590	1044	1
592	1044	0
593	1044	0
594	1044	0
595	1044	0
596	1044	0
597	1044	0
598	1044	1
599	1044	0
600	1044	0
601	1044	0
602	1044	0
604	1044	0
605	1044	0
606	1044	0
607	1044	0
608	1044	0
609	1044	0
611	1044	0
612	1044	0
613	1044	0
614	1044	0
615	1044	0
616	1044	0
617	1044	0
618	1044	0
620	1044	0
621	1044	0
622	1044	0
624	1044	0
625	1044	0
626	1044	0
627	1044	0
628	1044	0
630	1044	0
631	1044	0
632	1044	0
633	1044	0
635	1044	0
636	1044	0
637	1044	0
640	1044	0
641	1044	0
642	1044	0
643	1044	1
644	1044	0
645	1044	1
646	1044	1
647	1044	0
648	1044	0
649	1044	0
650	1044	0
651	1044	1
652	1044	0
653	1044	0
655	1044	0
658	1044	0
659	1044	0
661	1044	0
662	1044	0
663	1044	0
664	1044	1
666	1044	0
667	1044	0
668	1044	0
669	1044	0
670	1044	0
671	1044	0
672	1044	0
673	1044	0
674	1044	0
675	1044	0
676	1044	0
680	1044	0
682	1044	0
683	1044	0
684	1044	0
685	1044	1
686	1044	0
688	1044	0
689	1044	0
690	1044	0
691	1044	0
692	1044	0
693	1044	0
694	1044	0
695	1044	0
696	1044	0
697	1044	0
698	1044	0
699	1044	0
700	1044	0
701	1044	0
702	1044	0
703	1044	0
704	1044	0
705	1044	0
706	1044	0
707	1044	0
708	1044	0
709	1044	0
710	1044	0
711	1044	0
713	1044	0
714	1044	0
715	1044	0
716	1044	0
717	1044	0
718	1044	0
720	1044	0
721	1044	0
722	1044	0
728	1044	0
730	1044	0
731	1044	0
732	1044	1
733	1044	0
734	1044	0
735	1044	0
736	1044	0
737	1044	0
738	1044	0
739	1044	0
740	1044	0
741	1044	0
742	1044	0
744	1044	1
745	1044	0
746	1044	0
747	1044	0
748	1044	0
749	1044	0
750	1044	1
751	1044	0
752	1044	1
753	1044	0
754	1044	0
755	1044	0
756	1044	0
757	1044	0
758	1044	0
759	1044	0
760	1044	0
761	1044	0
762	1044	0
763	1044	0
764	1044	0
765	1044	0
766	1044	0
767	1044	0
768	1044	0
769	1044	0
770	1044	1
771	1044	0
772	1044	0
773	1044	0
774	1044	0
775	1044	0
776	1044	0
777	1044	0
778	1044	0
779	1044	1
780	1044	0
783	1044	0
784	1044	0
785	1044	0
786	1044	0
787	1044	0
788	1044	0
789	1044	0
790	1044	0
791	1044	0
794	1044	0
796	1044	0
797	1044	0
798	1044	0
799	1044	0
800	1044	0
801	1044	0
802	1044	0
803	1044	1
804	1044	0
806	1044	0
807	1044	0
808	1044	0
809	1044	0
810	1044	0
811	1044	0
814	1044	0
816	1044	0
817	1044	1
819	1044	0
820	1044	0
821	1044	0
824	1044	0
825	1044	0
827	1044	0
828	1044	0
830	1044	0
831	1044	0
832	1044	0
833	1044	0
834	1044	0
835	1044	0
836	1044	0
837	1044	1
839	1044	0
840	1044	1
841	1044	0
843	1044	0
844	1044	1
845	1044	0
846	1044	0
847	1044	0
848	1044	1
849	1044	0
850	1044	0
851	1044	0
852	1044	0
853	1044	0
854	1044	0
855	1044	0
856	1044	0
857	1044	0
858	1044	0
859	1044	0
860	1044	0
861	1044	0
862	1044	1
863	1044	0
864	1044	0
865	1044	0
866	1044	0
867	1044	0
868	1044	0
869	1044	0
870	1044	0
872	1044	0
873	1044	0
874	1044	0
875	1044	0
876	1044	0
877	1044	0
879	1044	0
880	1044	0
881	1044	0
882	1044	0
883	1044	0
884	1044	0
885	1044	0
886	1044	0
887	1044	0
888	1044	0
889	1044	0
890	1044	0
891	1044	0
892	1044	0
893	1044	0
894	1044	0
895	1044	0
896	1044	0
897	1044	0
898	1044	0
900	1044	0
901	1044	0
902	1044	0
903	1044	0
904	1044	0
905	1044	0
906	1044	0
907	1044	0
908	1044	0
909	1044	0
911	1044	0
912	1044	0
913	1044	0
914	1044	0
916	1044	0
917	1044	0
918	1044	0
919	1044	0
920	1044	0
921	1044	1
922	1044	0
923	1044	0
924	1044	0
925	1044	0
927	1044	0
928	1044	0
930	1044	0
931	1044	0
933	1044	1
934	1044	0
936	1044	0
937	1044	1
939	1044	0
940	1044	0
941	1044	0
942	1044	1
943	1044	0
944	1044	0
945	1044	0
946	1044	0
947	1044	0
949	1044	0
950	1044	0
952	1044	0
953	1044	0
954	1044	0
955	1044	0
956	1044	0
958	1044	0
961	1044	0
962	1044	0
963	1044	0
964	1044	0
965	1044	1
966	1044	1
967	1044	0
