8	1006	1
10	1006	0
13	1006	0
16	1006	0
18	1006	0
20	1006	0
21	1006	0
24	1006	0
31	1006	1
32	1006	1
33	1006	0
34	1006	0
36	1006	0
39	1006	0
42	1006	0
43	1006	0
44	1006	0
45	1006	0
47	1006	1
48	1006	0
49	1006	1
59	1006	0
61	1006	0
64	1006	0
67	1006	0
71	1006	0
76	1006	0
87	1006	0
93	1006	0
96	1006	0
98	1006	0
101	1006	0
106	1006	0
109	1006	0
112	1006	0
113	1006	0
117	1006	0
120	1006	0
121	1006	0
122	1006	0
125	1006	0
130	1006	0
131	1006	0
133	1006	0
134	1006	0
137	1006	0
138	1006	0
139	1006	0
140	1006	0
141	1006	0
142	1006	0
143	1006	0
144	1006	0
146	1006	0
147	1006	0
151	1006	1
152	1006	0
154	1006	0
156	1006	0
157	1006	0
159	1006	0
162	1006	0
163	1006	0
164	1006	0
168	1006	0
170	1006	0
171	1006	0
172	1006	0
174	1006	0
176	1006	0
182	1006	0
183	1006	0
184	1006	0
188	1006	1
190	1006	0
191	1006	0
192	1006	0
193	1006	0
194	1006	0
195	1006	0
196	1006	0
197	1006	0
201	1006	0
202	1006	0
203	1006	0
204	1006	0
205	1006	0
206	1006	0
207	1006	0
208	1006	0
210	1006	0
211	1006	0
214	1006	0
221	1006	1
222	1006	0
224	1006	0
225	1006	0
227	1006	0
228	1006	0
230	1006	0
232	1006	0
233	1006	0
234	1006	0
251	1006	0
252	1006	0
253	1006	0
255	1006	0
263	1006	0
269	1006	0
274	1006	0
275	1006	0
276	1006	0
282	1006	0
283	1006	1
289	1006	0
290	1006	0
296	1006	0
301	1006	0
310	1006	0
316	1006	0
328	1006	0
334	1006	0
336	1006	0
338	1006	0
339	1006	0
340	1006	0
341	1006	0
343	1006	0
358	1006	0
359	1006	0
360	1006	0
363	1006	0
364	1006	0
365	1006	0
367	1006	0
368	1006	0
370	1006	1
371	1006	0
372	1006	0
373	1006	0
375	1006	0
377	1006	0
378	1006	0
379	1006	0
380	1006	0
381	1006	0
382	1006	0
384	1006	0
385	1006	0
386	1006	1
390	1006	1
391	1006	0
393	1006	0
401	1006	0
402	1006	0
404	1006	0
405	1006	0
406	1006	0
420	1006	0
421	1006	0
422	1006	0
423	1006	0
424	1006	0
425	1006	0
426	1006	0
427	1006	1
428	1006	0
429	1006	0
430	1006	0
431	1006	0
432	1006	0
433	1006	0
435	1006	0
436	1006	0
443	1006	0
446	1006	0
448	1006	0
449	1006	1
450	1006	0
451	1006	0
453	1006	0
454	1006	0
455	1006	0
457	1006	0
458	1006	0
459	1006	0
461	1006	0
464	1006	0
465	1006	1
475	1006	0
476	1006	0
478	1006	0
486	1006	0
487	1006	0
489	1006	1
496	1006	1
497	1006	0
499	1006	0
500	1006	0
503	1006	0
505	1006	0
506	1006	0
508	1006	0
509	1006	0
510	1006	0
511	1006	0
512	1006	0
514	1006	1
515	1006	0
516	1006	0
517	1006	0
518	1006	0
519	1006	0
520	1006	0
521	1006	0
522	1006	0
523	1006	0
524	1006	0
525	1006	0
526	1006	0
527	1006	0
528	1006	0
529	1006	0
534	1006	0
536	1006	0
538	1006	0
540	1006	0
541	1006	0
542	1006	0
544	1006	0
549	1006	0
551	1006	0
554	1006	0
557	1006	0
561	1006	0
565	1006	0
566	1006	0
567	1006	0
568	1006	0
569	1006	0
573	1006	0
574	1006	0
584	1006	0
585	1006	0
588	1006	0
589	1006	0
592	1006	0
593	1006	0
595	1006	0
597	1006	0
607	1006	0
608	1006	0
612	1006	0
613	1006	1
616	1006	0
617	1006	0
620	1006	0
625	1006	0
626	1006	0
627	1006	1
630	1006	0
631	1006	0
633	1006	0
637	1006	0
640	1006	0
641	1006	0
642	1006	0
643	1006	1
644	1006	0
645	1006	0
646	1006	0
647	1006	0
648	1006	0
649	1006	0
650	1006	0
651	1006	0
652	1006	0
661	1006	0
662	1006	0
663	1006	0
664	1006	0
666	1006	0
667	1006	0
672	1006	0
673	1006	0
674	1006	0
683	1006	0
692	1006	0
693	1006	0
694	1006	0
713	1006	0
715	1006	0
718	1006	0
720	1006	0
721	1006	0
722	1006	0
728	1006	0
732	1006	0
737	1006	0
738	1006	0
741	1006	0
742	1006	0
743	1006	0
745	1006	0
747	1006	0
748	1006	0
749	1006	0
750	1006	0
754	1006	0
758	1006	0
761	1006	0
763	1006	0
767	1006	0
768	1006	0
769	1006	0
771	1006	0
772	1006	0
773	1006	0
774	1006	0
778	1006	0
780	1006	0
784	1006	0
786	1006	0
787	1006	0
796	1006	0
798	1006	0
799	1006	0
802	1006	0
803	1006	0
805	1006	0
808	1006	0
810	1006	0
824	1006	0
827	1006	0
828	1006	0
830	1006	1
831	1006	0
833	1006	1
834	1006	1
837	1006	1
839	1006	0
840	1006	0
855	1006	0
859	1006	0
862	1006	0
863	1006	0
870	1006	0
873	1006	0
874	1006	0
876	1006	0
877	1006	0
879	1006	1
880	1006	0
881	1006	0
882	1006	0
883	1006	0
885	1006	0
887	1006	0
888	1006	0
889	1006	0
890	1006	0
895	1006	0
900	1006	0
901	1006	0
904	1006	0
906	1006	0
911	1006	0
912	1006	0
913	1006	0
917	1006	1
923	1006	0
924	1006	0
928	1006	0
937	1006	0
943	1006	0
944	1006	0
947	1006	0
949	1006	0
952	1006	0
953	1006	0
954	1006	0
955	1006	0
956	1006	0
958	1006	0
963	1006	0
964	1006	0
965	1006	0
967	1006	1
