1	1224	0
2	1224	0
3	1224	0
4	1224	0
5	1224	1
6	1224	0
7	1224	0
8	1224	0
9	1224	0
10	1224	0
11	1224	0
12	1224	0
13	1224	0
14	1224	0
15	1224	0
16	1224	0
17	1224	0
18	1224	0
19	1224	0
20	1224	0
21	1224	0
22	1224	0
23	1224	0
24	1224	0
25	1224	1
26	1224	0
27	1224	0
29	1224	1
31	1224	0
32	1224	0
33	1224	0
34	1224	0
35	1224	0
36	1224	0
37	1224	0
39	1224	0
40	1224	1
41	1224	0
42	1224	1
43	1224	0
44	1224	0
45	1224	1
46	1224	0
47	1224	0
48	1224	0
49	1224	0
50	1224	0
51	1224	0
52	1224	0
53	1224	0
54	1224	1
55	1224	0
56	1224	1
58	1224	1
59	1224	0
60	1224	0
61	1224	1
62	1224	0
63	1224	0
64	1224	0
65	1224	0
66	1224	1
67	1224	0
68	1224	0
69	1224	0
70	1224	0
71	1224	0
72	1224	1
73	1224	1
74	1224	0
75	1224	0
77	1224	1
78	1224	1
79	1224	1
80	1224	1
81	1224	0
82	1224	0
83	1224	0
84	1224	0
85	1224	1
86	1224	1
87	1224	0
88	1224	0
89	1224	0
90	1224	0
91	1224	1
92	1224	1
93	1224	0
94	1224	0
95	1224	0
96	1224	0
97	1224	1
98	1224	0
99	1224	0
100	1224	1
101	1224	0
102	1224	0
103	1224	0
104	1224	0
105	1224	0
106	1224	0
107	1224	0
108	1224	0
109	1224	0
110	1224	0
111	1224	0
112	1224	0
113	1224	0
114	1224	0
115	1224	0
116	1224	0
117	1224	0
118	1224	0
119	1224	0
120	1224	0
121	1224	0
122	1224	0
123	1224	1
124	1224	0
125	1224	0
128	1224	0
129	1224	0
130	1224	0
131	1224	0
132	1224	0
133	1224	0
134	1224	0
135	1224	0
136	1224	0
137	1224	0
138	1224	0
139	1224	1
140	1224	0
141	1224	0
142	1224	0
143	1224	0
144	1224	0
145	1224	0
146	1224	0
147	1224	0
148	1224	0
150	1224	0
151	1224	0
152	1224	0
153	1224	0
154	1224	0
155	1224	0
156	1224	0
157	1224	0
158	1224	0
159	1224	0
161	1224	0
162	1224	0
163	1224	0
165	1224	1
166	1224	1
167	1224	1
168	1224	1
169	1224	1
170	1224	0
171	1224	0
172	1224	0
173	1224	0
174	1224	1
175	1224	0
177	1224	0
178	1224	1
179	1224	0
180	1224	0
181	1224	0
182	1224	0
183	1224	1
184	1224	0
185	1224	1
186	1224	0
187	1224	0
188	1224	0
189	1224	1
190	1224	0
191	1224	0
192	1224	0
193	1224	1
194	1224	0
195	1224	0
196	1224	1
197	1224	0
198	1224	1
199	1224	0
200	1224	0
201	1224	1
202	1224	0
203	1224	0
204	1224	0
206	1224	0
207	1224	0
208	1224	0
209	1224	0
210	1224	0
211	1224	0
212	1224	0
213	1224	1
214	1224	0
215	1224	0
216	1224	0
217	1224	0
218	1224	0
219	1224	0
220	1224	0
221	1224	0
222	1224	0
223	1224	0
224	1224	0
226	1224	0
227	1224	0
228	1224	0
230	1224	0
231	1224	0
232	1224	0
233	1224	0
234	1224	0
235	1224	0
236	1224	0
237	1224	0
238	1224	0
239	1224	0
240	1224	0
241	1224	0
242	1224	0
243	1224	0
244	1224	0
245	1224	0
246	1224	1
247	1224	1
248	1224	1
249	1224	0
250	1224	0
251	1224	0
252	1224	0
253	1224	0
254	1224	0
255	1224	0
256	1224	0
257	1224	0
258	1224	0
259	1224	1
260	1224	0
261	1224	1
262	1224	0
263	1224	0
264	1224	0
265	1224	1
266	1224	0
267	1224	0
268	1224	0
270	1224	0
271	1224	0
272	1224	1
273	1224	1
274	1224	0
275	1224	1
277	1224	0
278	1224	0
280	1224	0
281	1224	0
282	1224	0
283	1224	0
284	1224	0
285	1224	0
286	1224	0
287	1224	0
288	1224	0
289	1224	0
290	1224	0
291	1224	0
292	1224	0
293	1224	1
294	1224	1
295	1224	0
296	1224	0
297	1224	0
298	1224	0
300	1224	0
301	1224	0
302	1224	0
303	1224	0
304	1224	0
305	1224	0
306	1224	0
307	1224	0
308	1224	1
309	1224	1
310	1224	0
311	1224	1
312	1224	0
313	1224	0
314	1224	0
315	1224	0
316	1224	0
317	1224	0
318	1224	1
320	1224	0
321	1224	0
322	1224	0
323	1224	0
324	1224	0
325	1224	0
326	1224	0
327	1224	0
328	1224	0
329	1224	0
330	1224	0
331	1224	0
332	1224	0
333	1224	0
334	1224	0
336	1224	0
337	1224	0
338	1224	0
339	1224	0
340	1224	0
341	1224	0
342	1224	0
343	1224	0
344	1224	0
345	1224	0
346	1224	1
347	1224	0
348	1224	0
349	1224	0
350	1224	0
351	1224	1
352	1224	0
353	1224	1
355	1224	1
356	1224	1
357	1224	0
358	1224	0
359	1224	0
360	1224	0
361	1224	0
362	1224	0
363	1224	0
364	1224	0
365	1224	0
366	1224	0
367	1224	0
368	1224	0
369	1224	0
370	1224	0
371	1224	0
372	1224	0
373	1224	0
374	1224	0
375	1224	0
376	1224	0
377	1224	0
378	1224	0
379	1224	0
380	1224	0
381	1224	0
382	1224	0
383	1224	0
384	1224	0
385	1224	0
386	1224	0
388	1224	0
389	1224	0
391	1224	0
392	1224	0
393	1224	0
394	1224	0
395	1224	0
396	1224	1
397	1224	0
398	1224	0
399	1224	0
400	1224	0
401	1224	0
402	1224	0
403	1224	0
404	1224	0
405	1224	0
406	1224	0
407	1224	1
408	1224	0
410	1224	0
412	1224	1
413	1224	1
414	1224	1
415	1224	1
416	1224	0
417	1224	0
418	1224	0
419	1224	0
420	1224	0
421	1224	0
422	1224	0
423	1224	0
424	1224	0
425	1224	0
426	1224	1
427	1224	1
428	1224	0
429	1224	0
430	1224	0
431	1224	0
432	1224	0
433	1224	1
434	1224	0
435	1224	0
436	1224	0
437	1224	0
438	1224	0
439	1224	0
440	1224	0
441	1224	0
442	1224	0
443	1224	0
444	1224	0
446	1224	0
447	1224	0
448	1224	0
449	1224	0
450	1224	0
451	1224	0
452	1224	0
453	1224	0
454	1224	0
455	1224	0
456	1224	0
457	1224	0
458	1224	0
459	1224	0
460	1224	0
461	1224	0
462	1224	0
463	1224	0
464	1224	0
465	1224	0
466	1224	0
467	1224	0
468	1224	0
469	1224	1
470	1224	1
471	1224	0
472	1224	0
473	1224	0
474	1224	1
475	1224	0
476	1224	0
477	1224	1
478	1224	0
479	1224	0
480	1224	0
481	1224	0
482	1224	0
483	1224	0
484	1224	0
485	1224	1
486	1224	0
487	1224	0
488	1224	0
489	1224	0
490	1224	0
491	1224	0
493	1224	0
494	1224	0
495	1224	0
496	1224	0
497	1224	0
499	1224	0
500	1224	0
501	1224	0
502	1224	0
503	1224	0
504	1224	0
505	1224	0
506	1224	0
507	1224	0
508	1224	0
509	1224	0
510	1224	0
511	1224	0
512	1224	0
513	1224	0
514	1224	0
515	1224	0
516	1224	0
517	1224	0
518	1224	0
519	1224	0
520	1224	0
521	1224	0
522	1224	0
523	1224	1
524	1224	0
525	1224	0
526	1224	0
527	1224	0
529	1224	0
530	1224	0
531	1224	0
533	1224	0
534	1224	0
535	1224	0
536	1224	0
537	1224	0
538	1224	0
539	1224	0
540	1224	0
541	1224	0
542	1224	0
543	1224	0
544	1224	0
545	1224	0
546	1224	0
547	1224	1
548	1224	0
549	1224	0
550	1224	1
551	1224	1
553	1224	0
554	1224	1
555	1224	0
556	1224	1
557	1224	0
558	1224	0
560	1224	0
561	1224	0
562	1224	1
563	1224	0
564	1224	0
565	1224	0
566	1224	0
567	1224	0
568	1224	0
569	1224	0
570	1224	0
571	1224	0
572	1224	0
574	1224	1
575	1224	0
576	1224	0
577	1224	0
578	1224	0
579	1224	0
581	1224	0
582	1224	0
583	1224	0
584	1224	0
585	1224	0
586	1224	0
587	1224	1
588	1224	0
589	1224	0
590	1224	1
591	1224	0
593	1224	0
595	1224	0
596	1224	0
597	1224	0
598	1224	0
599	1224	0
600	1224	0
601	1224	0
602	1224	0
604	1224	1
605	1224	1
606	1224	0
607	1224	0
608	1224	0
609	1224	1
611	1224	0
612	1224	0
614	1224	0
615	1224	0
616	1224	0
617	1224	0
618	1224	0
619	1224	0
621	1224	0
622	1224	0
624	1224	0
625	1224	0
626	1224	0
627	1224	0
628	1224	0
630	1224	1
632	1224	0
633	1224	0
634	1224	0
635	1224	0
636	1224	0
637	1224	0
638	1224	0
639	1224	1
640	1224	0
641	1224	0
642	1224	0
645	1224	0
646	1224	0
647	1224	0
648	1224	0
649	1224	1
651	1224	0
652	1224	0
653	1224	1
654	1224	1
655	1224	0
656	1224	0
657	1224	0
658	1224	0
659	1224	0
660	1224	0
661	1224	0
662	1224	0
663	1224	0
664	1224	0
666	1224	0
667	1224	1
668	1224	0
669	1224	1
670	1224	1
671	1224	0
672	1224	0
673	1224	0
674	1224	0
675	1224	1
676	1224	0
677	1224	0
678	1224	0
679	1224	0
680	1224	0
681	1224	1
682	1224	0
683	1224	0
684	1224	0
685	1224	0
686	1224	1
687	1224	0
688	1224	0
689	1224	1
690	1224	1
691	1224	0
692	1224	0
693	1224	0
694	1224	0
696	1224	0
697	1224	0
698	1224	0
699	1224	0
701	1224	0
702	1224	0
704	1224	0
705	1224	1
706	1224	0
707	1224	0
708	1224	0
709	1224	1
710	1224	1
711	1224	1
712	1224	0
713	1224	0
714	1224	0
715	1224	0
716	1224	0
717	1224	0
718	1224	0
719	1224	0
720	1224	0
721	1224	0
722	1224	0
723	1224	1
724	1224	0
725	1224	0
726	1224	1
727	1224	1
728	1224	0
729	1224	0
730	1224	0
731	1224	0
732	1224	0
733	1224	0
734	1224	0
735	1224	0
736	1224	1
737	1224	0
738	1224	0
739	1224	0
740	1224	0
741	1224	0
742	1224	0
743	1224	0
744	1224	1
745	1224	0
746	1224	0
747	1224	0
748	1224	0
749	1224	0
750	1224	0
751	1224	0
752	1224	0
753	1224	0
754	1224	0
755	1224	0
756	1224	1
757	1224	1
758	1224	0
759	1224	0
760	1224	0
761	1224	1
762	1224	1
764	1224	1
765	1224	1
766	1224	1
767	1224	0
768	1224	0
769	1224	0
770	1224	0
771	1224	0
772	1224	0
773	1224	0
775	1224	0
776	1224	0
777	1224	0
778	1224	0
779	1224	0
780	1224	0
781	1224	1
782	1224	0
783	1224	0
784	1224	0
785	1224	0
786	1224	0
787	1224	0
788	1224	0
789	1224	0
790	1224	0
791	1224	0
792	1224	0
793	1224	0
794	1224	1
795	1224	0
796	1224	0
797	1224	0
798	1224	1
799	1224	0
800	1224	0
801	1224	0
802	1224	0
803	1224	0
804	1224	0
805	1224	0
806	1224	0
807	1224	0
808	1224	0
809	1224	0
810	1224	0
811	1224	1
812	1224	0
814	1224	0
816	1224	0
817	1224	0
818	1224	0
819	1224	0
820	1224	0
822	1224	0
823	1224	0
824	1224	0
825	1224	0
826	1224	0
827	1224	0
829	1224	0
830	1224	0
831	1224	0
832	1224	1
833	1224	0
834	1224	0
835	1224	0
836	1224	0
838	1224	0
839	1224	0
840	1224	0
841	1224	0
842	1224	1
843	1224	0
844	1224	1
845	1224	0
846	1224	1
847	1224	1
848	1224	0
849	1224	0
850	1224	0
851	1224	1
852	1224	1
853	1224	0
854	1224	0
855	1224	0
856	1224	0
857	1224	0
858	1224	0
859	1224	0
860	1224	0
861	1224	0
862	1224	1
863	1224	0
864	1224	0
865	1224	0
866	1224	1
867	1224	0
868	1224	0
869	1224	0
870	1224	0
871	1224	0
872	1224	0
873	1224	1
874	1224	0
875	1224	0
876	1224	1
877	1224	1
878	1224	1
880	1224	0
881	1224	0
882	1224	0
883	1224	0
884	1224	0
885	1224	0
886	1224	1
887	1224	0
888	1224	0
889	1224	0
890	1224	1
891	1224	1
892	1224	0
893	1224	0
894	1224	0
895	1224	0
896	1224	0
897	1224	0
898	1224	0
899	1224	0
900	1224	0
901	1224	1
902	1224	0
903	1224	0
904	1224	0
905	1224	0
907	1224	1
908	1224	0
909	1224	0
910	1224	1
911	1224	0
912	1224	0
913	1224	0
915	1224	0
916	1224	0
917	1224	0
918	1224	0
919	1224	0
920	1224	0
921	1224	0
922	1224	0
923	1224	0
924	1224	0
925	1224	0
926	1224	0
927	1224	0
928	1224	0
929	1224	1
930	1224	1
931	1224	0
933	1224	1
935	1224	0
936	1224	0
937	1224	0
939	1224	0
940	1224	0
941	1224	0
942	1224	0
943	1224	0
944	1224	0
945	1224	0
946	1224	0
947	1224	0
948	1224	0
949	1224	0
953	1224	0
954	1224	0
955	1224	0
957	1224	0
958	1224	0
959	1224	0
960	1224	0
961	1224	0
962	1224	0
963	1224	0
964	1224	0
965	1224	0
966	1224	0
967	1224	0
