8	974	1
10	974	1
13	974	0
16	974	0
18	974	1
20	974	0
21	974	0
24	974	0
31	974	1
32	974	0
33	974	0
34	974	0
36	974	1
39	974	1
42	974	1
43	974	0
44	974	0
45	974	0
47	974	0
48	974	0
49	974	0
59	974	1
61	974	0
64	974	1
67	974	0
71	974	0
76	974	0
87	974	0
93	974	0
96	974	0
98	974	0
101	974	0
106	974	0
109	974	1
112	974	0
113	974	0
117	974	0
120	974	0
121	974	0
122	974	1
125	974	0
130	974	0
131	974	0
133	974	0
137	974	0
138	974	1
139	974	0
140	974	1
141	974	0
142	974	0
143	974	0
144	974	0
146	974	0
147	974	0
151	974	1
152	974	0
154	974	1
156	974	0
157	974	0
159	974	0
162	974	0
163	974	0
164	974	1
168	974	0
170	974	0
171	974	1
172	974	0
174	974	0
176	974	0
182	974	0
183	974	0
184	974	0
188	974	1
190	974	0
191	974	0
192	974	0
193	974	0
194	974	0
195	974	0
196	974	0
197	974	0
201	974	0
202	974	1
203	974	0
204	974	0
205	974	0
206	974	0
207	974	0
208	974	0
210	974	0
211	974	0
214	974	0
221	974	1
222	974	0
224	974	0
225	974	0
227	974	0
228	974	1
230	974	0
232	974	0
233	974	0
234	974	0
251	974	0
252	974	0
253	974	0
255	974	1
263	974	0
269	974	0
274	974	0
275	974	0
276	974	0
282	974	0
283	974	0
289	974	0
290	974	0
296	974	0
301	974	0
310	974	0
316	974	0
328	974	1
334	974	0
336	974	0
338	974	0
339	974	1
340	974	0
341	974	1
343	974	0
358	974	0
359	974	0
360	974	0
363	974	0
364	974	0
365	974	0
367	974	0
368	974	0
370	974	1
371	974	1
372	974	1
373	974	0
375	974	0
377	974	1
378	974	1
379	974	0
380	974	0
381	974	0
382	974	0
384	974	0
385	974	0
386	974	0
390	974	0
391	974	0
393	974	0
401	974	0
402	974	1
404	974	1
405	974	0
406	974	0
420	974	0
421	974	1
422	974	0
423	974	0
424	974	1
425	974	0
426	974	0
427	974	0
428	974	0
429	974	0
430	974	0
431	974	0
432	974	0
433	974	0
435	974	0
436	974	0
443	974	0
446	974	0
448	974	1
449	974	0
450	974	0
451	974	0
453	974	0
454	974	1
455	974	0
457	974	0
458	974	0
459	974	0
461	974	0
464	974	0
465	974	1
475	974	0
476	974	0
478	974	0
486	974	0
487	974	0
489	974	1
496	974	1
497	974	0
499	974	0
500	974	0
503	974	1
505	974	0
508	974	0
509	974	0
510	974	0
511	974	0
512	974	0
514	974	0
515	974	0
516	974	0
517	974	0
518	974	1
519	974	1
520	974	1
521	974	0
522	974	0
523	974	0
524	974	0
525	974	0
526	974	0
527	974	0
528	974	0
529	974	0
534	974	0
536	974	0
538	974	0
540	974	0
541	974	0
542	974	0
544	974	0
549	974	0
551	974	0
554	974	0
557	974	0
561	974	0
565	974	0
566	974	0
567	974	0
568	974	0
569	974	0
573	974	0
574	974	0
584	974	0
585	974	0
588	974	0
589	974	0
592	974	0
593	974	0
595	974	0
597	974	0
607	974	0
608	974	0
612	974	0
613	974	0
616	974	0
617	974	0
620	974	0
625	974	0
626	974	0
627	974	0
630	974	0
631	974	0
633	974	0
637	974	0
640	974	0
641	974	0
642	974	0
643	974	0
644	974	0
645	974	0
646	974	0
647	974	1
648	974	1
649	974	0
650	974	0
651	974	1
652	974	1
661	974	1
662	974	0
663	974	0
664	974	0
666	974	0
667	974	0
672	974	0
673	974	0
674	974	1
683	974	0
692	974	0
693	974	0
694	974	1
713	974	1
715	974	0
718	974	0
720	974	0
721	974	0
722	974	0
728	974	0
732	974	0
737	974	0
738	974	0
741	974	0
742	974	0
743	974	0
745	974	0
747	974	1
748	974	1
749	974	0
750	974	1
754	974	0
758	974	0
761	974	0
763	974	0
767	974	0
768	974	0
769	974	0
771	974	1
772	974	0
773	974	0
774	974	0
778	974	0
780	974	0
784	974	0
786	974	0
787	974	0
796	974	0
798	974	0
799	974	0
802	974	0
803	974	0
805	974	0
808	974	0
810	974	0
824	974	0
827	974	0
828	974	0
830	974	0
831	974	1
833	974	1
834	974	0
837	974	0
839	974	0
840	974	0
855	974	0
859	974	0
862	974	0
863	974	0
870	974	0
873	974	0
874	974	0
876	974	0
877	974	0
879	974	0
880	974	0
881	974	0
882	974	0
883	974	0
885	974	0
887	974	0
888	974	0
889	974	0
890	974	0
895	974	0
900	974	0
901	974	0
904	974	0
906	974	0
911	974	0
912	974	1
913	974	0
917	974	1
923	974	0
924	974	0
928	974	0
937	974	0
943	974	0
944	974	0
947	974	0
949	974	0
952	974	0
953	974	0
954	974	0
955	974	0
956	974	0
958	974	0
963	974	0
964	974	0
965	974	1
967	974	0
