8	991	1
10	991	0
13	991	0
16	991	0
18	991	0
20	991	0
21	991	0
24	991	0
27	991	0
31	991	1
32	991	1
33	991	0
34	991	0
36	991	0
39	991	0
42	991	0
43	991	0
44	991	0
45	991	0
47	991	1
48	991	0
49	991	0
59	991	0
61	991	0
64	991	0
67	991	0
71	991	0
76	991	0
87	991	0
96	991	0
98	991	0
101	991	0
106	991	0
109	991	0
112	991	0
113	991	0
117	991	0
120	991	0
121	991	0
122	991	0
125	991	0
130	991	0
131	991	0
133	991	0
134	991	0
137	991	0
138	991	0
139	991	0
140	991	0
141	991	0
142	991	0
143	991	0
146	991	0
151	991	0
152	991	0
154	991	0
156	991	0
157	991	0
159	991	0
162	991	0
163	991	0
164	991	0
168	991	0
170	991	0
171	991	0
172	991	0
174	991	0
181	991	0
182	991	0
183	991	0
184	991	0
188	991	0
190	991	0
191	991	0
192	991	0
193	991	0
194	991	0
195	991	0
196	991	0
197	991	1
201	991	0
202	991	0
203	991	0
204	991	0
205	991	0
206	991	0
207	991	0
208	991	0
210	991	0
211	991	0
214	991	0
221	991	0
222	991	0
224	991	0
225	991	0
227	991	1
228	991	1
230	991	0
232	991	0
233	991	1
234	991	0
251	991	0
252	991	0
253	991	0
255	991	0
263	991	0
269	991	0
274	991	0
275	991	0
279	991	0
282	991	0
283	991	0
289	991	0
290	991	0
296	991	0
301	991	0
310	991	0
316	991	0
328	991	0
329	991	0
334	991	0
336	991	0
338	991	0
339	991	0
340	991	0
341	991	0
343	991	0
358	991	0
359	991	0
360	991	0
361	991	0
364	991	0
365	991	0
367	991	0
368	991	0
370	991	1
371	991	0
372	991	0
373	991	1
374	991	1
375	991	0
377	991	0
378	991	1
379	991	0
380	991	0
381	991	0
382	991	0
383	991	0
384	991	0
385	991	1
386	991	0
390	991	0
391	991	0
393	991	0
395	991	0
401	991	0
402	991	0
404	991	0
405	991	0
406	991	0
420	991	0
421	991	0
422	991	0
423	991	0
424	991	0
425	991	0
426	991	0
427	991	0
428	991	0
429	991	0
430	991	0
431	991	0
432	991	0
433	991	0
435	991	1
436	991	0
443	991	0
446	991	1
448	991	0
449	991	0
450	991	0
451	991	0
453	991	1
454	991	0
455	991	0
457	991	0
458	991	0
459	991	0
461	991	1
464	991	0
465	991	0
475	991	0
476	991	0
478	991	0
486	991	0
487	991	0
489	991	0
496	991	1
497	991	0
499	991	0
500	991	0
503	991	0
505	991	0
506	991	0
508	991	0
509	991	0
510	991	0
511	991	0
512	991	0
514	991	0
515	991	1
516	991	0
517	991	0
518	991	0
519	991	0
520	991	1
521	991	0
522	991	0
524	991	0
525	991	0
526	991	0
527	991	0
528	991	0
529	991	0
534	991	0
536	991	0
538	991	0
540	991	0
541	991	0
542	991	0
544	991	0
549	991	0
551	991	1
554	991	0
557	991	0
561	991	0
565	991	0
566	991	0
567	991	0
568	991	0
569	991	0
573	991	1
574	991	0
584	991	0
585	991	0
588	991	0
589	991	0
592	991	0
595	991	0
597	991	0
607	991	0
608	991	0
612	991	0
613	991	0
616	991	0
617	991	0
620	991	0
625	991	0
626	991	0
627	991	0
630	991	0
631	991	0
633	991	0
637	991	0
640	991	0
641	991	0
642	991	0
643	991	0
644	991	0
645	991	0
646	991	0
647	991	0
648	991	0
649	991	0
650	991	0
651	991	0
652	991	0
661	991	0
662	991	0
663	991	0
664	991	0
666	991	0
667	991	0
672	991	0
673	991	0
674	991	0
683	991	0
692	991	0
693	991	0
713	991	0
715	991	0
718	991	1
720	991	0
721	991	0
728	991	0
732	991	0
737	991	0
738	991	0
741	991	1
742	991	0
743	991	0
745	991	0
747	991	0
748	991	1
749	991	0
750	991	0
754	991	0
758	991	0
761	991	0
763	991	0
767	991	0
768	991	0
769	991	0
771	991	0
772	991	0
773	991	0
774	991	0
778	991	0
780	991	0
784	991	0
786	991	0
787	991	0
796	991	0
798	991	0
799	991	0
802	991	0
803	991	0
805	991	0
808	991	0
810	991	0
824	991	0
825	991	1
827	991	0
828	991	0
830	991	0
831	991	0
833	991	0
834	991	1
837	991	0
839	991	0
840	991	0
855	991	0
859	991	0
862	991	0
863	991	0
864	991	0
870	991	0
873	991	0
874	991	0
875	991	0
876	991	0
877	991	1
879	991	0
880	991	0
881	991	0
882	991	1
883	991	0
885	991	0
886	991	0
887	991	0
888	991	0
890	991	0
895	991	0
900	991	0
901	991	0
904	991	0
911	991	0
913	991	0
917	991	0
923	991	0
924	991	0
928	991	0
937	991	1
943	991	0
944	991	0
947	991	0
949	991	0
952	991	0
953	991	0
954	991	0
955	991	0
956	991	0
958	991	0
963	991	0
964	991	0
965	991	0
967	991	0
