8	986	1
10	986	0
13	986	1
16	986	0
18	986	1
20	986	0
21	986	0
24	986	0
27	986	0
31	986	0
32	986	0
33	986	0
34	986	0
36	986	0
39	986	0
42	986	0
43	986	0
44	986	0
45	986	0
47	986	0
48	986	0
49	986	0
59	986	1
61	986	0
64	986	0
67	986	0
71	986	0
76	986	0
87	986	0
93	986	0
96	986	0
98	986	0
101	986	0
106	986	0
109	986	0
112	986	0
113	986	0
117	986	0
120	986	0
121	986	0
122	986	0
125	986	0
130	986	0
131	986	0
133	986	0
134	986	0
137	986	0
138	986	0
139	986	0
140	986	0
141	986	0
142	986	0
143	986	0
146	986	0
151	986	0
152	986	0
154	986	1
156	986	0
157	986	0
159	986	0
162	986	0
163	986	0
164	986	0
168	986	0
170	986	0
171	986	0
172	986	0
174	986	0
181	986	0
182	986	0
183	986	0
184	986	0
188	986	0
190	986	0
191	986	0
192	986	0
193	986	0
194	986	0
195	986	1
196	986	0
197	986	0
201	986	1
202	986	0
203	986	0
204	986	0
205	986	0
206	986	0
207	986	0
208	986	0
210	986	0
211	986	0
214	986	0
221	986	1
222	986	0
224	986	0
225	986	0
227	986	0
228	986	0
230	986	0
232	986	0
233	986	0
234	986	0
251	986	0
252	986	0
253	986	0
255	986	0
263	986	0
269	986	0
274	986	0
275	986	0
279	986	0
282	986	0
283	986	0
289	986	0
290	986	0
296	986	0
301	986	0
310	986	0
316	986	1
328	986	0
329	986	0
334	986	0
336	986	0
338	986	0
339	986	0
340	986	0
341	986	1
343	986	0
358	986	0
359	986	0
360	986	0
361	986	0
364	986	0
365	986	0
367	986	0
368	986	0
370	986	1
371	986	1
372	986	0
373	986	0
374	986	0
375	986	0
377	986	0
378	986	0
379	986	0
380	986	0
381	986	1
382	986	0
383	986	0
384	986	0
385	986	0
386	986	0
390	986	0
391	986	0
393	986	0
395	986	0
401	986	0
402	986	1
404	986	0
405	986	0
406	986	0
420	986	0
421	986	0
422	986	0
423	986	0
424	986	0
425	986	0
426	986	1
427	986	0
428	986	0
429	986	0
430	986	0
431	986	0
432	986	0
433	986	0
435	986	1
436	986	0
443	986	0
446	986	0
448	986	0
449	986	0
450	986	0
451	986	0
453	986	0
454	986	0
455	986	0
457	986	0
458	986	0
459	986	0
461	986	0
464	986	0
465	986	0
475	986	0
476	986	0
478	986	0
486	986	0
487	986	0
489	986	0
496	986	0
497	986	0
499	986	0
500	986	0
503	986	0
505	986	1
508	986	0
509	986	0
510	986	0
511	986	0
512	986	0
514	986	0
515	986	0
516	986	0
517	986	0
518	986	0
519	986	0
520	986	0
521	986	0
522	986	0
524	986	0
525	986	0
526	986	0
527	986	0
528	986	0
529	986	0
534	986	0
536	986	0
538	986	0
540	986	0
541	986	0
542	986	0
544	986	0
549	986	0
551	986	0
554	986	0
557	986	0
561	986	0
565	986	0
566	986	0
567	986	0
568	986	0
569	986	0
573	986	0
574	986	0
584	986	0
585	986	0
588	986	0
589	986	0
592	986	0
595	986	0
597	986	0
607	986	0
608	986	0
612	986	0
613	986	0
616	986	0
617	986	0
620	986	0
625	986	0
626	986	0
627	986	0
630	986	0
631	986	0
633	986	0
637	986	0
640	986	0
641	986	0
642	986	0
643	986	0
644	986	0
645	986	0
646	986	0
647	986	1
648	986	0
649	986	0
650	986	1
651	986	0
652	986	0
661	986	0
662	986	0
663	986	0
664	986	0
666	986	0
667	986	0
672	986	0
673	986	0
674	986	0
683	986	0
692	986	0
693	986	0
694	986	1
713	986	0
715	986	0
718	986	1
720	986	0
721	986	0
728	986	0
732	986	0
737	986	0
738	986	0
741	986	0
742	986	0
743	986	0
745	986	0
747	986	0
748	986	0
749	986	0
750	986	0
754	986	1
758	986	0
761	986	0
763	986	0
767	986	0
768	986	0
769	986	0
771	986	0
772	986	0
773	986	0
774	986	0
778	986	0
780	986	0
784	986	0
786	986	0
787	986	0
796	986	0
798	986	0
799	986	0
802	986	0
803	986	0
805	986	0
808	986	0
810	986	1
824	986	0
825	986	0
827	986	0
828	986	0
830	986	0
831	986	1
833	986	1
834	986	1
837	986	0
839	986	0
840	986	0
855	986	0
859	986	1
862	986	0
863	986	0
864	986	1
870	986	0
873	986	0
874	986	0
875	986	0
876	986	0
877	986	0
879	986	0
880	986	0
881	986	0
882	986	0
883	986	0
885	986	1
886	986	0
887	986	0
888	986	0
890	986	0
895	986	0
900	986	0
901	986	0
904	986	0
911	986	0
913	986	0
917	986	0
923	986	0
924	986	0
928	986	0
937	986	0
943	986	0
944	986	0
947	986	0
949	986	0
952	986	0
953	986	0
954	986	0
955	986	0
956	986	0
958	986	0
963	986	0
964	986	0
965	986	1
967	986	1
