0	1050	0
1	1050	0
2	1050	0
3	1050	1
4	1050	0
5	1050	0
6	1050	0
7	1050	0
8	1050	0
9	1050	0
10	1050	0
11	1050	0
12	1050	0
13	1050	0
14	1050	1
15	1050	0
16	1050	0
17	1050	0
18	1050	0
19	1050	0
20	1050	0
21	1050	0
22	1050	1
23	1050	0
24	1050	0
26	1050	0
27	1050	1
28	1050	0
29	1050	0
30	1050	0
31	1050	0
32	1050	1
33	1050	0
34	1050	0
35	1050	1
36	1050	0
37	1050	0
38	1050	0
39	1050	0
40	1050	0
42	1050	0
43	1050	0
44	1050	0
45	1050	0
46	1050	0
47	1050	0
48	1050	0
49	1050	0
50	1050	0
51	1050	0
52	1050	0
53	1050	0
54	1050	0
55	1050	0
56	1050	0
57	1050	0
58	1050	0
59	1050	0
60	1050	0
61	1050	0
62	1050	0
64	1050	0
65	1050	0
66	1050	0
67	1050	0
68	1050	0
69	1050	0
70	1050	0
71	1050	0
72	1050	0
73	1050	0
74	1050	0
75	1050	0
76	1050	0
77	1050	0
78	1050	0
79	1050	0
80	1050	0
81	1050	0
82	1050	0
83	1050	0
84	1050	0
85	1050	0
86	1050	0
87	1050	0
88	1050	0
89	1050	0
90	1050	0
91	1050	0
92	1050	0
93	1050	0
94	1050	1
95	1050	0
96	1050	0
97	1050	0
98	1050	1
99	1050	0
100	1050	0
101	1050	0
102	1050	0
103	1050	0
104	1050	0
105	1050	0
106	1050	0
109	1050	0
111	1050	0
112	1050	0
113	1050	0
114	1050	0
115	1050	0
116	1050	0
117	1050	0
118	1050	0
119	1050	0
120	1050	0
121	1050	0
122	1050	0
123	1050	0
124	1050	0
125	1050	0
130	1050	0
131	1050	0
132	1050	0
133	1050	0
134	1050	0
136	1050	0
137	1050	0
138	1050	0
139	1050	0
141	1050	0
142	1050	0
144	1050	0
146	1050	0
147	1050	0
149	1050	0
150	1050	1
151	1050	1
152	1050	0
153	1050	0
154	1050	0
155	1050	0
156	1050	0
157	1050	0
158	1050	1
159	1050	0
160	1050	0
161	1050	0
162	1050	0
163	1050	0
164	1050	0
165	1050	0
166	1050	0
168	1050	0
169	1050	0
170	1050	0
171	1050	0
172	1050	1
173	1050	0
174	1050	0
175	1050	0
177	1050	1
178	1050	1
179	1050	0
180	1050	0
181	1050	0
182	1050	0
183	1050	0
184	1050	0
187	1050	0
188	1050	1
189	1050	0
190	1050	0
191	1050	0
192	1050	0
193	1050	0
194	1050	0
195	1050	0
196	1050	0
197	1050	0
200	1050	1
201	1050	0
202	1050	0
203	1050	0
204	1050	0
206	1050	0
207	1050	0
208	1050	0
210	1050	0
211	1050	0
212	1050	0
213	1050	0
214	1050	0
216	1050	0
217	1050	0
218	1050	1
219	1050	1
220	1050	1
222	1050	0
223	1050	1
224	1050	1
225	1050	0
226	1050	0
227	1050	1
228	1050	1
229	1050	0
230	1050	0
231	1050	0
232	1050	0
233	1050	0
234	1050	1
235	1050	0
236	1050	0
237	1050	0
238	1050	0
239	1050	1
240	1050	0
241	1050	0
242	1050	0
244	1050	0
245	1050	0
246	1050	0
247	1050	0
248	1050	0
249	1050	1
250	1050	0
251	1050	0
252	1050	0
253	1050	0
254	1050	0
255	1050	0
256	1050	0
258	1050	0
259	1050	0
260	1050	0
261	1050	0
262	1050	0
263	1050	0
264	1050	1
265	1050	0
266	1050	0
267	1050	0
268	1050	0
269	1050	0
270	1050	0
271	1050	0
272	1050	0
273	1050	0
274	1050	0
275	1050	0
276	1050	0
277	1050	0
278	1050	0
279	1050	0
280	1050	0
281	1050	0
282	1050	0
283	1050	0
284	1050	0
285	1050	0
286	1050	1
288	1050	0
289	1050	0
290	1050	0
291	1050	1
292	1050	1
293	1050	0
294	1050	0
295	1050	0
296	1050	0
297	1050	0
299	1050	0
300	1050	0
301	1050	0
302	1050	0
303	1050	0
304	1050	0
306	1050	0
307	1050	1
308	1050	0
309	1050	0
310	1050	0
311	1050	0
312	1050	0
313	1050	0
314	1050	0
315	1050	0
316	1050	0
317	1050	0
318	1050	0
319	1050	1
320	1050	0
321	1050	0
322	1050	0
323	1050	1
324	1050	0
325	1050	0
326	1050	0
327	1050	0
328	1050	1
329	1050	0
330	1050	0
331	1050	0
333	1050	0
334	1050	0
335	1050	0
336	1050	0
337	1050	0
338	1050	0
339	1050	0
340	1050	0
341	1050	0
342	1050	1
343	1050	0
344	1050	0
346	1050	1
347	1050	0
348	1050	1
349	1050	0
350	1050	1
354	1050	0
355	1050	0
356	1050	0
357	1050	0
358	1050	0
359	1050	0
360	1050	0
361	1050	0
363	1050	0
364	1050	0
365	1050	0
366	1050	0
367	1050	0
368	1050	0
370	1050	1
371	1050	0
372	1050	0
373	1050	0
374	1050	0
377	1050	0
378	1050	0
379	1050	0
380	1050	1
381	1050	1
382	1050	0
383	1050	0
384	1050	0
385	1050	0
386	1050	0
387	1050	0
388	1050	0
390	1050	0
391	1050	0
393	1050	0
394	1050	0
395	1050	0
396	1050	0
397	1050	0
398	1050	0
399	1050	0
400	1050	0
401	1050	0
402	1050	0
403	1050	0
404	1050	1
405	1050	0
406	1050	0
408	1050	0
409	1050	0
410	1050	0
411	1050	0
412	1050	0
413	1050	0
414	1050	0
415	1050	0
416	1050	0
417	1050	0
418	1050	0
419	1050	0
420	1050	0
421	1050	0
422	1050	0
423	1050	0
424	1050	0
425	1050	0
426	1050	1
427	1050	0
428	1050	0
429	1050	0
430	1050	0
431	1050	0
432	1050	1
433	1050	0
434	1050	0
435	1050	0
436	1050	0
437	1050	1
438	1050	0
439	1050	1
440	1050	0
441	1050	0
442	1050	0
443	1050	0
444	1050	0
445	1050	0
446	1050	0
447	1050	0
448	1050	0
449	1050	0
450	1050	0
451	1050	0
452	1050	0
453	1050	0
454	1050	0
455	1050	0
456	1050	0
457	1050	0
458	1050	0
459	1050	0
460	1050	0
461	1050	0
462	1050	1
463	1050	0
464	1050	0
465	1050	0
466	1050	0
467	1050	0
468	1050	0
469	1050	0
470	1050	0
471	1050	0
472	1050	0
473	1050	0
474	1050	0
475	1050	0
476	1050	0
477	1050	0
478	1050	0
480	1050	0
481	1050	0
482	1050	0
483	1050	0
484	1050	1
485	1050	0
486	1050	0
487	1050	0
489	1050	0
490	1050	1
491	1050	0
492	1050	0
493	1050	0
495	1050	1
496	1050	0
497	1050	0
499	1050	0
500	1050	0
501	1050	0
502	1050	0
503	1050	1
505	1050	0
508	1050	0
509	1050	0
510	1050	1
511	1050	0
512	1050	0
513	1050	0
514	1050	1
515	1050	0
516	1050	0
517	1050	0
518	1050	0
519	1050	0
520	1050	0
521	1050	0
522	1050	0
523	1050	0
524	1050	0
525	1050	0
527	1050	0
528	1050	0
529	1050	1
533	1050	0
534	1050	0
536	1050	0
537	1050	0
538	1050	0
540	1050	0
541	1050	0
542	1050	0
543	1050	0
544	1050	0
546	1050	0
547	1050	0
548	1050	0
549	1050	0
550	1050	0
551	1050	0
553	1050	0
554	1050	0
555	1050	0
556	1050	0
557	1050	0
558	1050	0
559	1050	0
560	1050	0
561	1050	0
562	1050	0
563	1050	0
564	1050	0
565	1050	0
566	1050	0
567	1050	0
568	1050	0
569	1050	0
570	1050	0
571	1050	0
572	1050	0
573	1050	0
574	1050	0
575	1050	0
576	1050	0
577	1050	0
578	1050	0
579	1050	0
580	1050	0
582	1050	0
583	1050	0
584	1050	0
585	1050	0
586	1050	0
587	1050	0
588	1050	0
589	1050	0
590	1050	0
592	1050	0
593	1050	0
594	1050	0
595	1050	0
596	1050	0
597	1050	0
598	1050	1
599	1050	0
600	1050	0
601	1050	0
602	1050	0
604	1050	0
605	1050	0
606	1050	0
607	1050	0
608	1050	0
609	1050	0
611	1050	0
612	1050	0
613	1050	0
614	1050	1
615	1050	0
616	1050	0
617	1050	0
618	1050	0
620	1050	0
621	1050	0
622	1050	0
624	1050	0
625	1050	0
626	1050	1
627	1050	0
628	1050	0
630	1050	0
631	1050	0
632	1050	0
633	1050	0
635	1050	0
636	1050	0
637	1050	0
640	1050	0
641	1050	0
642	1050	0
643	1050	0
644	1050	0
645	1050	0
646	1050	1
647	1050	0
648	1050	0
649	1050	0
650	1050	1
651	1050	0
652	1050	0
653	1050	0
654	1050	0
655	1050	1
658	1050	0
659	1050	0
661	1050	0
662	1050	0
663	1050	0
664	1050	0
666	1050	0
667	1050	1
669	1050	0
670	1050	0
671	1050	0
672	1050	0
673	1050	0
674	1050	0
675	1050	0
676	1050	0
680	1050	0
682	1050	0
683	1050	0
684	1050	0
685	1050	0
686	1050	0
688	1050	0
689	1050	0
690	1050	0
691	1050	0
692	1050	0
693	1050	0
694	1050	0
695	1050	0
696	1050	0
697	1050	0
698	1050	0
699	1050	0
700	1050	0
701	1050	0
702	1050	0
703	1050	0
704	1050	0
705	1050	0
706	1050	0
707	1050	0
708	1050	0
709	1050	0
710	1050	0
711	1050	0
713	1050	0
714	1050	0
715	1050	0
716	1050	0
717	1050	0
718	1050	0
720	1050	0
721	1050	0
722	1050	0
728	1050	0
730	1050	0
731	1050	0
732	1050	0
733	1050	0
734	1050	0
735	1050	0
736	1050	0
737	1050	0
738	1050	0
739	1050	0
740	1050	0
741	1050	0
742	1050	0
744	1050	0
745	1050	0
746	1050	0
747	1050	0
748	1050	0
749	1050	0
750	1050	0
751	1050	1
752	1050	0
753	1050	0
754	1050	0
755	1050	0
756	1050	0
757	1050	0
758	1050	0
759	1050	1
760	1050	0
761	1050	0
762	1050	0
763	1050	0
764	1050	0
765	1050	0
766	1050	0
767	1050	0
768	1050	1
769	1050	0
770	1050	0
771	1050	0
772	1050	1
773	1050	0
774	1050	0
775	1050	0
776	1050	0
777	1050	0
778	1050	0
779	1050	0
780	1050	1
783	1050	0
784	1050	0
785	1050	1
786	1050	0
787	1050	0
788	1050	0
789	1050	0
790	1050	0
791	1050	0
794	1050	0
796	1050	0
797	1050	0
798	1050	1
799	1050	0
800	1050	1
801	1050	0
802	1050	0
803	1050	0
804	1050	0
806	1050	1
807	1050	0
808	1050	0
809	1050	0
810	1050	1
811	1050	1
814	1050	0
816	1050	0
817	1050	1
819	1050	0
820	1050	0
821	1050	0
824	1050	0
825	1050	0
827	1050	0
828	1050	0
830	1050	0
831	1050	0
832	1050	0
833	1050	1
834	1050	1
835	1050	0
836	1050	0
837	1050	0
839	1050	0
840	1050	0
841	1050	0
843	1050	1
844	1050	0
845	1050	0
846	1050	0
847	1050	0
848	1050	0
849	1050	1
850	1050	0
851	1050	0
852	1050	0
853	1050	0
854	1050	0
855	1050	1
856	1050	0
857	1050	0
858	1050	0
859	1050	0
860	1050	0
861	1050	0
862	1050	0
863	1050	0
864	1050	0
865	1050	0
866	1050	0
867	1050	0
868	1050	0
869	1050	0
870	1050	0
872	1050	0
873	1050	0
874	1050	0
875	1050	1
876	1050	0
877	1050	1
879	1050	0
880	1050	0
881	1050	0
882	1050	1
883	1050	0
884	1050	0
885	1050	0
886	1050	0
887	1050	0
888	1050	0
889	1050	0
890	1050	0
891	1050	1
892	1050	0
893	1050	0
894	1050	1
895	1050	0
896	1050	0
897	1050	0
898	1050	0
900	1050	0
901	1050	0
902	1050	0
903	1050	0
904	1050	0
905	1050	0
906	1050	0
907	1050	0
908	1050	0
909	1050	0
911	1050	0
912	1050	0
913	1050	0
914	1050	0
916	1050	0
917	1050	0
918	1050	1
919	1050	0
920	1050	0
921	1050	0
922	1050	0
923	1050	0
924	1050	0
925	1050	0
928	1050	0
930	1050	0
931	1050	1
933	1050	0
934	1050	0
936	1050	1
937	1050	0
939	1050	0
940	1050	1
941	1050	1
942	1050	1
943	1050	0
944	1050	0
945	1050	1
946	1050	0
947	1050	0
948	1050	0
949	1050	0
950	1050	1
952	1050	0
953	1050	0
954	1050	0
955	1050	0
956	1050	0
958	1050	0
961	1050	0
962	1050	0
963	1050	1
964	1050	0
965	1050	0
966	1050	1
967	1050	0
