0	1092	0
1	1092	0
2	1092	0
3	1092	0
4	1092	0
5	1092	0
6	1092	0
7	1092	0
8	1092	1
9	1092	0
10	1092	0
11	1092	0
12	1092	0
13	1092	0
14	1092	0
15	1092	0
16	1092	0
17	1092	0
18	1092	0
19	1092	0
20	1092	0
21	1092	0
22	1092	0
23	1092	0
24	1092	0
26	1092	0
28	1092	0
29	1092	0
30	1092	0
31	1092	1
32	1092	1
33	1092	0
34	1092	0
35	1092	0
36	1092	0
37	1092	0
38	1092	0
39	1092	0
40	1092	0
42	1092	0
43	1092	0
44	1092	0
45	1092	0
46	1092	0
47	1092	1
48	1092	0
49	1092	0
50	1092	0
51	1092	0
52	1092	0
53	1092	0
54	1092	0
55	1092	0
56	1092	0
57	1092	0
58	1092	0
59	1092	1
60	1092	0
61	1092	0
62	1092	0
64	1092	0
65	1092	0
66	1092	0
67	1092	0
68	1092	0
69	1092	0
70	1092	0
71	1092	1
72	1092	0
73	1092	0
74	1092	0
75	1092	0
76	1092	0
77	1092	0
78	1092	0
79	1092	0
80	1092	0
81	1092	0
82	1092	0
83	1092	0
84	1092	0
85	1092	0
86	1092	0
87	1092	0
88	1092	0
90	1092	0
91	1092	0
92	1092	0
93	1092	0
94	1092	0
95	1092	0
96	1092	1
97	1092	0
98	1092	0
99	1092	0
100	1092	0
101	1092	0
102	1092	1
103	1092	0
104	1092	0
105	1092	0
106	1092	0
109	1092	1
111	1092	0
112	1092	0
113	1092	0
114	1092	0
115	1092	0
116	1092	0
117	1092	0
118	1092	0
119	1092	0
120	1092	0
121	1092	0
122	1092	0
123	1092	0
124	1092	0
125	1092	1
126	1092	1
129	1092	1
131	1092	0
132	1092	0
133	1092	0
134	1092	0
136	1092	0
138	1092	0
139	1092	0
140	1092	0
141	1092	0
142	1092	0
143	1092	0
144	1092	0
145	1092	0
146	1092	0
147	1092	0
148	1092	0
149	1092	0
150	1092	1
151	1092	0
152	1092	0
153	1092	0
154	1092	0
155	1092	0
156	1092	0
157	1092	0
158	1092	0
159	1092	0
160	1092	0
161	1092	0
162	1092	0
163	1092	0
165	1092	0
166	1092	0
167	1092	0
168	1092	0
169	1092	0
170	1092	0
171	1092	0
172	1092	0
173	1092	0
174	1092	0
175	1092	0
177	1092	0
178	1092	0
179	1092	0
180	1092	0
182	1092	0
183	1092	0
184	1092	0
185	1092	0
186	1092	0
187	1092	0
188	1092	1
189	1092	0
190	1092	0
191	1092	0
192	1092	0
193	1092	0
194	1092	1
195	1092	0
196	1092	0
197	1092	0
198	1092	0
199	1092	0
200	1092	0
201	1092	0
202	1092	0
203	1092	1
204	1092	0
206	1092	0
207	1092	0
208	1092	0
210	1092	0
211	1092	0
212	1092	0
213	1092	0
214	1092	0
215	1092	0
216	1092	0
217	1092	0
218	1092	0
219	1092	0
220	1092	0
222	1092	0
223	1092	0
224	1092	1
225	1092	0
226	1092	0
227	1092	0
228	1092	0
229	1092	0
230	1092	0
231	1092	0
232	1092	0
233	1092	0
234	1092	0
235	1092	0
236	1092	0
237	1092	0
238	1092	0
239	1092	1
240	1092	0
241	1092	0
242	1092	0
244	1092	0
245	1092	0
247	1092	0
248	1092	0
249	1092	0
250	1092	0
251	1092	0
252	1092	0
253	1092	1
254	1092	0
255	1092	0
256	1092	0
258	1092	0
259	1092	0
260	1092	0
261	1092	0
262	1092	0
263	1092	0
264	1092	0
265	1092	0
266	1092	0
267	1092	0
268	1092	0
269	1092	0
270	1092	0
271	1092	0
272	1092	0
273	1092	0
274	1092	0
275	1092	0
276	1092	0
277	1092	0
278	1092	0
279	1092	0
280	1092	0
281	1092	0
282	1092	0
283	1092	0
284	1092	0
285	1092	0
286	1092	0
287	1092	0
288	1092	0
289	1092	0
290	1092	0
291	1092	0
292	1092	0
293	1092	0
294	1092	0
295	1092	0
296	1092	0
297	1092	0
298	1092	0
299	1092	0
300	1092	0
301	1092	0
302	1092	0
303	1092	0
304	1092	0
305	1092	0
306	1092	0
307	1092	0
308	1092	0
309	1092	0
310	1092	0
311	1092	0
312	1092	0
313	1092	0
314	1092	0
315	1092	0
316	1092	0
317	1092	0
318	1092	0
319	1092	0
320	1092	0
321	1092	0
322	1092	0
323	1092	0
324	1092	0
325	1092	0
326	1092	0
327	1092	0
328	1092	0
329	1092	0
330	1092	0
331	1092	0
333	1092	0
335	1092	0
336	1092	0
337	1092	0
338	1092	0
339	1092	0
340	1092	1
341	1092	0
342	1092	0
343	1092	0
344	1092	0
346	1092	1
347	1092	0
348	1092	0
349	1092	0
350	1092	0
351	1092	0
352	1092	0
354	1092	0
355	1092	0
357	1092	0
358	1092	0
359	1092	0
360	1092	1
361	1092	1
363	1092	0
364	1092	0
365	1092	0
366	1092	0
367	1092	0
368	1092	0
371	1092	0
372	1092	0
373	1092	1
374	1092	0
377	1092	0
378	1092	0
379	1092	0
380	1092	0
381	1092	0
382	1092	0
383	1092	0
384	1092	0
385	1092	0
386	1092	0
387	1092	0
388	1092	0
389	1092	0
390	1092	1
391	1092	0
393	1092	0
394	1092	0
395	1092	1
396	1092	0
398	1092	0
399	1092	0
400	1092	0
401	1092	0
402	1092	0
403	1092	0
404	1092	1
405	1092	0
406	1092	0
407	1092	0
408	1092	0
409	1092	0
410	1092	0
411	1092	0
412	1092	0
413	1092	0
414	1092	0
415	1092	0
416	1092	0
417	1092	0
418	1092	0
419	1092	0
420	1092	0
421	1092	0
422	1092	0
423	1092	0
424	1092	0
425	1092	0
426	1092	0
427	1092	0
428	1092	0
429	1092	0
430	1092	0
431	1092	0
432	1092	0
433	1092	0
434	1092	0
435	1092	0
436	1092	0
437	1092	0
438	1092	0
439	1092	0
440	1092	0
441	1092	0
442	1092	0
443	1092	0
444	1092	0
445	1092	0
446	1092	0
447	1092	0
448	1092	0
449	1092	0
450	1092	0
451	1092	0
452	1092	0
453	1092	0
454	1092	0
455	1092	0
456	1092	0
457	1092	0
458	1092	0
459	1092	0
460	1092	0
461	1092	0
462	1092	0
463	1092	0
464	1092	0
465	1092	0
466	1092	0
467	1092	0
468	1092	0
469	1092	0
470	1092	0
471	1092	0
472	1092	0
473	1092	1
474	1092	0
476	1092	0
477	1092	0
478	1092	0
480	1092	0
481	1092	0
482	1092	0
483	1092	0
484	1092	0
485	1092	0
486	1092	0
487	1092	0
489	1092	1
490	1092	0
491	1092	0
492	1092	0
493	1092	0
495	1092	0
496	1092	0
497	1092	0
499	1092	0
500	1092	0
501	1092	0
502	1092	0
503	1092	1
505	1092	1
506	1092	1
508	1092	0
509	1092	0
510	1092	1
511	1092	0
512	1092	0
513	1092	0
514	1092	1
515	1092	0
516	1092	0
517	1092	0
518	1092	0
519	1092	1
520	1092	1
521	1092	0
522	1092	0
523	1092	1
524	1092	0
526	1092	0
527	1092	0
528	1092	0
529	1092	1
531	1092	0
533	1092	0
534	1092	0
536	1092	0
537	1092	0
538	1092	0
540	1092	0
541	1092	0
542	1092	0
543	1092	0
544	1092	0
546	1092	0
547	1092	0
548	1092	0
549	1092	0
550	1092	0
551	1092	0
553	1092	0
554	1092	0
555	1092	0
556	1092	0
557	1092	0
558	1092	0
559	1092	0
560	1092	0
561	1092	0
562	1092	0
563	1092	0
564	1092	0
565	1092	0
566	1092	0
567	1092	0
568	1092	0
569	1092	0
570	1092	0
571	1092	0
572	1092	0
573	1092	0
574	1092	0
575	1092	0
576	1092	0
577	1092	0
578	1092	0
579	1092	0
580	1092	0
582	1092	0
583	1092	0
584	1092	0
585	1092	1
586	1092	0
587	1092	0
588	1092	0
589	1092	0
590	1092	0
591	1092	0
592	1092	0
593	1092	1
594	1092	0
595	1092	0
596	1092	0
597	1092	0
598	1092	0
599	1092	0
600	1092	0
601	1092	0
602	1092	0
604	1092	0
605	1092	0
606	1092	0
607	1092	0
608	1092	0
609	1092	0
611	1092	0
612	1092	0
613	1092	1
614	1092	0
615	1092	0
616	1092	0
617	1092	0
618	1092	0
619	1092	0
620	1092	0
621	1092	0
622	1092	0
624	1092	0
626	1092	0
627	1092	0
628	1092	0
630	1092	0
631	1092	1
632	1092	1
633	1092	0
635	1092	0
636	1092	0
637	1092	1
640	1092	0
641	1092	0
642	1092	0
643	1092	1
644	1092	1
645	1092	1
646	1092	0
647	1092	0
648	1092	0
649	1092	0
650	1092	0
651	1092	0
652	1092	1
653	1092	0
654	1092	0
655	1092	0
656	1092	0
657	1092	1
658	1092	0
659	1092	0
660	1092	0
661	1092	0
662	1092	0
663	1092	1
664	1092	0
666	1092	1
667	1092	0
668	1092	0
669	1092	0
670	1092	0
671	1092	0
672	1092	0
673	1092	0
674	1092	0
675	1092	0
676	1092	0
677	1092	0
678	1092	0
679	1092	0
680	1092	0
681	1092	0
682	1092	0
683	1092	0
684	1092	0
685	1092	0
686	1092	0
687	1092	0
688	1092	0
689	1092	0
690	1092	0
691	1092	0
692	1092	1
693	1092	0
694	1092	0
695	1092	1
696	1092	0
697	1092	0
698	1092	0
699	1092	0
700	1092	0
701	1092	0
702	1092	0
703	1092	0
704	1092	0
705	1092	0
706	1092	0
707	1092	0
708	1092	0
709	1092	0
710	1092	0
711	1092	0
712	1092	0
713	1092	0
714	1092	0
715	1092	0
716	1092	0
717	1092	0
718	1092	0
719	1092	0
720	1092	0
721	1092	0
722	1092	0
723	1092	0
724	1092	0
725	1092	0
726	1092	0
727	1092	0
728	1092	0
730	1092	0
731	1092	0
732	1092	0
733	1092	0
734	1092	0
735	1092	0
736	1092	0
737	1092	1
738	1092	0
739	1092	0
740	1092	0
741	1092	0
742	1092	0
743	1092	0
744	1092	0
745	1092	0
746	1092	0
747	1092	0
748	1092	1
749	1092	0
750	1092	1
751	1092	0
752	1092	0
753	1092	0
754	1092	0
755	1092	0
756	1092	0
757	1092	0
758	1092	0
759	1092	1
760	1092	0
761	1092	0
762	1092	0
763	1092	0
764	1092	0
765	1092	0
767	1092	0
768	1092	0
769	1092	0
770	1092	0
771	1092	0
772	1092	0
773	1092	0
774	1092	1
775	1092	0
776	1092	0
777	1092	0
778	1092	0
779	1092	0
780	1092	0
782	1092	0
783	1092	0
784	1092	0
785	1092	0
786	1092	0
787	1092	0
788	1092	0
789	1092	0
790	1092	0
791	1092	0
793	1092	0
794	1092	0
795	1092	0
796	1092	0
797	1092	1
798	1092	0
799	1092	0
800	1092	0
801	1092	0
802	1092	0
803	1092	0
804	1092	0
806	1092	0
807	1092	0
808	1092	1
809	1092	0
810	1092	0
812	1092	0
813	1092	0
814	1092	0
816	1092	0
817	1092	0
818	1092	0
819	1092	0
820	1092	0
821	1092	0
822	1092	0
823	1092	0
824	1092	0
825	1092	0
826	1092	0
827	1092	0
828	1092	0
829	1092	1
830	1092	1
831	1092	1
832	1092	1
833	1092	1
834	1092	1
835	1092	0
836	1092	0
837	1092	1
839	1092	0
840	1092	0
841	1092	0
842	1092	0
843	1092	0
844	1092	0
845	1092	0
846	1092	0
847	1092	0
848	1092	0
849	1092	0
850	1092	0
851	1092	0
852	1092	0
853	1092	0
855	1092	0
856	1092	0
857	1092	0
858	1092	0
859	1092	0
860	1092	0
861	1092	0
862	1092	0
863	1092	0
864	1092	0
865	1092	0
866	1092	0
867	1092	0
868	1092	0
869	1092	0
870	1092	0
872	1092	0
873	1092	0
874	1092	0
875	1092	0
876	1092	0
877	1092	0
878	1092	0
880	1092	0
881	1092	0
882	1092	0
883	1092	0
884	1092	0
885	1092	0
886	1092	0
887	1092	1
888	1092	0
889	1092	0
890	1092	0
891	1092	0
892	1092	0
893	1092	0
894	1092	0
895	1092	0
896	1092	0
897	1092	0
898	1092	0
900	1092	0
901	1092	0
902	1092	0
903	1092	0
904	1092	0
905	1092	0
906	1092	0
907	1092	0
908	1092	0
909	1092	0
910	1092	0
911	1092	0
912	1092	1
913	1092	1
914	1092	0
916	1092	0
917	1092	1
918	1092	0
919	1092	0
920	1092	0
921	1092	0
922	1092	0
923	1092	0
924	1092	0
925	1092	0
926	1092	0
927	1092	0
928	1092	1
930	1092	0
931	1092	0
933	1092	0
934	1092	0
935	1092	1
936	1092	0
937	1092	1
938	1092	0
939	1092	0
940	1092	0
941	1092	0
942	1092	0
943	1092	0
944	1092	0
945	1092	0
946	1092	0
947	1092	1
948	1092	0
949	1092	0
950	1092	0
952	1092	1
953	1092	0
954	1092	0
955	1092	0
956	1092	0
958	1092	1
959	1092	0
961	1092	0
962	1092	0
963	1092	1
964	1092	0
965	1092	1
967	1092	1
