0	1113	0
1	1113	1
2	1113	1
3	1113	1
4	1113	1
5	1113	1
6	1113	1
7	1113	0
8	1113	1
9	1113	1
10	1113	1
11	1113	0
12	1113	1
13	1113	0
14	1113	1
15	1113	0
16	1113	0
17	1113	1
18	1113	1
19	1113	1
20	1113	1
21	1113	1
22	1113	1
23	1113	1
24	1113	0
26	1113	0
28	1113	1
29	1113	1
30	1113	0
31	1113	1
32	1113	1
33	1113	1
34	1113	1
35	1113	0
36	1113	1
37	1113	0
38	1113	0
39	1113	1
40	1113	0
42	1113	1
43	1113	0
44	1113	0
45	1113	1
46	1113	1
47	1113	1
48	1113	0
49	1113	0
50	1113	0
51	1113	1
52	1113	0
53	1113	1
54	1113	1
55	1113	0
56	1113	0
57	1113	0
58	1113	0
59	1113	1
60	1113	0
61	1113	0
62	1113	0
64	1113	1
65	1113	0
66	1113	1
67	1113	1
68	1113	0
69	1113	0
70	1113	1
71	1113	1
72	1113	1
73	1113	1
74	1113	1
75	1113	1
76	1113	1
77	1113	1
78	1113	0
79	1113	1
80	1113	1
81	1113	0
82	1113	0
83	1113	1
84	1113	0
85	1113	1
86	1113	0
87	1113	1
88	1113	0
90	1113	1
91	1113	0
92	1113	0
93	1113	0
94	1113	0
95	1113	1
96	1113	1
97	1113	0
98	1113	0
99	1113	0
100	1113	1
101	1113	1
102	1113	1
103	1113	0
104	1113	0
105	1113	0
106	1113	0
109	1113	1
111	1113	1
112	1113	1
113	1113	0
114	1113	0
115	1113	0
116	1113	0
117	1113	1
118	1113	0
119	1113	0
120	1113	1
121	1113	1
122	1113	0
123	1113	1
124	1113	1
125	1113	1
126	1113	1
129	1113	1
130	1113	0
131	1113	1
132	1113	0
133	1113	0
134	1113	1
136	1113	1
137	1113	1
138	1113	1
139	1113	1
140	1113	0
141	1113	0
142	1113	0
143	1113	1
144	1113	0
145	1113	1
146	1113	1
147	1113	0
148	1113	1
149	1113	0
150	1113	1
151	1113	1
152	1113	1
153	1113	0
154	1113	1
155	1113	0
156	1113	0
157	1113	0
158	1113	0
159	1113	0
160	1113	1
161	1113	0
162	1113	1
163	1113	1
165	1113	0
166	1113	0
167	1113	1
168	1113	0
169	1113	1
170	1113	1
171	1113	1
172	1113	1
173	1113	0
174	1113	0
175	1113	0
177	1113	0
178	1113	1
179	1113	1
180	1113	0
182	1113	1
183	1113	0
184	1113	1
185	1113	1
186	1113	1
187	1113	1
188	1113	1
189	1113	1
190	1113	1
191	1113	1
192	1113	1
193	1113	1
194	1113	1
195	1113	1
196	1113	1
197	1113	1
198	1113	1
199	1113	1
200	1113	1
201	1113	1
202	1113	0
203	1113	1
204	1113	1
206	1113	1
207	1113	1
208	1113	1
210	1113	0
211	1113	1
212	1113	1
213	1113	0
214	1113	1
215	1113	0
216	1113	0
217	1113	0
218	1113	0
219	1113	1
220	1113	0
222	1113	0
223	1113	1
224	1113	1
225	1113	1
226	1113	0
227	1113	1
228	1113	1
229	1113	0
230	1113	1
231	1113	1
232	1113	1
233	1113	0
234	1113	1
235	1113	0
236	1113	0
237	1113	1
238	1113	0
239	1113	1
240	1113	0
241	1113	0
242	1113	0
244	1113	0
245	1113	0
247	1113	1
248	1113	0
249	1113	0
250	1113	0
251	1113	0
252	1113	0
253	1113	1
254	1113	1
255	1113	1
256	1113	0
258	1113	1
259	1113	0
260	1113	0
261	1113	0
262	1113	0
263	1113	0
264	1113	0
265	1113	0
266	1113	0
267	1113	0
268	1113	0
269	1113	1
270	1113	1
271	1113	0
272	1113	0
273	1113	0
274	1113	0
275	1113	1
276	1113	1
277	1113	1
278	1113	1
279	1113	0
280	1113	1
281	1113	1
282	1113	1
283	1113	0
284	1113	1
285	1113	0
286	1113	0
287	1113	1
288	1113	1
289	1113	1
290	1113	1
291	1113	1
292	1113	0
293	1113	0
294	1113	1
295	1113	1
296	1113	1
297	1113	0
298	1113	1
299	1113	1
300	1113	0
301	1113	1
302	1113	0
303	1113	1
304	1113	1
305	1113	0
306	1113	0
307	1113	0
308	1113	0
309	1113	0
310	1113	1
311	1113	0
312	1113	1
313	1113	0
314	1113	0
315	1113	0
316	1113	1
317	1113	1
318	1113	0
319	1113	0
320	1113	0
321	1113	1
322	1113	0
323	1113	0
324	1113	0
325	1113	0
326	1113	1
327	1113	1
328	1113	1
329	1113	1
330	1113	1
331	1113	1
333	1113	1
335	1113	0
336	1113	1
337	1113	1
338	1113	1
339	1113	1
340	1113	1
341	1113	0
342	1113	0
343	1113	0
344	1113	0
346	1113	1
347	1113	1
348	1113	0
349	1113	0
350	1113	1
351	1113	1
352	1113	0
354	1113	1
355	1113	0
357	1113	0
358	1113	1
359	1113	1
360	1113	1
361	1113	1
363	1113	1
364	1113	1
365	1113	1
366	1113	0
367	1113	0
368	1113	1
371	1113	1
372	1113	1
373	1113	1
374	1113	1
377	1113	1
378	1113	1
379	1113	1
380	1113	1
381	1113	1
382	1113	1
383	1113	1
384	1113	0
385	1113	1
386	1113	1
387	1113	0
388	1113	0
389	1113	1
390	1113	1
391	1113	1
393	1113	1
394	1113	0
395	1113	1
396	1113	0
398	1113	0
399	1113	1
400	1113	1
401	1113	1
402	1113	1
403	1113	0
404	1113	1
405	1113	0
406	1113	1
407	1113	1
408	1113	0
409	1113	0
410	1113	1
411	1113	1
412	1113	0
413	1113	0
414	1113	1
415	1113	1
416	1113	1
417	1113	1
418	1113	0
419	1113	0
420	1113	0
421	1113	1
422	1113	0
423	1113	0
424	1113	1
425	1113	0
426	1113	1
427	1113	0
428	1113	0
429	1113	0
430	1113	1
431	1113	0
432	1113	0
433	1113	0
434	1113	0
435	1113	1
436	1113	1
437	1113	0
438	1113	1
439	1113	1
440	1113	0
441	1113	0
442	1113	0
443	1113	1
444	1113	1
445	1113	0
446	1113	1
447	1113	0
448	1113	1
449	1113	0
450	1113	1
451	1113	1
452	1113	1
453	1113	1
454	1113	1
455	1113	1
456	1113	1
457	1113	1
458	1113	0
459	1113	1
460	1113	1
461	1113	1
462	1113	1
463	1113	0
464	1113	1
465	1113	1
466	1113	0
467	1113	0
468	1113	0
469	1113	0
470	1113	0
471	1113	0
472	1113	1
473	1113	1
474	1113	1
475	1113	0
476	1113	1
477	1113	1
478	1113	1
480	1113	1
481	1113	0
482	1113	0
483	1113	1
484	1113	0
485	1113	0
486	1113	1
487	1113	0
489	1113	1
490	1113	0
491	1113	1
492	1113	1
493	1113	1
495	1113	0
496	1113	1
497	1113	1
499	1113	0
500	1113	1
501	1113	1
502	1113	1
503	1113	1
505	1113	1
506	1113	1
508	1113	1
509	1113	0
510	1113	0
511	1113	1
512	1113	1
513	1113	0
514	1113	1
515	1113	1
516	1113	1
517	1113	1
518	1113	1
519	1113	1
520	1113	1
521	1113	1
522	1113	1
523	1113	1
524	1113	1
525	1113	0
526	1113	1
527	1113	1
528	1113	1
529	1113	1
531	1113	0
533	1113	1
534	1113	1
536	1113	1
537	1113	0
538	1113	0
540	1113	0
541	1113	0
542	1113	1
543	1113	0
544	1113	1
546	1113	0
547	1113	0
548	1113	0
549	1113	0
550	1113	0
551	1113	1
553	1113	0
554	1113	0
555	1113	0
556	1113	0
557	1113	1
558	1113	0
559	1113	1
560	1113	0
561	1113	0
562	1113	0
563	1113	0
564	1113	0
565	1113	1
566	1113	0
567	1113	0
568	1113	1
569	1113	1
570	1113	1
571	1113	1
572	1113	0
573	1113	1
574	1113	1
575	1113	0
576	1113	0
577	1113	0
578	1113	1
579	1113	1
580	1113	0
582	1113	1
583	1113	1
584	1113	0
585	1113	1
586	1113	1
587	1113	0
588	1113	1
589	1113	1
590	1113	1
591	1113	0
592	1113	1
593	1113	1
594	1113	1
595	1113	1
596	1113	0
597	1113	0
598	1113	0
599	1113	0
600	1113	0
601	1113	0
602	1113	0
604	1113	0
605	1113	1
606	1113	1
607	1113	0
608	1113	1
609	1113	1
611	1113	0
612	1113	1
613	1113	1
614	1113	1
615	1113	0
616	1113	0
617	1113	1
618	1113	1
619	1113	1
620	1113	0
621	1113	1
622	1113	1
624	1113	1
625	1113	0
626	1113	1
627	1113	0
628	1113	0
630	1113	0
631	1113	1
632	1113	1
633	1113	1
635	1113	1
636	1113	1
637	1113	1
640	1113	1
641	1113	0
642	1113	0
643	1113	1
644	1113	1
645	1113	1
646	1113	1
647	1113	1
648	1113	1
649	1113	1
650	1113	1
651	1113	1
652	1113	1
653	1113	0
654	1113	1
655	1113	0
656	1113	1
657	1113	1
658	1113	0
659	1113	0
660	1113	0
661	1113	1
662	1113	1
663	1113	1
664	1113	1
666	1113	1
667	1113	1
668	1113	0
669	1113	0
670	1113	0
671	1113	0
672	1113	1
673	1113	1
674	1113	0
675	1113	0
676	1113	1
677	1113	0
678	1113	1
679	1113	0
680	1113	0
681	1113	0
682	1113	0
683	1113	1
684	1113	0
685	1113	1
686	1113	1
687	1113	1
688	1113	0
689	1113	1
690	1113	1
691	1113	1
692	1113	1
693	1113	1
694	1113	1
695	1113	1
696	1113	1
697	1113	1
698	1113	0
699	1113	1
700	1113	0
701	1113	0
702	1113	1
703	1113	1
704	1113	1
705	1113	1
706	1113	0
707	1113	0
708	1113	1
709	1113	1
710	1113	1
711	1113	0
712	1113	0
713	1113	1
714	1113	0
715	1113	0
716	1113	0
717	1113	0
718	1113	1
719	1113	1
720	1113	1
721	1113	1
722	1113	1
723	1113	1
724	1113	0
725	1113	0
726	1113	1
727	1113	0
728	1113	0
730	1113	0
731	1113	1
732	1113	1
733	1113	1
734	1113	0
735	1113	1
736	1113	0
737	1113	1
738	1113	1
739	1113	0
740	1113	0
741	1113	1
742	1113	1
743	1113	1
744	1113	1
745	1113	1
746	1113	1
747	1113	1
748	1113	1
749	1113	1
750	1113	1
751	1113	1
752	1113	1
753	1113	1
754	1113	1
755	1113	0
756	1113	1
757	1113	0
758	1113	1
759	1113	1
760	1113	0
761	1113	1
762	1113	1
763	1113	1
764	1113	0
765	1113	1
767	1113	0
768	1113	1
769	1113	1
770	1113	1
771	1113	0
772	1113	0
773	1113	1
774	1113	1
775	1113	0
776	1113	1
777	1113	0
778	1113	1
779	1113	1
780	1113	1
782	1113	1
783	1113	1
784	1113	1
785	1113	1
786	1113	0
787	1113	0
788	1113	1
789	1113	0
790	1113	0
791	1113	1
793	1113	0
794	1113	0
795	1113	1
796	1113	1
797	1113	0
798	1113	1
799	1113	0
800	1113	1
801	1113	1
802	1113	1
803	1113	0
804	1113	0
806	1113	1
807	1113	0
808	1113	1
809	1113	0
810	1113	1
811	1113	0
812	1113	1
813	1113	1
814	1113	0
816	1113	0
817	1113	1
818	1113	1
819	1113	0
820	1113	0
821	1113	1
822	1113	1
823	1113	1
824	1113	0
825	1113	0
826	1113	0
827	1113	1
828	1113	1
829	1113	1
830	1113	1
831	1113	1
832	1113	1
833	1113	1
834	1113	1
835	1113	0
836	1113	1
837	1113	1
839	1113	1
840	1113	1
841	1113	0
842	1113	0
843	1113	1
844	1113	0
845	1113	0
846	1113	0
847	1113	0
848	1113	0
849	1113	0
850	1113	0
851	1113	0
852	1113	1
853	1113	1
854	1113	0
855	1113	0
856	1113	0
857	1113	0
858	1113	1
859	1113	0
860	1113	1
861	1113	0
862	1113	1
863	1113	1
864	1113	1
865	1113	0
866	1113	0
867	1113	0
868	1113	1
869	1113	0
870	1113	1
872	1113	0
873	1113	0
874	1113	1
875	1113	0
876	1113	1
877	1113	1
878	1113	0
880	1113	1
881	1113	1
882	1113	1
883	1113	0
884	1113	0
885	1113	0
886	1113	0
887	1113	1
888	1113	1
889	1113	1
890	1113	0
891	1113	1
892	1113	0
893	1113	0
894	1113	1
895	1113	1
896	1113	0
897	1113	0
898	1113	1
900	1113	1
901	1113	0
902	1113	0
903	1113	1
904	1113	1
905	1113	0
906	1113	0
907	1113	0
908	1113	1
909	1113	1
910	1113	0
911	1113	0
912	1113	1
913	1113	1
914	1113	0
916	1113	0
917	1113	1
918	1113	1
919	1113	1
920	1113	0
921	1113	1
922	1113	0
923	1113	0
924	1113	1
925	1113	0
926	1113	0
927	1113	1
928	1113	1
930	1113	1
931	1113	1
933	1113	1
934	1113	0
935	1113	1
936	1113	0
937	1113	1
938	1113	1
939	1113	1
940	1113	0
941	1113	1
942	1113	1
943	1113	1
944	1113	1
945	1113	0
946	1113	0
947	1113	1
948	1113	1
949	1113	1
950	1113	1
952	1113	1
953	1113	1
954	1113	0
955	1113	1
956	1113	1
958	1113	1
959	1113	0
961	1113	0
962	1113	1
963	1113	1
964	1113	1
965	1113	1
967	1113	1
