1	1219	0
2	1219	0
3	1219	0
4	1219	0
5	1219	0
6	1219	0
7	1219	0
8	1219	0
9	1219	0
10	1219	0
11	1219	0
12	1219	0
13	1219	0
14	1219	0
15	1219	0
16	1219	0
17	1219	0
18	1219	0
19	1219	0
20	1219	0
21	1219	0
22	1219	0
23	1219	0
24	1219	0
25	1219	1
26	1219	0
27	1219	0
28	1219	1
29	1219	0
31	1219	0
32	1219	0
33	1219	0
34	1219	0
35	1219	0
36	1219	0
37	1219	0
38	1219	0
39	1219	0
40	1219	0
41	1219	0
42	1219	1
43	1219	0
44	1219	0
45	1219	1
46	1219	0
47	1219	0
48	1219	0
49	1219	0
50	1219	0
51	1219	1
52	1219	1
53	1219	1
54	1219	0
55	1219	0
56	1219	0
58	1219	0
59	1219	0
60	1219	0
61	1219	0
62	1219	0
63	1219	0
64	1219	0
65	1219	0
66	1219	0
67	1219	0
68	1219	0
69	1219	0
70	1219	0
71	1219	0
72	1219	0
73	1219	1
74	1219	0
75	1219	0
77	1219	1
78	1219	0
79	1219	1
80	1219	0
81	1219	0
82	1219	0
83	1219	0
84	1219	0
85	1219	0
86	1219	0
87	1219	0
88	1219	0
89	1219	0
90	1219	0
91	1219	1
92	1219	1
93	1219	0
94	1219	0
95	1219	0
96	1219	0
97	1219	0
98	1219	0
99	1219	0
100	1219	0
101	1219	0
102	1219	0
103	1219	0
104	1219	0
105	1219	0
106	1219	0
107	1219	0
108	1219	0
109	1219	0
110	1219	0
111	1219	0
112	1219	0
113	1219	0
114	1219	0
115	1219	0
116	1219	0
117	1219	0
118	1219	0
119	1219	0
120	1219	0
121	1219	0
122	1219	0
123	1219	0
124	1219	0
125	1219	0
128	1219	0
129	1219	0
130	1219	0
131	1219	0
132	1219	0
133	1219	0
134	1219	0
135	1219	0
136	1219	1
137	1219	0
138	1219	0
139	1219	0
140	1219	0
141	1219	0
142	1219	0
143	1219	0
144	1219	0
145	1219	0
146	1219	0
147	1219	0
148	1219	1
150	1219	0
151	1219	0
152	1219	1
153	1219	0
154	1219	0
155	1219	0
156	1219	0
157	1219	0
158	1219	0
159	1219	0
161	1219	0
162	1219	0
163	1219	0
165	1219	1
166	1219	0
167	1219	0
168	1219	0
169	1219	1
170	1219	0
171	1219	0
172	1219	0
173	1219	1
174	1219	1
175	1219	0
177	1219	0
178	1219	0
179	1219	0
180	1219	0
181	1219	0
182	1219	0
183	1219	1
184	1219	0
185	1219	0
186	1219	1
187	1219	0
188	1219	0
189	1219	0
190	1219	0
191	1219	0
192	1219	0
193	1219	0
194	1219	0
195	1219	0
196	1219	0
197	1219	0
198	1219	0
199	1219	0
200	1219	0
201	1219	1
202	1219	0
203	1219	0
204	1219	0
206	1219	0
207	1219	0
208	1219	0
209	1219	0
210	1219	0
211	1219	0
212	1219	0
213	1219	0
214	1219	1
215	1219	0
216	1219	0
217	1219	0
218	1219	0
219	1219	0
220	1219	0
221	1219	0
222	1219	0
223	1219	0
224	1219	1
226	1219	0
227	1219	0
228	1219	0
230	1219	0
231	1219	0
232	1219	0
233	1219	1
234	1219	0
235	1219	0
236	1219	0
237	1219	0
238	1219	0
239	1219	0
240	1219	0
241	1219	0
242	1219	0
243	1219	0
244	1219	0
245	1219	0
246	1219	0
247	1219	0
248	1219	0
249	1219	0
250	1219	0
251	1219	0
252	1219	0
253	1219	0
254	1219	0
255	1219	0
256	1219	1
257	1219	0
258	1219	0
259	1219	0
260	1219	0
261	1219	0
262	1219	0
263	1219	1
264	1219	0
265	1219	0
266	1219	0
267	1219	0
268	1219	0
270	1219	0
271	1219	0
272	1219	0
273	1219	0
274	1219	0
275	1219	0
277	1219	0
278	1219	0
280	1219	0
281	1219	0
282	1219	0
283	1219	0
284	1219	0
285	1219	0
286	1219	0
287	1219	1
288	1219	0
289	1219	0
290	1219	0
291	1219	0
292	1219	0
293	1219	0
294	1219	1
295	1219	0
296	1219	0
297	1219	0
298	1219	0
300	1219	0
301	1219	0
302	1219	0
303	1219	1
304	1219	0
305	1219	0
306	1219	0
307	1219	0
308	1219	0
309	1219	0
310	1219	0
311	1219	1
312	1219	0
313	1219	0
314	1219	0
315	1219	0
316	1219	0
317	1219	0
318	1219	0
320	1219	0
321	1219	1
322	1219	0
323	1219	1
324	1219	0
325	1219	0
326	1219	0
327	1219	1
328	1219	0
329	1219	0
330	1219	0
331	1219	0
332	1219	0
333	1219	0
334	1219	0
336	1219	0
337	1219	0
338	1219	0
339	1219	1
340	1219	0
341	1219	0
342	1219	0
343	1219	0
344	1219	0
345	1219	0
346	1219	0
347	1219	0
348	1219	0
349	1219	0
350	1219	0
351	1219	1
352	1219	0
353	1219	1
355	1219	0
356	1219	0
357	1219	0
358	1219	0
359	1219	0
360	1219	0
361	1219	0
362	1219	0
363	1219	0
364	1219	0
365	1219	0
366	1219	0
367	1219	0
368	1219	0
369	1219	0
370	1219	0
371	1219	0
372	1219	0
373	1219	0
374	1219	0
375	1219	1
376	1219	0
377	1219	0
378	1219	0
379	1219	0
380	1219	0
381	1219	0
382	1219	0
383	1219	0
384	1219	0
385	1219	0
386	1219	0
388	1219	0
389	1219	0
391	1219	0
392	1219	1
393	1219	0
394	1219	0
395	1219	0
396	1219	0
397	1219	0
398	1219	1
399	1219	0
400	1219	0
401	1219	0
402	1219	0
403	1219	0
404	1219	0
405	1219	0
406	1219	0
407	1219	0
408	1219	0
410	1219	0
411	1219	1
412	1219	0
413	1219	0
414	1219	0
415	1219	0
416	1219	0
417	1219	0
418	1219	0
419	1219	0
420	1219	0
421	1219	0
422	1219	0
423	1219	0
424	1219	0
425	1219	0
426	1219	1
427	1219	0
428	1219	0
429	1219	0
430	1219	0
431	1219	0
432	1219	0
433	1219	1
434	1219	0
435	1219	0
436	1219	0
437	1219	0
438	1219	0
439	1219	0
440	1219	0
441	1219	0
442	1219	0
443	1219	0
444	1219	0
445	1219	0
446	1219	0
447	1219	0
448	1219	0
449	1219	0
450	1219	0
451	1219	0
452	1219	0
453	1219	0
454	1219	0
455	1219	0
456	1219	0
457	1219	0
458	1219	0
459	1219	0
460	1219	0
461	1219	1
462	1219	0
463	1219	0
464	1219	0
465	1219	0
466	1219	0
467	1219	0
468	1219	0
469	1219	0
470	1219	0
471	1219	0
472	1219	0
473	1219	0
474	1219	0
475	1219	0
476	1219	0
477	1219	0
478	1219	0
479	1219	0
480	1219	0
481	1219	0
482	1219	0
483	1219	0
484	1219	0
485	1219	0
486	1219	0
487	1219	1
488	1219	0
489	1219	0
490	1219	0
491	1219	0
493	1219	0
494	1219	0
495	1219	0
496	1219	0
497	1219	0
499	1219	0
500	1219	0
501	1219	0
502	1219	0
503	1219	0
504	1219	0
505	1219	0
506	1219	0
507	1219	0
508	1219	0
509	1219	0
510	1219	0
511	1219	0
512	1219	0
513	1219	1
514	1219	0
515	1219	1
516	1219	0
517	1219	0
518	1219	0
519	1219	0
520	1219	0
521	1219	0
522	1219	0
523	1219	1
524	1219	0
525	1219	0
526	1219	0
527	1219	0
529	1219	1
530	1219	1
531	1219	0
533	1219	0
534	1219	0
535	1219	0
536	1219	0
537	1219	1
538	1219	0
539	1219	0
540	1219	1
541	1219	0
542	1219	0
543	1219	0
544	1219	0
545	1219	0
546	1219	0
547	1219	0
548	1219	0
549	1219	0
550	1219	0
551	1219	0
553	1219	0
554	1219	1
555	1219	0
556	1219	1
557	1219	0
558	1219	0
560	1219	0
561	1219	0
562	1219	0
563	1219	0
564	1219	0
565	1219	0
566	1219	0
567	1219	0
568	1219	0
569	1219	0
570	1219	0
571	1219	0
572	1219	0
574	1219	0
575	1219	0
576	1219	0
577	1219	0
578	1219	0
579	1219	0
581	1219	0
582	1219	0
583	1219	0
584	1219	0
585	1219	0
586	1219	0
587	1219	1
588	1219	0
589	1219	0
590	1219	0
591	1219	0
593	1219	0
595	1219	0
596	1219	0
597	1219	0
598	1219	1
599	1219	0
600	1219	0
601	1219	0
602	1219	0
604	1219	0
605	1219	1
606	1219	1
607	1219	0
608	1219	0
609	1219	0
611	1219	0
612	1219	1
614	1219	0
615	1219	0
616	1219	0
617	1219	0
618	1219	0
619	1219	0
621	1219	1
622	1219	0
624	1219	0
625	1219	0
626	1219	0
627	1219	0
628	1219	0
630	1219	0
632	1219	0
633	1219	0
634	1219	0
635	1219	1
636	1219	0
637	1219	0
638	1219	0
639	1219	0
640	1219	0
641	1219	0
642	1219	0
645	1219	0
646	1219	1
647	1219	0
648	1219	0
649	1219	0
650	1219	0
651	1219	0
652	1219	0
653	1219	0
654	1219	0
655	1219	0
656	1219	0
657	1219	0
658	1219	0
659	1219	1
660	1219	0
661	1219	0
662	1219	0
663	1219	0
664	1219	0
666	1219	0
667	1219	0
668	1219	0
669	1219	0
670	1219	1
671	1219	1
672	1219	0
673	1219	0
674	1219	0
675	1219	1
676	1219	0
677	1219	1
678	1219	0
680	1219	0
681	1219	0
682	1219	0
683	1219	1
684	1219	0
685	1219	0
686	1219	0
687	1219	0
688	1219	0
689	1219	1
690	1219	0
691	1219	0
692	1219	0
693	1219	0
694	1219	0
696	1219	0
697	1219	0
698	1219	0
699	1219	0
701	1219	0
702	1219	0
703	1219	0
704	1219	0
705	1219	0
706	1219	0
707	1219	0
708	1219	1
709	1219	1
710	1219	0
711	1219	0
712	1219	0
713	1219	0
714	1219	0
715	1219	0
716	1219	0
717	1219	1
718	1219	0
719	1219	0
720	1219	0
721	1219	0
722	1219	0
723	1219	0
724	1219	0
725	1219	1
726	1219	0
727	1219	0
728	1219	0
729	1219	0
730	1219	0
731	1219	0
732	1219	0
733	1219	0
734	1219	0
735	1219	0
736	1219	0
737	1219	0
738	1219	0
739	1219	0
740	1219	0
741	1219	0
742	1219	0
743	1219	0
744	1219	0
745	1219	0
746	1219	0
747	1219	0
748	1219	0
749	1219	1
750	1219	0
751	1219	0
752	1219	0
753	1219	0
754	1219	0
755	1219	0
756	1219	0
757	1219	1
758	1219	0
759	1219	0
760	1219	0
761	1219	1
762	1219	0
764	1219	0
765	1219	0
766	1219	0
767	1219	0
768	1219	0
769	1219	0
770	1219	1
771	1219	0
772	1219	1
773	1219	0
775	1219	0
776	1219	0
777	1219	0
778	1219	0
779	1219	0
780	1219	0
781	1219	0
782	1219	0
783	1219	1
784	1219	0
785	1219	0
786	1219	0
787	1219	0
788	1219	0
789	1219	0
790	1219	0
791	1219	0
792	1219	0
793	1219	0
794	1219	0
795	1219	0
796	1219	0
797	1219	0
798	1219	0
799	1219	0
800	1219	0
801	1219	0
802	1219	0
803	1219	1
804	1219	0
805	1219	0
806	1219	1
807	1219	0
808	1219	0
809	1219	0
810	1219	0
811	1219	1
812	1219	0
814	1219	1
816	1219	0
817	1219	0
818	1219	1
819	1219	1
820	1219	0
822	1219	0
823	1219	0
824	1219	0
825	1219	0
826	1219	0
827	1219	0
829	1219	0
830	1219	0
831	1219	0
833	1219	0
834	1219	0
835	1219	0
836	1219	0
838	1219	0
839	1219	0
840	1219	0
841	1219	0
842	1219	0
843	1219	0
844	1219	0
845	1219	0
846	1219	0
847	1219	0
848	1219	0
849	1219	0
850	1219	0
851	1219	0
852	1219	0
853	1219	0
854	1219	0
855	1219	0
856	1219	0
857	1219	1
858	1219	0
859	1219	0
860	1219	0
861	1219	0
862	1219	1
863	1219	1
864	1219	0
865	1219	0
866	1219	0
867	1219	0
868	1219	0
869	1219	0
870	1219	0
871	1219	1
872	1219	0
873	1219	0
874	1219	0
875	1219	0
876	1219	0
877	1219	0
878	1219	0
880	1219	1
881	1219	0
882	1219	0
883	1219	0
884	1219	0
885	1219	0
886	1219	0
887	1219	0
888	1219	0
889	1219	0
890	1219	0
891	1219	0
892	1219	0
893	1219	0
894	1219	0
895	1219	0
896	1219	0
897	1219	0
898	1219	0
899	1219	0
900	1219	0
901	1219	1
902	1219	0
903	1219	0
904	1219	0
905	1219	0
907	1219	0
908	1219	0
909	1219	0
910	1219	0
911	1219	0
912	1219	0
913	1219	0
915	1219	0
916	1219	0
917	1219	0
918	1219	0
919	1219	0
920	1219	0
921	1219	0
922	1219	0
923	1219	1
924	1219	0
925	1219	0
926	1219	0
927	1219	0
928	1219	0
929	1219	0
930	1219	0
931	1219	0
933	1219	1
935	1219	0
936	1219	0
937	1219	0
939	1219	0
940	1219	0
941	1219	0
942	1219	0
943	1219	0
944	1219	0
945	1219	0
946	1219	0
947	1219	0
948	1219	1
949	1219	0
953	1219	0
954	1219	1
955	1219	0
957	1219	0
958	1219	0
959	1219	1
960	1219	0
961	1219	0
962	1219	0
963	1219	0
964	1219	0
965	1219	0
966	1219	1
967	1219	1
