0	1042	1
1	1042	0
2	1042	0
3	1042	0
4	1042	0
5	1042	0
6	1042	0
7	1042	0
8	1042	0
9	1042	0
10	1042	0
11	1042	0
12	1042	0
13	1042	0
14	1042	0
15	1042	0
16	1042	0
17	1042	0
18	1042	0
19	1042	1
20	1042	0
21	1042	1
22	1042	0
23	1042	0
24	1042	0
26	1042	0
27	1042	0
28	1042	1
29	1042	0
30	1042	0
31	1042	0
32	1042	1
33	1042	0
34	1042	1
35	1042	0
36	1042	0
37	1042	0
38	1042	0
39	1042	0
40	1042	0
42	1042	0
43	1042	0
44	1042	0
45	1042	0
46	1042	0
47	1042	0
48	1042	1
49	1042	0
50	1042	0
51	1042	1
52	1042	0
53	1042	0
54	1042	0
55	1042	0
56	1042	0
57	1042	0
58	1042	0
59	1042	0
60	1042	0
61	1042	0
62	1042	0
64	1042	0
65	1042	0
66	1042	0
67	1042	0
68	1042	0
69	1042	0
70	1042	0
71	1042	0
72	1042	0
73	1042	0
74	1042	0
75	1042	0
76	1042	0
77	1042	0
78	1042	0
79	1042	0
80	1042	0
81	1042	0
82	1042	0
83	1042	0
84	1042	0
85	1042	1
86	1042	0
87	1042	0
88	1042	0
89	1042	0
90	1042	0
91	1042	0
92	1042	0
93	1042	0
94	1042	0
95	1042	0
96	1042	0
97	1042	0
98	1042	0
99	1042	0
100	1042	0
101	1042	1
102	1042	0
103	1042	0
104	1042	0
105	1042	0
106	1042	0
109	1042	1
111	1042	1
112	1042	1
113	1042	1
114	1042	0
115	1042	0
116	1042	0
117	1042	0
118	1042	0
119	1042	0
120	1042	0
121	1042	0
122	1042	0
123	1042	0
124	1042	0
125	1042	0
130	1042	0
131	1042	0
132	1042	0
133	1042	0
134	1042	0
136	1042	0
137	1042	0
138	1042	0
139	1042	0
141	1042	0
142	1042	0
144	1042	0
146	1042	0
147	1042	0
149	1042	0
150	1042	0
151	1042	0
152	1042	0
153	1042	0
154	1042	0
155	1042	0
156	1042	0
157	1042	0
158	1042	0
159	1042	0
160	1042	0
161	1042	0
162	1042	0
163	1042	0
164	1042	0
165	1042	1
166	1042	0
168	1042	0
169	1042	0
170	1042	0
171	1042	0
172	1042	0
173	1042	0
174	1042	0
175	1042	1
177	1042	0
178	1042	0
179	1042	0
180	1042	0
181	1042	0
182	1042	0
183	1042	0
184	1042	0
187	1042	0
188	1042	0
189	1042	0
190	1042	0
191	1042	1
192	1042	1
193	1042	1
194	1042	1
195	1042	1
196	1042	0
197	1042	0
200	1042	0
201	1042	0
202	1042	0
203	1042	1
204	1042	1
206	1042	0
207	1042	1
208	1042	1
210	1042	0
211	1042	1
212	1042	1
213	1042	0
214	1042	0
216	1042	0
217	1042	1
218	1042	0
219	1042	0
220	1042	0
222	1042	0
223	1042	0
224	1042	1
225	1042	0
226	1042	0
227	1042	1
228	1042	0
229	1042	0
230	1042	0
231	1042	0
232	1042	0
233	1042	0
234	1042	0
235	1042	0
236	1042	0
237	1042	0
238	1042	0
239	1042	0
240	1042	0
241	1042	0
242	1042	0
244	1042	0
245	1042	1
246	1042	0
247	1042	1
248	1042	0
249	1042	0
250	1042	0
251	1042	0
252	1042	0
253	1042	0
254	1042	0
255	1042	0
256	1042	0
258	1042	1
259	1042	1
260	1042	0
261	1042	0
262	1042	0
263	1042	0
264	1042	0
265	1042	0
266	1042	0
267	1042	0
268	1042	0
269	1042	0
270	1042	0
271	1042	0
272	1042	0
273	1042	0
274	1042	0
275	1042	0
276	1042	1
277	1042	0
278	1042	0
280	1042	0
281	1042	0
282	1042	0
283	1042	0
284	1042	0
285	1042	0
286	1042	1
288	1042	0
289	1042	0
290	1042	1
291	1042	0
292	1042	1
293	1042	0
294	1042	0
295	1042	0
296	1042	0
297	1042	0
298	1042	0
299	1042	1
300	1042	0
301	1042	0
302	1042	0
303	1042	0
304	1042	0
306	1042	0
307	1042	0
308	1042	0
309	1042	0
310	1042	0
311	1042	0
312	1042	0
313	1042	0
314	1042	0
315	1042	0
317	1042	1
318	1042	0
319	1042	0
320	1042	0
321	1042	0
322	1042	0
323	1042	1
324	1042	0
325	1042	0
326	1042	0
327	1042	0
328	1042	0
329	1042	0
330	1042	0
331	1042	0
333	1042	0
334	1042	0
335	1042	0
336	1042	0
337	1042	0
338	1042	0
339	1042	0
340	1042	0
341	1042	0
342	1042	0
343	1042	0
344	1042	0
346	1042	0
347	1042	0
348	1042	0
349	1042	0
350	1042	0
354	1042	0
355	1042	0
356	1042	0
357	1042	0
358	1042	0
359	1042	0
360	1042	0
361	1042	0
363	1042	0
364	1042	0
365	1042	0
366	1042	0
367	1042	0
368	1042	0
370	1042	0
371	1042	0
372	1042	0
373	1042	0
374	1042	1
377	1042	0
378	1042	0
379	1042	0
380	1042	0
381	1042	0
382	1042	0
383	1042	0
384	1042	0
385	1042	0
386	1042	0
387	1042	0
388	1042	0
390	1042	0
391	1042	0
393	1042	0
394	1042	0
395	1042	0
396	1042	0
397	1042	0
398	1042	0
399	1042	0
400	1042	0
401	1042	0
402	1042	1
403	1042	0
404	1042	0
405	1042	0
406	1042	0
408	1042	0
409	1042	0
410	1042	0
411	1042	0
412	1042	0
413	1042	0
414	1042	0
415	1042	0
416	1042	1
417	1042	0
418	1042	0
419	1042	0
420	1042	0
421	1042	1
422	1042	0
423	1042	0
424	1042	0
425	1042	1
426	1042	1
427	1042	0
428	1042	0
429	1042	0
430	1042	1
431	1042	1
432	1042	0
433	1042	0
434	1042	0
435	1042	1
436	1042	0
437	1042	0
438	1042	1
439	1042	0
440	1042	0
441	1042	0
442	1042	0
443	1042	0
444	1042	0
445	1042	0
446	1042	0
447	1042	0
448	1042	0
449	1042	1
450	1042	1
451	1042	0
452	1042	0
453	1042	0
454	1042	1
455	1042	0
456	1042	0
457	1042	0
458	1042	0
459	1042	0
460	1042	1
461	1042	0
462	1042	0
463	1042	0
464	1042	0
465	1042	0
466	1042	1
467	1042	0
468	1042	0
469	1042	0
470	1042	0
471	1042	0
472	1042	0
473	1042	0
474	1042	0
475	1042	0
476	1042	0
477	1042	0
478	1042	0
480	1042	1
481	1042	0
482	1042	0
483	1042	0
484	1042	0
485	1042	0
486	1042	0
487	1042	0
489	1042	0
490	1042	0
491	1042	0
492	1042	0
493	1042	0
495	1042	0
496	1042	1
497	1042	0
499	1042	0
500	1042	0
501	1042	0
502	1042	0
503	1042	0
505	1042	1
508	1042	0
509	1042	0
510	1042	0
511	1042	0
512	1042	1
513	1042	0
514	1042	0
515	1042	1
516	1042	0
517	1042	0
518	1042	0
519	1042	0
520	1042	1
521	1042	1
522	1042	0
523	1042	0
524	1042	0
525	1042	1
527	1042	0
528	1042	0
529	1042	0
533	1042	0
534	1042	0
536	1042	0
537	1042	0
538	1042	0
540	1042	1
541	1042	0
542	1042	0
543	1042	0
544	1042	0
546	1042	0
547	1042	0
548	1042	0
549	1042	0
550	1042	0
551	1042	0
553	1042	0
554	1042	0
555	1042	0
556	1042	0
557	1042	0
558	1042	0
559	1042	0
560	1042	0
561	1042	1
562	1042	0
563	1042	0
564	1042	0
565	1042	0
566	1042	0
567	1042	0
568	1042	0
569	1042	0
570	1042	0
571	1042	0
572	1042	0
573	1042	0
574	1042	1
575	1042	0
576	1042	0
577	1042	0
578	1042	0
579	1042	0
580	1042	0
582	1042	0
583	1042	0
584	1042	0
585	1042	0
586	1042	1
587	1042	1
588	1042	0
589	1042	0
590	1042	0
591	1042	1
592	1042	0
593	1042	0
594	1042	0
595	1042	0
596	1042	0
597	1042	0
598	1042	0
599	1042	0
600	1042	0
601	1042	0
602	1042	0
604	1042	0
605	1042	1
606	1042	0
607	1042	0
608	1042	0
609	1042	1
611	1042	1
612	1042	0
613	1042	0
614	1042	0
615	1042	0
616	1042	0
617	1042	0
618	1042	0
620	1042	0
621	1042	0
622	1042	0
624	1042	0
625	1042	0
626	1042	0
627	1042	0
628	1042	1
630	1042	1
631	1042	0
632	1042	0
633	1042	0
635	1042	0
636	1042	0
637	1042	1
640	1042	0
641	1042	0
642	1042	0
643	1042	0
644	1042	1
645	1042	0
646	1042	0
647	1042	0
648	1042	0
649	1042	0
650	1042	1
651	1042	0
652	1042	0
653	1042	0
654	1042	0
655	1042	0
658	1042	0
659	1042	0
661	1042	0
662	1042	0
663	1042	1
664	1042	1
666	1042	0
667	1042	0
668	1042	0
669	1042	0
670	1042	0
671	1042	0
672	1042	0
673	1042	0
674	1042	0
675	1042	0
676	1042	0
680	1042	0
682	1042	0
683	1042	0
684	1042	0
685	1042	0
686	1042	0
689	1042	0
690	1042	0
691	1042	0
692	1042	0
693	1042	0
694	1042	0
695	1042	0
696	1042	1
697	1042	0
698	1042	1
699	1042	0
700	1042	0
701	1042	1
702	1042	1
703	1042	0
704	1042	0
705	1042	0
706	1042	0
707	1042	0
708	1042	0
709	1042	0
710	1042	0
711	1042	0
713	1042	0
714	1042	0
715	1042	1
716	1042	0
717	1042	0
718	1042	0
720	1042	0
721	1042	0
722	1042	0
728	1042	0
730	1042	0
731	1042	1
732	1042	0
733	1042	1
734	1042	1
735	1042	0
736	1042	0
737	1042	0
738	1042	1
739	1042	1
740	1042	0
741	1042	0
742	1042	0
744	1042	0
745	1042	0
746	1042	0
747	1042	0
748	1042	0
749	1042	0
750	1042	1
751	1042	0
752	1042	0
753	1042	0
754	1042	0
755	1042	1
756	1042	0
757	1042	0
758	1042	0
759	1042	1
760	1042	0
761	1042	0
762	1042	0
763	1042	0
764	1042	0
765	1042	0
766	1042	0
767	1042	0
768	1042	0
769	1042	0
770	1042	0
771	1042	0
772	1042	0
773	1042	0
775	1042	0
776	1042	1
777	1042	1
778	1042	1
779	1042	0
780	1042	1
783	1042	0
784	1042	0
785	1042	1
786	1042	0
787	1042	0
788	1042	0
789	1042	0
790	1042	1
791	1042	0
794	1042	0
796	1042	1
797	1042	0
798	1042	1
799	1042	0
800	1042	1
801	1042	0
802	1042	1
803	1042	0
804	1042	0
806	1042	0
807	1042	0
808	1042	0
809	1042	0
810	1042	0
811	1042	0
814	1042	0
816	1042	1
817	1042	0
819	1042	0
820	1042	0
821	1042	0
824	1042	1
825	1042	0
827	1042	0
828	1042	0
830	1042	0
831	1042	0
832	1042	0
833	1042	0
834	1042	0
835	1042	0
836	1042	1
837	1042	0
839	1042	0
840	1042	0
841	1042	0
843	1042	0
844	1042	0
845	1042	0
846	1042	0
847	1042	0
848	1042	0
849	1042	0
850	1042	0
851	1042	0
852	1042	0
853	1042	0
854	1042	0
855	1042	0
856	1042	0
857	1042	0
858	1042	1
859	1042	0
860	1042	0
861	1042	0
862	1042	0
863	1042	0
864	1042	0
865	1042	0
866	1042	0
867	1042	0
868	1042	1
869	1042	0
870	1042	0
872	1042	0
873	1042	1
874	1042	1
875	1042	1
876	1042	1
877	1042	0
879	1042	0
880	1042	0
881	1042	0
882	1042	1
883	1042	0
884	1042	0
885	1042	0
886	1042	1
887	1042	0
888	1042	0
889	1042	1
890	1042	0
891	1042	0
892	1042	0
893	1042	0
894	1042	0
895	1042	0
896	1042	0
897	1042	0
898	1042	0
900	1042	0
901	1042	0
902	1042	0
903	1042	0
904	1042	0
905	1042	0
906	1042	0
907	1042	0
908	1042	0
909	1042	0
912	1042	0
913	1042	1
914	1042	0
916	1042	0
917	1042	0
918	1042	0
919	1042	0
920	1042	0
921	1042	1
922	1042	0
923	1042	0
924	1042	0
925	1042	0
927	1042	0
928	1042	0
930	1042	0
931	1042	0
933	1042	0
934	1042	0
936	1042	0
937	1042	0
939	1042	0
940	1042	0
941	1042	1
942	1042	0
943	1042	1
944	1042	0
945	1042	0
946	1042	0
947	1042	0
948	1042	0
949	1042	0
950	1042	0
952	1042	0
953	1042	0
954	1042	0
955	1042	1
956	1042	1
958	1042	0
961	1042	0
962	1042	0
963	1042	0
964	1042	1
965	1042	0
966	1042	0
967	1042	0
