0	1063	0
1	1063	0
2	1063	0
3	1063	0
4	1063	0
5	1063	1
6	1063	0
7	1063	0
8	1063	1
9	1063	0
10	1063	0
11	1063	0
12	1063	0
13	1063	0
14	1063	1
15	1063	0
16	1063	0
17	1063	1
18	1063	0
19	1063	0
20	1063	0
21	1063	0
22	1063	0
23	1063	0
24	1063	0
26	1063	0
27	1063	0
28	1063	0
29	1063	0
30	1063	0
31	1063	1
32	1063	1
33	1063	0
34	1063	0
35	1063	0
36	1063	0
37	1063	0
38	1063	0
39	1063	1
40	1063	0
42	1063	0
43	1063	0
44	1063	0
45	1063	1
46	1063	0
47	1063	1
48	1063	0
49	1063	0
50	1063	0
51	1063	0
52	1063	0
53	1063	0
54	1063	0
55	1063	0
56	1063	0
57	1063	0
58	1063	0
59	1063	1
60	1063	0
61	1063	0
62	1063	0
64	1063	1
65	1063	0
66	1063	0
67	1063	0
68	1063	0
69	1063	0
70	1063	0
71	1063	1
72	1063	0
73	1063	0
74	1063	0
75	1063	0
76	1063	0
77	1063	0
78	1063	0
79	1063	0
80	1063	0
81	1063	0
82	1063	0
83	1063	0
84	1063	0
85	1063	0
86	1063	0
87	1063	0
88	1063	0
89	1063	0
90	1063	0
91	1063	0
92	1063	0
93	1063	0
94	1063	0
95	1063	0
97	1063	0
98	1063	0
99	1063	0
100	1063	0
102	1063	0
103	1063	0
104	1063	0
105	1063	0
106	1063	0
109	1063	0
111	1063	0
112	1063	0
113	1063	0
114	1063	0
115	1063	0
116	1063	0
117	1063	0
118	1063	0
119	1063	0
120	1063	0
121	1063	0
122	1063	0
123	1063	0
124	1063	0
125	1063	1
126	1063	0
127	1063	1
129	1063	1
130	1063	0
131	1063	0
132	1063	0
133	1063	0
134	1063	0
136	1063	0
137	1063	0
138	1063	0
139	1063	0
140	1063	0
141	1063	0
142	1063	0
143	1063	0
144	1063	0
145	1063	0
146	1063	0
147	1063	0
148	1063	0
149	1063	0
150	1063	0
151	1063	1
152	1063	0
153	1063	0
154	1063	0
155	1063	0
156	1063	0
157	1063	0
158	1063	1
159	1063	0
160	1063	0
161	1063	0
162	1063	0
163	1063	1
165	1063	0
166	1063	0
167	1063	0
168	1063	0
169	1063	0
170	1063	0
171	1063	0
172	1063	1
173	1063	0
174	1063	0
175	1063	0
177	1063	0
178	1063	0
179	1063	0
180	1063	0
182	1063	0
183	1063	0
184	1063	0
185	1063	1
186	1063	0
187	1063	0
188	1063	1
189	1063	1
190	1063	0
191	1063	1
192	1063	1
193	1063	0
194	1063	1
195	1063	0
196	1063	1
198	1063	0
199	1063	0
200	1063	0
201	1063	0
202	1063	0
203	1063	1
204	1063	0
206	1063	0
207	1063	0
208	1063	1
210	1063	0
211	1063	0
212	1063	0
213	1063	0
214	1063	0
215	1063	0
216	1063	0
217	1063	0
218	1063	0
219	1063	0
220	1063	0
222	1063	0
223	1063	0
224	1063	0
225	1063	0
226	1063	0
227	1063	1
228	1063	0
229	1063	0
230	1063	0
231	1063	0
232	1063	0
233	1063	0
234	1063	1
235	1063	0
236	1063	0
237	1063	0
238	1063	0
239	1063	1
240	1063	1
241	1063	0
242	1063	0
244	1063	0
245	1063	0
246	1063	0
247	1063	0
248	1063	0
249	1063	0
250	1063	0
251	1063	0
252	1063	0
253	1063	0
254	1063	0
255	1063	0
256	1063	0
258	1063	0
259	1063	0
260	1063	0
261	1063	0
262	1063	0
263	1063	1
264	1063	0
265	1063	0
266	1063	0
267	1063	0
268	1063	0
269	1063	0
270	1063	0
271	1063	0
272	1063	0
273	1063	0
274	1063	0
275	1063	0
276	1063	0
277	1063	0
278	1063	0
279	1063	0
280	1063	0
281	1063	0
282	1063	0
283	1063	0
284	1063	0
285	1063	0
286	1063	0
287	1063	0
288	1063	0
289	1063	0
290	1063	1
291	1063	0
292	1063	0
293	1063	0
294	1063	0
295	1063	0
296	1063	0
297	1063	0
298	1063	0
299	1063	0
300	1063	0
301	1063	0
302	1063	0
303	1063	0
304	1063	0
305	1063	1
306	1063	0
307	1063	0
308	1063	0
309	1063	0
310	1063	1
311	1063	0
312	1063	0
313	1063	0
314	1063	0
315	1063	0
316	1063	0
317	1063	0
318	1063	0
319	1063	0
320	1063	0
321	1063	0
322	1063	0
323	1063	0
324	1063	0
325	1063	0
326	1063	0
327	1063	0
328	1063	1
329	1063	0
330	1063	1
331	1063	0
333	1063	0
335	1063	0
336	1063	1
337	1063	0
338	1063	0
339	1063	0
340	1063	1
341	1063	0
342	1063	0
343	1063	0
344	1063	0
346	1063	0
347	1063	0
348	1063	0
349	1063	0
350	1063	0
351	1063	0
352	1063	0
354	1063	0
355	1063	0
357	1063	0
358	1063	0
359	1063	0
360	1063	1
361	1063	1
363	1063	0
364	1063	0
365	1063	0
366	1063	0
367	1063	0
368	1063	0
371	1063	0
372	1063	0
373	1063	1
374	1063	1
375	1063	1
377	1063	0
378	1063	1
379	1063	0
380	1063	0
381	1063	1
382	1063	0
383	1063	0
384	1063	0
385	1063	0
386	1063	0
387	1063	0
388	1063	0
389	1063	0
390	1063	0
391	1063	0
393	1063	0
394	1063	0
395	1063	1
397	1063	0
398	1063	0
399	1063	0
400	1063	1
401	1063	0
402	1063	0
403	1063	0
404	1063	1
405	1063	0
406	1063	0
407	1063	0
408	1063	0
409	1063	0
410	1063	0
411	1063	0
412	1063	0
413	1063	0
414	1063	0
415	1063	0
416	1063	0
417	1063	0
418	1063	0
419	1063	0
420	1063	0
421	1063	0
422	1063	0
423	1063	0
424	1063	0
425	1063	0
426	1063	0
427	1063	0
428	1063	0
429	1063	0
430	1063	0
431	1063	0
432	1063	0
433	1063	0
434	1063	0
435	1063	0
436	1063	1
437	1063	0
438	1063	0
439	1063	1
440	1063	0
441	1063	0
442	1063	0
443	1063	0
444	1063	0
445	1063	0
446	1063	1
447	1063	0
448	1063	0
449	1063	0
450	1063	0
451	1063	0
452	1063	0
453	1063	0
454	1063	0
455	1063	0
456	1063	0
457	1063	0
458	1063	0
459	1063	0
460	1063	0
461	1063	0
462	1063	0
463	1063	0
464	1063	0
465	1063	1
466	1063	0
467	1063	0
468	1063	0
469	1063	0
470	1063	0
471	1063	0
472	1063	0
473	1063	0
474	1063	1
475	1063	0
476	1063	0
477	1063	0
478	1063	0
480	1063	0
481	1063	0
482	1063	0
483	1063	0
484	1063	0
485	1063	0
486	1063	0
487	1063	0
489	1063	0
490	1063	0
491	1063	0
492	1063	0
493	1063	0
495	1063	0
496	1063	1
497	1063	0
499	1063	0
500	1063	0
501	1063	0
502	1063	1
503	1063	1
505	1063	1
506	1063	1
508	1063	1
509	1063	1
510	1063	0
511	1063	0
512	1063	0
513	1063	0
514	1063	1
515	1063	0
516	1063	0
517	1063	0
518	1063	1
519	1063	0
520	1063	1
521	1063	0
523	1063	0
524	1063	0
525	1063	0
526	1063	0
527	1063	0
528	1063	0
529	1063	0
531	1063	0
533	1063	0
534	1063	0
536	1063	0
537	1063	0
538	1063	1
540	1063	0
541	1063	0
542	1063	0
543	1063	0
544	1063	0
546	1063	0
547	1063	0
548	1063	0
549	1063	0
550	1063	0
551	1063	0
553	1063	0
554	1063	0
555	1063	0
556	1063	0
557	1063	0
558	1063	0
559	1063	0
560	1063	0
561	1063	0
562	1063	0
563	1063	0
564	1063	0
565	1063	0
566	1063	0
567	1063	0
568	1063	0
569	1063	0
570	1063	0
571	1063	0
572	1063	1
574	1063	0
575	1063	0
576	1063	0
577	1063	0
578	1063	0
579	1063	0
580	1063	0
582	1063	0
583	1063	0
584	1063	0
585	1063	0
586	1063	0
587	1063	0
588	1063	0
589	1063	0
590	1063	0
591	1063	0
592	1063	0
593	1063	1
594	1063	0
595	1063	0
596	1063	0
597	1063	0
598	1063	0
599	1063	0
600	1063	0
601	1063	0
602	1063	0
604	1063	0
605	1063	0
606	1063	0
607	1063	0
608	1063	0
609	1063	0
611	1063	0
612	1063	0
613	1063	0
614	1063	0
615	1063	0
616	1063	1
617	1063	0
618	1063	0
619	1063	0
620	1063	0
621	1063	0
622	1063	0
624	1063	0
625	1063	0
626	1063	1
627	1063	0
628	1063	0
630	1063	0
631	1063	0
632	1063	0
633	1063	0
635	1063	0
636	1063	0
640	1063	0
641	1063	0
642	1063	0
643	1063	0
644	1063	0
645	1063	1
646	1063	0
647	1063	0
648	1063	0
649	1063	1
650	1063	0
651	1063	0
652	1063	1
653	1063	0
654	1063	0
655	1063	0
656	1063	1
657	1063	1
658	1063	0
659	1063	0
660	1063	0
661	1063	0
662	1063	0
663	1063	1
664	1063	1
666	1063	1
667	1063	0
668	1063	0
669	1063	0
670	1063	0
671	1063	0
672	1063	0
673	1063	1
674	1063	0
675	1063	0
676	1063	0
677	1063	0
678	1063	0
679	1063	0
680	1063	0
681	1063	0
682	1063	0
683	1063	0
684	1063	0
685	1063	0
686	1063	0
687	1063	0
688	1063	0
689	1063	0
690	1063	0
691	1063	1
692	1063	1
693	1063	0
694	1063	1
695	1063	1
696	1063	0
697	1063	0
698	1063	0
699	1063	0
700	1063	0
701	1063	0
702	1063	0
703	1063	0
704	1063	0
705	1063	0
706	1063	0
707	1063	0
708	1063	0
709	1063	0
710	1063	0
711	1063	0
712	1063	0
713	1063	1
714	1063	0
715	1063	1
716	1063	0
717	1063	0
718	1063	0
719	1063	0
720	1063	0
721	1063	0
722	1063	0
723	1063	0
724	1063	0
725	1063	0
726	1063	0
727	1063	0
728	1063	0
730	1063	0
731	1063	0
732	1063	1
733	1063	0
734	1063	0
735	1063	0
736	1063	0
737	1063	0
738	1063	1
739	1063	1
740	1063	0
741	1063	0
742	1063	0
743	1063	0
744	1063	0
745	1063	0
746	1063	0
747	1063	0
748	1063	1
749	1063	0
750	1063	1
751	1063	0
752	1063	0
753	1063	0
754	1063	0
755	1063	0
756	1063	0
757	1063	0
758	1063	0
759	1063	1
760	1063	0
761	1063	0
762	1063	0
763	1063	0
764	1063	0
765	1063	0
766	1063	0
767	1063	0
768	1063	0
769	1063	0
770	1063	0
771	1063	0
772	1063	0
773	1063	0
774	1063	1
775	1063	0
776	1063	0
777	1063	0
778	1063	0
779	1063	0
780	1063	1
782	1063	0
783	1063	0
784	1063	0
785	1063	0
786	1063	0
787	1063	0
788	1063	0
789	1063	0
790	1063	0
791	1063	0
793	1063	0
794	1063	0
795	1063	0
796	1063	0
797	1063	0
798	1063	0
799	1063	0
800	1063	0
801	1063	0
802	1063	0
803	1063	0
804	1063	0
806	1063	0
807	1063	0
808	1063	0
809	1063	0
810	1063	0
811	1063	0
812	1063	0
813	1063	1
814	1063	1
816	1063	1
817	1063	0
818	1063	0
819	1063	0
820	1063	0
821	1063	0
822	1063	0
823	1063	0
824	1063	0
825	1063	0
826	1063	0
827	1063	1
828	1063	0
829	1063	1
830	1063	1
831	1063	0
832	1063	1
833	1063	1
834	1063	1
835	1063	0
836	1063	0
837	1063	1
839	1063	1
840	1063	1
841	1063	0
842	1063	0
843	1063	0
844	1063	0
845	1063	0
846	1063	0
847	1063	0
848	1063	0
849	1063	0
850	1063	0
851	1063	0
852	1063	1
853	1063	0
854	1063	0
855	1063	0
856	1063	0
857	1063	0
858	1063	0
859	1063	0
860	1063	0
861	1063	0
862	1063	1
863	1063	0
864	1063	0
865	1063	0
866	1063	0
867	1063	0
868	1063	0
869	1063	0
870	1063	1
872	1063	0
873	1063	0
874	1063	0
875	1063	0
876	1063	0
877	1063	0
878	1063	0
879	1063	0
880	1063	0
881	1063	0
882	1063	0
883	1063	0
884	1063	0
885	1063	0
886	1063	0
887	1063	0
888	1063	0
889	1063	0
890	1063	0
891	1063	0
892	1063	0
893	1063	0
894	1063	0
895	1063	0
896	1063	0
897	1063	0
898	1063	0
900	1063	0
901	1063	0
902	1063	0
903	1063	0
904	1063	0
905	1063	0
906	1063	0
907	1063	0
908	1063	0
909	1063	0
910	1063	0
911	1063	0
912	1063	1
913	1063	0
914	1063	0
916	1063	0
917	1063	1
918	1063	0
919	1063	0
920	1063	0
921	1063	0
922	1063	0
923	1063	0
924	1063	0
925	1063	0
926	1063	0
927	1063	0
928	1063	0
930	1063	0
931	1063	0
933	1063	1
934	1063	0
935	1063	0
936	1063	0
937	1063	0
938	1063	1
939	1063	0
940	1063	0
941	1063	0
942	1063	1
943	1063	1
944	1063	0
945	1063	0
946	1063	0
947	1063	0
948	1063	0
949	1063	0
950	1063	0
952	1063	1
953	1063	0
954	1063	0
955	1063	0
956	1063	0
958	1063	1
959	1063	0
960	1063	0
961	1063	0
962	1063	0
963	1063	0
964	1063	0
965	1063	1
966	1063	1
967	1063	1
