0	1020	0
1	1020	0
2	1020	0
3	1020	1
4	1020	0
5	1020	0
6	1020	0
7	1020	0
8	1020	1
9	1020	0
10	1020	0
11	1020	0
12	1020	0
13	1020	0
14	1020	1
15	1020	0
16	1020	0
17	1020	0
18	1020	0
19	1020	0
20	1020	0
21	1020	0
22	1020	1
23	1020	0
24	1020	0
26	1020	0
27	1020	0
28	1020	0
29	1020	0
30	1020	0
31	1020	1
32	1020	1
33	1020	0
34	1020	0
35	1020	1
36	1020	0
37	1020	0
38	1020	0
39	1020	0
40	1020	0
42	1020	0
43	1020	0
44	1020	0
45	1020	0
46	1020	0
47	1020	1
48	1020	0
49	1020	0
50	1020	0
51	1020	0
52	1020	0
53	1020	0
54	1020	0
55	1020	0
56	1020	0
57	1020	0
58	1020	0
59	1020	0
60	1020	0
61	1020	0
62	1020	0
64	1020	0
65	1020	0
66	1020	0
67	1020	0
68	1020	0
69	1020	0
70	1020	0
71	1020	1
72	1020	0
73	1020	0
74	1020	0
75	1020	0
76	1020	0
77	1020	0
78	1020	0
79	1020	0
80	1020	0
81	1020	0
82	1020	0
83	1020	0
84	1020	0
85	1020	1
86	1020	0
87	1020	0
88	1020	0
89	1020	0
90	1020	0
91	1020	0
92	1020	0
93	1020	0
94	1020	1
95	1020	0
96	1020	0
97	1020	0
98	1020	1
99	1020	0
100	1020	0
101	1020	0
102	1020	0
103	1020	0
104	1020	1
105	1020	0
106	1020	0
109	1020	0
111	1020	0
112	1020	0
113	1020	0
114	1020	0
115	1020	0
116	1020	0
117	1020	0
118	1020	0
119	1020	0
120	1020	0
121	1020	0
122	1020	0
123	1020	0
124	1020	0
125	1020	0
130	1020	0
131	1020	0
132	1020	0
133	1020	0
134	1020	0
136	1020	0
137	1020	1
138	1020	1
139	1020	0
140	1020	0
141	1020	0
142	1020	0
143	1020	0
144	1020	1
146	1020	0
147	1020	0
149	1020	0
150	1020	0
151	1020	1
152	1020	0
153	1020	0
154	1020	0
155	1020	0
156	1020	0
157	1020	0
158	1020	0
159	1020	0
160	1020	0
161	1020	0
162	1020	0
163	1020	0
164	1020	1
165	1020	0
166	1020	0
168	1020	0
169	1020	0
170	1020	0
171	1020	0
172	1020	1
173	1020	0
174	1020	0
175	1020	0
176	1020	0
177	1020	0
178	1020	0
179	1020	0
180	1020	0
181	1020	0
182	1020	0
183	1020	0
184	1020	1
187	1020	0
188	1020	1
189	1020	0
190	1020	0
191	1020	0
192	1020	0
193	1020	0
194	1020	0
195	1020	0
196	1020	0
197	1020	0
200	1020	0
201	1020	0
202	1020	0
203	1020	0
204	1020	0
206	1020	0
207	1020	0
208	1020	0
210	1020	0
211	1020	0
212	1020	0
213	1020	0
214	1020	1
216	1020	0
217	1020	0
218	1020	0
219	1020	0
220	1020	1
221	1020	1
222	1020	0
223	1020	0
224	1020	1
225	1020	0
226	1020	0
227	1020	1
228	1020	0
229	1020	0
230	1020	0
231	1020	0
232	1020	0
233	1020	0
234	1020	0
235	1020	0
236	1020	0
237	1020	0
238	1020	0
239	1020	0
240	1020	1
241	1020	0
242	1020	0
244	1020	1
245	1020	0
246	1020	0
247	1020	0
248	1020	0
249	1020	0
250	1020	0
251	1020	0
252	1020	0
253	1020	0
254	1020	0
255	1020	0
256	1020	0
258	1020	0
259	1020	0
260	1020	0
261	1020	0
262	1020	0
263	1020	0
264	1020	0
265	1020	0
266	1020	0
267	1020	0
268	1020	0
269	1020	0
270	1020	0
271	1020	0
272	1020	0
274	1020	0
275	1020	0
276	1020	0
277	1020	0
278	1020	0
279	1020	0
280	1020	1
281	1020	0
282	1020	0
283	1020	0
284	1020	0
285	1020	0
286	1020	1
288	1020	0
289	1020	0
290	1020	0
291	1020	0
292	1020	0
293	1020	0
294	1020	0
295	1020	0
296	1020	0
297	1020	0
298	1020	0
299	1020	0
300	1020	0
301	1020	0
302	1020	0
303	1020	0
304	1020	0
305	1020	0
306	1020	0
307	1020	0
308	1020	0
309	1020	0
310	1020	0
311	1020	0
312	1020	0
313	1020	0
314	1020	0
315	1020	0
316	1020	0
317	1020	0
318	1020	0
319	1020	0
320	1020	0
321	1020	0
322	1020	0
323	1020	0
324	1020	0
325	1020	1
326	1020	0
327	1020	0
328	1020	0
329	1020	0
330	1020	0
331	1020	0
333	1020	0
334	1020	0
335	1020	0
336	1020	0
337	1020	0
338	1020	0
339	1020	1
340	1020	0
341	1020	1
342	1020	0
343	1020	0
344	1020	0
346	1020	0
347	1020	0
348	1020	0
349	1020	0
350	1020	1
354	1020	0
355	1020	0
356	1020	0
357	1020	0
358	1020	0
359	1020	0
360	1020	0
361	1020	0
363	1020	1
364	1020	0
365	1020	0
366	1020	0
367	1020	0
368	1020	0
370	1020	1
371	1020	0
372	1020	0
373	1020	0
374	1020	0
375	1020	1
377	1020	1
378	1020	0
379	1020	0
380	1020	1
381	1020	0
382	1020	0
383	1020	0
384	1020	0
385	1020	1
386	1020	0
387	1020	0
388	1020	0
390	1020	0
391	1020	0
393	1020	0
394	1020	0
395	1020	0
396	1020	0
397	1020	0
398	1020	0
399	1020	0
400	1020	0
401	1020	0
402	1020	0
403	1020	0
404	1020	1
405	1020	0
406	1020	0
408	1020	0
409	1020	0
410	1020	0
411	1020	0
412	1020	0
413	1020	0
414	1020	0
415	1020	0
416	1020	0
417	1020	0
418	1020	0
419	1020	0
420	1020	0
421	1020	0
422	1020	0
423	1020	0
424	1020	1
425	1020	0
426	1020	0
427	1020	0
428	1020	0
429	1020	0
430	1020	0
431	1020	0
432	1020	0
433	1020	0
434	1020	0
435	1020	1
436	1020	0
437	1020	0
438	1020	0
439	1020	0
440	1020	0
441	1020	0
442	1020	0
443	1020	0
444	1020	0
445	1020	0
446	1020	0
447	1020	0
448	1020	0
449	1020	0
450	1020	0
451	1020	0
452	1020	0
453	1020	0
454	1020	0
455	1020	0
456	1020	0
457	1020	0
458	1020	0
459	1020	0
460	1020	0
461	1020	0
462	1020	0
463	1020	0
464	1020	0
465	1020	0
466	1020	0
467	1020	0
468	1020	0
469	1020	0
470	1020	0
471	1020	0
472	1020	0
473	1020	0
474	1020	0
475	1020	0
476	1020	0
477	1020	0
478	1020	1
480	1020	0
481	1020	1
482	1020	0
483	1020	0
484	1020	1
485	1020	0
486	1020	0
487	1020	0
489	1020	0
490	1020	0
491	1020	0
492	1020	0
493	1020	0
495	1020	0
496	1020	0
497	1020	1
499	1020	0
500	1020	0
501	1020	0
502	1020	0
503	1020	1
505	1020	0
508	1020	0
509	1020	1
510	1020	1
511	1020	0
512	1020	0
513	1020	0
514	1020	1
515	1020	1
516	1020	0
517	1020	0
518	1020	1
519	1020	0
520	1020	0
521	1020	0
522	1020	0
523	1020	0
524	1020	0
525	1020	0
526	1020	0
527	1020	0
528	1020	0
529	1020	0
533	1020	0
534	1020	0
536	1020	0
537	1020	0
538	1020	0
540	1020	0
541	1020	0
542	1020	0
543	1020	0
544	1020	0
546	1020	0
547	1020	0
548	1020	0
549	1020	0
550	1020	0
551	1020	0
553	1020	0
554	1020	0
555	1020	0
556	1020	0
557	1020	0
558	1020	1
559	1020	0
560	1020	0
561	1020	0
562	1020	0
563	1020	0
564	1020	0
565	1020	0
566	1020	0
567	1020	0
568	1020	0
569	1020	0
570	1020	0
571	1020	0
572	1020	0
573	1020	0
574	1020	0
575	1020	0
576	1020	0
577	1020	0
578	1020	0
579	1020	1
580	1020	0
582	1020	0
583	1020	1
584	1020	0
585	1020	0
586	1020	0
587	1020	0
588	1020	0
589	1020	0
590	1020	0
591	1020	0
592	1020	0
593	1020	0
594	1020	0
595	1020	0
596	1020	0
597	1020	0
598	1020	1
599	1020	0
600	1020	0
601	1020	0
602	1020	0
604	1020	0
605	1020	0
606	1020	0
607	1020	0
608	1020	0
609	1020	0
611	1020	0
612	1020	0
613	1020	0
614	1020	1
615	1020	0
616	1020	0
617	1020	0
618	1020	0
619	1020	0
620	1020	0
621	1020	0
622	1020	0
624	1020	0
625	1020	0
626	1020	0
627	1020	0
628	1020	0
630	1020	0
631	1020	0
632	1020	0
633	1020	0
635	1020	0
636	1020	0
637	1020	0
640	1020	0
641	1020	0
642	1020	0
643	1020	0
644	1020	0
645	1020	1
646	1020	0
647	1020	0
648	1020	0
649	1020	0
650	1020	1
651	1020	0
652	1020	1
653	1020	0
654	1020	0
655	1020	1
658	1020	0
659	1020	0
661	1020	0
662	1020	0
663	1020	1
664	1020	1
666	1020	0
667	1020	0
668	1020	0
669	1020	0
670	1020	0
671	1020	0
672	1020	0
673	1020	0
674	1020	0
675	1020	0
676	1020	0
680	1020	0
682	1020	0
683	1020	0
684	1020	0
685	1020	0
686	1020	0
688	1020	0
689	1020	0
690	1020	0
691	1020	0
692	1020	1
693	1020	0
694	1020	1
695	1020	0
696	1020	0
697	1020	0
698	1020	0
699	1020	0
700	1020	0
701	1020	0
702	1020	0
703	1020	0
704	1020	0
705	1020	0
706	1020	0
707	1020	0
708	1020	0
709	1020	0
710	1020	0
711	1020	0
713	1020	1
714	1020	0
715	1020	0
716	1020	0
717	1020	0
718	1020	0
720	1020	0
721	1020	0
722	1020	0
728	1020	0
730	1020	0
731	1020	0
732	1020	0
733	1020	1
734	1020	0
735	1020	0
736	1020	0
737	1020	0
738	1020	0
739	1020	0
740	1020	0
741	1020	0
742	1020	0
743	1020	0
744	1020	0
745	1020	0
746	1020	0
747	1020	0
748	1020	0
749	1020	0
750	1020	0
751	1020	1
752	1020	0
753	1020	0
754	1020	0
755	1020	0
756	1020	0
757	1020	0
758	1020	0
759	1020	0
760	1020	0
761	1020	0
762	1020	0
763	1020	0
764	1020	0
765	1020	0
766	1020	0
767	1020	0
768	1020	1
769	1020	0
770	1020	0
771	1020	0
772	1020	0
773	1020	0
774	1020	1
775	1020	0
776	1020	0
777	1020	0
778	1020	0
779	1020	0
780	1020	0
783	1020	0
784	1020	0
785	1020	0
786	1020	0
787	1020	0
788	1020	0
789	1020	0
790	1020	0
791	1020	0
794	1020	0
796	1020	0
797	1020	0
798	1020	0
799	1020	0
800	1020	0
801	1020	0
802	1020	0
803	1020	0
804	1020	0
806	1020	0
807	1020	0
808	1020	0
809	1020	0
810	1020	0
811	1020	0
814	1020	0
816	1020	0
817	1020	1
819	1020	0
820	1020	0
821	1020	0
824	1020	0
825	1020	0
827	1020	0
828	1020	0
830	1020	1
831	1020	1
832	1020	1
833	1020	1
834	1020	0
835	1020	0
836	1020	0
837	1020	1
839	1020	0
840	1020	1
841	1020	0
843	1020	0
844	1020	0
845	1020	0
846	1020	0
847	1020	0
848	1020	0
849	1020	0
850	1020	0
851	1020	0
852	1020	0
853	1020	0
854	1020	0
855	1020	0
856	1020	0
857	1020	0
858	1020	0
859	1020	0
860	1020	0
861	1020	0
862	1020	0
863	1020	0
864	1020	0
865	1020	0
866	1020	0
867	1020	0
868	1020	0
869	1020	1
870	1020	0
872	1020	0
873	1020	0
874	1020	0
875	1020	0
876	1020	0
877	1020	0
879	1020	0
880	1020	0
881	1020	0
882	1020	0
883	1020	0
884	1020	0
885	1020	0
886	1020	0
887	1020	0
888	1020	0
889	1020	0
890	1020	0
891	1020	0
892	1020	0
893	1020	0
894	1020	0
895	1020	0
896	1020	0
897	1020	0
898	1020	0
900	1020	0
901	1020	0
902	1020	0
903	1020	0
904	1020	0
905	1020	0
906	1020	0
907	1020	0
908	1020	0
909	1020	0
911	1020	0
912	1020	1
913	1020	0
914	1020	0
916	1020	0
917	1020	1
918	1020	0
919	1020	0
920	1020	0
921	1020	0
922	1020	0
923	1020	0
924	1020	0
925	1020	0
927	1020	0
928	1020	1
930	1020	0
931	1020	0
933	1020	0
934	1020	0
936	1020	0
937	1020	0
939	1020	0
940	1020	1
941	1020	0
942	1020	1
943	1020	0
944	1020	0
945	1020	1
946	1020	0
947	1020	0
948	1020	0
949	1020	0
950	1020	0
952	1020	0
953	1020	0
954	1020	0
955	1020	0
956	1020	0
958	1020	0
961	1020	0
962	1020	0
963	1020	0
964	1020	0
965	1020	0
966	1020	1
967	1020	0
