8	1004	1
10	1004	0
13	1004	0
16	1004	0
18	1004	1
20	1004	0
21	1004	0
24	1004	0
31	1004	0
32	1004	0
33	1004	0
34	1004	0
36	1004	0
39	1004	0
42	1004	0
43	1004	0
44	1004	0
45	1004	0
47	1004	0
48	1004	0
49	1004	0
59	1004	0
61	1004	0
64	1004	0
67	1004	0
71	1004	0
76	1004	0
87	1004	0
93	1004	0
96	1004	0
98	1004	0
101	1004	0
106	1004	0
109	1004	0
112	1004	0
113	1004	0
117	1004	0
120	1004	0
121	1004	0
122	1004	0
125	1004	0
130	1004	0
131	1004	0
133	1004	0
134	1004	0
137	1004	0
138	1004	0
139	1004	0
140	1004	1
141	1004	0
142	1004	0
143	1004	1
144	1004	0
146	1004	0
147	1004	1
151	1004	0
152	1004	0
154	1004	0
156	1004	0
157	1004	0
159	1004	0
162	1004	0
163	1004	1
164	1004	1
168	1004	0
170	1004	0
171	1004	0
172	1004	1
174	1004	0
176	1004	0
182	1004	0
183	1004	0
184	1004	0
188	1004	0
190	1004	0
191	1004	0
192	1004	0
193	1004	0
194	1004	0
195	1004	0
196	1004	0
197	1004	0
201	1004	0
202	1004	0
203	1004	1
204	1004	0
205	1004	0
206	1004	0
207	1004	0
208	1004	0
210	1004	0
211	1004	0
214	1004	0
221	1004	1
222	1004	0
224	1004	0
225	1004	0
227	1004	1
228	1004	0
230	1004	0
232	1004	0
233	1004	0
234	1004	0
251	1004	1
252	1004	0
253	1004	1
255	1004	0
263	1004	0
269	1004	0
274	1004	0
275	1004	0
276	1004	0
282	1004	0
283	1004	0
289	1004	0
290	1004	0
296	1004	0
301	1004	0
310	1004	0
316	1004	0
328	1004	0
334	1004	0
336	1004	0
338	1004	0
339	1004	0
340	1004	0
341	1004	0
343	1004	0
358	1004	0
359	1004	0
360	1004	0
363	1004	0
364	1004	0
365	1004	0
367	1004	0
368	1004	0
370	1004	1
371	1004	0
372	1004	0
373	1004	0
375	1004	0
377	1004	0
378	1004	0
379	1004	0
380	1004	0
381	1004	1
382	1004	0
384	1004	0
385	1004	0
386	1004	0
390	1004	1
391	1004	0
393	1004	0
401	1004	0
402	1004	0
404	1004	0
405	1004	0
406	1004	0
420	1004	0
421	1004	0
422	1004	0
423	1004	0
424	1004	0
425	1004	0
426	1004	0
427	1004	0
428	1004	0
429	1004	0
430	1004	0
431	1004	0
432	1004	0
433	1004	0
435	1004	0
436	1004	0
443	1004	0
446	1004	0
448	1004	0
449	1004	0
450	1004	0
451	1004	0
453	1004	0
454	1004	0
455	1004	0
457	1004	0
458	1004	0
459	1004	0
461	1004	0
464	1004	1
465	1004	0
475	1004	0
476	1004	0
478	1004	0
486	1004	0
487	1004	0
489	1004	0
496	1004	0
497	1004	0
499	1004	0
500	1004	0
503	1004	1
505	1004	1
508	1004	0
509	1004	0
510	1004	1
511	1004	0
512	1004	0
514	1004	1
515	1004	0
516	1004	0
517	1004	0
518	1004	0
519	1004	0
520	1004	0
521	1004	0
522	1004	0
523	1004	0
524	1004	0
525	1004	0
526	1004	0
527	1004	0
528	1004	0
529	1004	0
534	1004	0
536	1004	0
538	1004	0
540	1004	0
541	1004	0
542	1004	0
544	1004	0
549	1004	0
551	1004	0
554	1004	0
557	1004	0
561	1004	1
565	1004	0
566	1004	0
567	1004	0
568	1004	0
569	1004	0
573	1004	0
574	1004	0
584	1004	0
585	1004	0
588	1004	0
589	1004	0
592	1004	0
593	1004	0
595	1004	0
597	1004	0
607	1004	0
608	1004	0
612	1004	0
613	1004	0
616	1004	0
617	1004	0
620	1004	0
625	1004	0
626	1004	0
627	1004	0
630	1004	0
631	1004	0
633	1004	0
637	1004	0
640	1004	0
641	1004	0
642	1004	0
643	1004	0
644	1004	0
645	1004	0
646	1004	0
647	1004	0
648	1004	0
649	1004	0
650	1004	1
651	1004	0
652	1004	0
661	1004	0
662	1004	0
663	1004	0
664	1004	0
666	1004	0
667	1004	0
672	1004	0
673	1004	1
674	1004	0
683	1004	0
692	1004	0
693	1004	0
694	1004	0
713	1004	1
715	1004	0
718	1004	0
720	1004	0
721	1004	0
722	1004	0
728	1004	0
732	1004	1
737	1004	0
738	1004	0
741	1004	0
742	1004	1
743	1004	0
745	1004	0
747	1004	0
748	1004	0
749	1004	0
750	1004	0
754	1004	0
758	1004	0
761	1004	0
763	1004	0
767	1004	0
768	1004	0
769	1004	0
771	1004	0
772	1004	1
773	1004	0
774	1004	1
778	1004	0
780	1004	0
784	1004	0
786	1004	0
787	1004	0
796	1004	1
798	1004	0
799	1004	0
802	1004	0
803	1004	0
805	1004	0
808	1004	0
810	1004	0
824	1004	0
827	1004	0
828	1004	0
830	1004	0
831	1004	1
833	1004	1
834	1004	1
837	1004	0
839	1004	0
840	1004	1
855	1004	0
859	1004	0
862	1004	0
863	1004	0
870	1004	0
873	1004	0
874	1004	0
876	1004	0
877	1004	0
879	1004	0
880	1004	0
881	1004	0
882	1004	0
883	1004	0
885	1004	0
887	1004	0
888	1004	0
889	1004	0
890	1004	0
895	1004	0
900	1004	0
901	1004	0
904	1004	0
906	1004	0
911	1004	0
912	1004	0
913	1004	0
917	1004	0
923	1004	0
924	1004	0
928	1004	1
937	1004	0
943	1004	1
944	1004	0
947	1004	0
949	1004	0
952	1004	0
953	1004	0
954	1004	0
955	1004	0
956	1004	0
958	1004	0
963	1004	0
964	1004	0
965	1004	0
967	1004	0
