0	1043	0
1	1043	0
2	1043	0
3	1043	0
4	1043	0
5	1043	0
6	1043	0
7	1043	0
8	1043	0
9	1043	0
10	1043	0
11	1043	0
12	1043	0
13	1043	0
14	1043	0
15	1043	0
16	1043	0
17	1043	0
18	1043	0
19	1043	1
20	1043	0
21	1043	0
22	1043	1
23	1043	0
24	1043	0
26	1043	0
27	1043	1
28	1043	0
29	1043	0
30	1043	0
31	1043	1
32	1043	0
33	1043	0
34	1043	0
35	1043	0
36	1043	0
37	1043	0
38	1043	0
39	1043	1
40	1043	0
42	1043	0
43	1043	0
44	1043	0
45	1043	0
46	1043	0
47	1043	0
48	1043	0
49	1043	0
50	1043	0
51	1043	0
52	1043	0
53	1043	0
54	1043	0
55	1043	0
56	1043	0
57	1043	0
58	1043	0
59	1043	0
60	1043	0
61	1043	0
62	1043	0
64	1043	0
65	1043	0
66	1043	1
67	1043	0
68	1043	0
69	1043	0
70	1043	0
71	1043	0
72	1043	0
73	1043	1
74	1043	0
75	1043	1
76	1043	0
77	1043	0
78	1043	0
79	1043	0
80	1043	0
81	1043	0
82	1043	0
83	1043	0
84	1043	0
85	1043	0
86	1043	0
87	1043	0
88	1043	1
89	1043	0
90	1043	0
91	1043	0
92	1043	0
93	1043	0
94	1043	0
95	1043	0
96	1043	0
97	1043	0
98	1043	0
99	1043	0
100	1043	0
101	1043	0
102	1043	1
103	1043	0
104	1043	0
105	1043	0
106	1043	0
109	1043	1
111	1043	0
112	1043	0
113	1043	0
114	1043	0
115	1043	0
116	1043	0
117	1043	0
118	1043	0
119	1043	0
120	1043	0
121	1043	0
122	1043	0
123	1043	0
124	1043	0
125	1043	0
130	1043	0
131	1043	0
132	1043	0
133	1043	0
134	1043	0
136	1043	0
137	1043	0
138	1043	0
139	1043	0
141	1043	0
142	1043	0
144	1043	0
146	1043	0
147	1043	0
149	1043	0
150	1043	1
151	1043	0
152	1043	0
153	1043	0
154	1043	0
155	1043	0
156	1043	0
157	1043	0
159	1043	0
160	1043	0
161	1043	0
162	1043	0
163	1043	0
164	1043	0
165	1043	0
166	1043	0
168	1043	0
169	1043	0
170	1043	0
171	1043	0
172	1043	0
173	1043	0
174	1043	0
175	1043	0
177	1043	0
178	1043	0
179	1043	0
180	1043	0
181	1043	0
182	1043	0
183	1043	1
184	1043	0
187	1043	0
188	1043	1
189	1043	0
190	1043	0
191	1043	0
192	1043	0
193	1043	1
194	1043	0
195	1043	0
196	1043	0
197	1043	0
200	1043	0
201	1043	0
202	1043	0
203	1043	0
204	1043	0
207	1043	0
208	1043	0
210	1043	0
211	1043	0
212	1043	0
213	1043	0
214	1043	0
216	1043	0
217	1043	0
218	1043	0
219	1043	1
222	1043	0
223	1043	0
224	1043	0
225	1043	0
226	1043	0
227	1043	0
228	1043	0
229	1043	0
230	1043	0
231	1043	1
232	1043	0
233	1043	1
234	1043	0
235	1043	0
236	1043	0
237	1043	0
238	1043	0
239	1043	0
240	1043	0
241	1043	0
242	1043	0
244	1043	0
245	1043	0
246	1043	0
247	1043	1
248	1043	0
249	1043	0
250	1043	0
251	1043	0
252	1043	0
253	1043	0
254	1043	0
255	1043	0
256	1043	1
258	1043	1
259	1043	0
260	1043	0
261	1043	0
262	1043	1
263	1043	0
264	1043	0
266	1043	0
267	1043	0
268	1043	0
269	1043	0
270	1043	0
271	1043	0
272	1043	0
273	1043	0
274	1043	0
275	1043	0
276	1043	0
277	1043	0
278	1043	0
279	1043	0
280	1043	0
281	1043	0
282	1043	0
283	1043	1
284	1043	0
285	1043	0
286	1043	0
288	1043	0
289	1043	1
290	1043	1
291	1043	0
292	1043	0
293	1043	0
294	1043	0
295	1043	0
296	1043	0
297	1043	0
298	1043	0
299	1043	0
300	1043	0
301	1043	0
302	1043	0
303	1043	0
304	1043	0
306	1043	0
307	1043	0
308	1043	0
309	1043	1
310	1043	0
311	1043	0
312	1043	0
313	1043	0
314	1043	0
315	1043	0
317	1043	0
318	1043	0
319	1043	0
320	1043	0
321	1043	0
322	1043	0
323	1043	0
324	1043	0
325	1043	0
326	1043	0
327	1043	0
328	1043	1
329	1043	1
330	1043	0
331	1043	1
333	1043	0
334	1043	0
335	1043	1
336	1043	0
337	1043	0
338	1043	0
339	1043	0
340	1043	0
341	1043	0
342	1043	0
343	1043	0
344	1043	0
346	1043	1
347	1043	0
348	1043	0
349	1043	0
350	1043	0
354	1043	0
355	1043	0
356	1043	0
357	1043	0
358	1043	0
359	1043	0
360	1043	0
361	1043	0
363	1043	0
364	1043	0
365	1043	0
366	1043	0
367	1043	0
368	1043	0
371	1043	0
372	1043	0
373	1043	0
374	1043	1
377	1043	0
378	1043	0
379	1043	0
380	1043	0
381	1043	0
382	1043	0
383	1043	0
384	1043	0
385	1043	0
386	1043	0
387	1043	0
388	1043	0
390	1043	0
391	1043	0
393	1043	0
394	1043	0
395	1043	0
396	1043	0
397	1043	0
398	1043	0
399	1043	0
400	1043	0
401	1043	0
402	1043	1
403	1043	0
404	1043	0
405	1043	0
406	1043	0
408	1043	0
409	1043	0
410	1043	0
411	1043	1
412	1043	0
413	1043	0
414	1043	0
415	1043	0
416	1043	0
417	1043	0
418	1043	0
419	1043	0
420	1043	0
421	1043	0
422	1043	0
423	1043	0
424	1043	0
425	1043	0
427	1043	0
428	1043	0
429	1043	0
430	1043	0
431	1043	1
432	1043	0
433	1043	0
434	1043	0
435	1043	0
436	1043	1
437	1043	0
438	1043	0
439	1043	0
440	1043	0
441	1043	0
442	1043	0
443	1043	0
444	1043	0
445	1043	0
446	1043	1
447	1043	1
448	1043	0
449	1043	0
450	1043	0
451	1043	0
452	1043	0
453	1043	0
454	1043	0
455	1043	0
456	1043	0
457	1043	0
458	1043	0
459	1043	0
460	1043	0
461	1043	1
462	1043	0
463	1043	0
464	1043	0
465	1043	1
466	1043	0
467	1043	0
468	1043	0
469	1043	1
470	1043	0
471	1043	0
472	1043	0
473	1043	0
474	1043	0
475	1043	0
476	1043	0
477	1043	0
478	1043	0
480	1043	0
481	1043	0
482	1043	0
483	1043	0
484	1043	0
485	1043	1
486	1043	1
487	1043	0
489	1043	0
490	1043	1
491	1043	0
492	1043	0
493	1043	0
495	1043	1
496	1043	0
497	1043	0
499	1043	0
500	1043	0
501	1043	0
502	1043	0
503	1043	0
505	1043	0
508	1043	0
509	1043	0
510	1043	0
511	1043	0
512	1043	0
513	1043	0
514	1043	1
515	1043	0
516	1043	0
517	1043	0
518	1043	0
519	1043	0
520	1043	0
521	1043	0
522	1043	0
523	1043	0
524	1043	0
525	1043	0
527	1043	0
528	1043	0
529	1043	0
533	1043	0
534	1043	0
536	1043	0
537	1043	0
538	1043	0
540	1043	0
541	1043	0
542	1043	0
543	1043	0
544	1043	0
546	1043	0
547	1043	0
548	1043	0
549	1043	0
550	1043	0
551	1043	0
553	1043	0
554	1043	0
555	1043	0
556	1043	0
557	1043	0
558	1043	0
559	1043	0
560	1043	0
561	1043	0
562	1043	0
563	1043	0
564	1043	0
565	1043	0
566	1043	0
567	1043	0
568	1043	0
569	1043	0
570	1043	0
571	1043	0
572	1043	0
573	1043	0
574	1043	0
575	1043	0
576	1043	0
577	1043	0
578	1043	0
579	1043	0
580	1043	0
582	1043	0
583	1043	0
584	1043	0
585	1043	0
586	1043	0
587	1043	1
588	1043	0
589	1043	0
590	1043	0
591	1043	0
592	1043	0
593	1043	0
594	1043	0
595	1043	0
596	1043	0
597	1043	0
598	1043	0
599	1043	0
600	1043	0
601	1043	0
602	1043	0
604	1043	0
605	1043	0
606	1043	0
607	1043	0
608	1043	0
609	1043	0
611	1043	0
612	1043	0
613	1043	0
614	1043	0
615	1043	0
616	1043	0
617	1043	0
618	1043	0
620	1043	0
621	1043	1
622	1043	0
624	1043	0
625	1043	0
626	1043	0
627	1043	0
628	1043	0
630	1043	0
631	1043	0
632	1043	0
633	1043	0
635	1043	0
636	1043	0
637	1043	0
640	1043	0
641	1043	0
642	1043	0
643	1043	0
644	1043	0
645	1043	0
646	1043	0
647	1043	0
648	1043	0
649	1043	0
650	1043	1
651	1043	0
652	1043	0
653	1043	0
654	1043	0
655	1043	0
658	1043	0
659	1043	0
661	1043	1
662	1043	0
663	1043	1
664	1043	0
666	1043	0
667	1043	1
668	1043	0
669	1043	0
670	1043	0
671	1043	0
672	1043	0
673	1043	0
674	1043	0
675	1043	0
676	1043	0
680	1043	0
682	1043	0
683	1043	0
684	1043	0
685	1043	0
686	1043	0
689	1043	0
690	1043	0
691	1043	0
692	1043	0
693	1043	0
694	1043	0
695	1043	0
696	1043	0
697	1043	0
698	1043	0
699	1043	0
700	1043	0
702	1043	0
703	1043	0
704	1043	0
705	1043	0
706	1043	0
707	1043	0
708	1043	0
709	1043	0
710	1043	0
711	1043	0
713	1043	0
714	1043	0
715	1043	1
716	1043	0
717	1043	0
718	1043	1
720	1043	0
721	1043	0
722	1043	0
728	1043	0
730	1043	0
731	1043	0
732	1043	0
733	1043	0
734	1043	0
735	1043	0
736	1043	0
737	1043	0
738	1043	0
739	1043	0
740	1043	0
741	1043	1
742	1043	0
744	1043	0
745	1043	0
746	1043	0
747	1043	0
748	1043	0
749	1043	0
750	1043	0
751	1043	0
752	1043	0
753	1043	0
755	1043	1
756	1043	0
757	1043	0
758	1043	0
759	1043	0
760	1043	0
761	1043	0
762	1043	0
763	1043	0
764	1043	0
765	1043	0
766	1043	0
767	1043	0
768	1043	0
769	1043	0
770	1043	1
771	1043	0
772	1043	0
773	1043	0
774	1043	1
775	1043	0
776	1043	1
777	1043	0
778	1043	0
779	1043	0
780	1043	0
783	1043	0
784	1043	1
785	1043	0
786	1043	0
787	1043	0
788	1043	0
789	1043	0
790	1043	0
791	1043	0
794	1043	0
796	1043	0
797	1043	0
798	1043	0
799	1043	0
800	1043	0
801	1043	0
802	1043	0
803	1043	0
804	1043	0
806	1043	0
807	1043	0
808	1043	0
809	1043	0
810	1043	1
811	1043	0
814	1043	0
816	1043	0
817	1043	1
819	1043	1
820	1043	0
821	1043	0
824	1043	0
825	1043	0
827	1043	1
828	1043	0
830	1043	0
831	1043	0
832	1043	0
833	1043	0
834	1043	1
835	1043	0
836	1043	0
837	1043	0
839	1043	0
840	1043	0
841	1043	0
843	1043	0
844	1043	0
845	1043	0
846	1043	0
847	1043	0
848	1043	0
849	1043	0
850	1043	0
851	1043	0
852	1043	0
853	1043	0
854	1043	0
855	1043	0
856	1043	0
857	1043	0
858	1043	0
859	1043	0
860	1043	0
861	1043	0
862	1043	0
863	1043	0
864	1043	0
865	1043	0
866	1043	1
867	1043	0
868	1043	0
869	1043	0
870	1043	0
872	1043	0
873	1043	0
874	1043	0
875	1043	0
876	1043	0
877	1043	0
879	1043	0
880	1043	0
881	1043	0
882	1043	0
883	1043	0
884	1043	0
885	1043	0
886	1043	0
887	1043	0
888	1043	0
889	1043	0
890	1043	0
891	1043	0
892	1043	0
893	1043	0
894	1043	0
895	1043	0
896	1043	1
897	1043	0
898	1043	0
900	1043	0
901	1043	0
902	1043	0
903	1043	0
904	1043	0
905	1043	0
906	1043	0
907	1043	0
908	1043	0
909	1043	0
911	1043	0
912	1043	0
913	1043	0
914	1043	0
916	1043	0
917	1043	0
918	1043	0
919	1043	0
920	1043	0
921	1043	0
922	1043	0
923	1043	0
924	1043	0
925	1043	0
927	1043	0
928	1043	0
930	1043	0
933	1043	0
934	1043	0
936	1043	0
937	1043	0
939	1043	0
940	1043	0
941	1043	0
942	1043	0
943	1043	1
944	1043	0
945	1043	0
947	1043	0
948	1043	0
949	1043	0
952	1043	0
953	1043	0
954	1043	0
955	1043	0
956	1043	0
958	1043	0
961	1043	0
962	1043	0
963	1043	1
964	1043	0
965	1043	0
966	1043	0
967	1043	0
