0	1066	0
1	1066	0
2	1066	0
3	1066	0
4	1066	0
5	1066	1
6	1066	0
7	1066	0
8	1066	1
9	1066	1
10	1066	0
11	1066	0
12	1066	0
13	1066	0
14	1066	0
15	1066	0
16	1066	0
17	1066	1
18	1066	0
19	1066	0
20	1066	0
21	1066	0
22	1066	0
23	1066	0
24	1066	0
26	1066	0
27	1066	0
28	1066	0
29	1066	0
30	1066	0
31	1066	1
32	1066	1
33	1066	0
34	1066	0
35	1066	0
36	1066	0
37	1066	0
38	1066	0
39	1066	1
40	1066	0
42	1066	0
43	1066	0
44	1066	0
45	1066	0
46	1066	0
47	1066	1
48	1066	0
49	1066	0
50	1066	0
51	1066	0
52	1066	0
53	1066	0
54	1066	0
55	1066	0
56	1066	0
57	1066	0
58	1066	0
59	1066	1
60	1066	0
61	1066	0
62	1066	0
64	1066	0
65	1066	0
66	1066	0
67	1066	0
68	1066	0
69	1066	0
70	1066	1
71	1066	0
72	1066	0
73	1066	0
74	1066	0
75	1066	0
76	1066	0
77	1066	0
78	1066	0
79	1066	0
80	1066	0
81	1066	0
82	1066	0
83	1066	0
84	1066	0
85	1066	0
86	1066	0
87	1066	0
88	1066	0
89	1066	0
90	1066	0
91	1066	0
92	1066	0
93	1066	0
94	1066	0
95	1066	0
96	1066	0
97	1066	0
98	1066	0
99	1066	0
100	1066	0
102	1066	1
103	1066	0
104	1066	0
105	1066	0
106	1066	0
109	1066	1
111	1066	0
112	1066	0
113	1066	1
114	1066	0
115	1066	0
116	1066	0
117	1066	0
118	1066	0
119	1066	0
120	1066	0
121	1066	0
122	1066	0
123	1066	0
124	1066	0
125	1066	0
126	1066	0
127	1066	1
129	1066	1
130	1066	0
131	1066	0
132	1066	0
133	1066	0
134	1066	0
136	1066	0
137	1066	0
138	1066	1
139	1066	0
140	1066	0
141	1066	0
142	1066	0
143	1066	0
144	1066	0
145	1066	0
146	1066	0
147	1066	0
148	1066	0
149	1066	0
150	1066	1
151	1066	0
152	1066	0
153	1066	0
154	1066	0
155	1066	0
156	1066	0
157	1066	0
158	1066	0
159	1066	0
160	1066	0
161	1066	0
162	1066	0
163	1066	1
165	1066	0
166	1066	0
167	1066	0
168	1066	0
169	1066	0
170	1066	1
171	1066	0
172	1066	1
173	1066	0
174	1066	0
175	1066	0
177	1066	0
178	1066	0
179	1066	0
180	1066	0
182	1066	0
183	1066	0
184	1066	0
185	1066	0
186	1066	0
187	1066	0
188	1066	0
189	1066	0
190	1066	0
191	1066	0
192	1066	1
193	1066	0
194	1066	1
195	1066	0
196	1066	1
197	1066	1
198	1066	0
199	1066	0
200	1066	0
201	1066	0
202	1066	0
203	1066	1
204	1066	0
206	1066	1
207	1066	0
208	1066	1
210	1066	0
211	1066	0
212	1066	1
213	1066	0
214	1066	0
215	1066	0
216	1066	0
217	1066	0
218	1066	0
219	1066	0
220	1066	0
222	1066	0
223	1066	0
224	1066	0
225	1066	0
226	1066	0
227	1066	1
228	1066	0
229	1066	0
230	1066	0
231	1066	0
232	1066	0
233	1066	0
234	1066	0
235	1066	0
236	1066	0
237	1066	0
238	1066	0
239	1066	1
240	1066	0
241	1066	0
242	1066	0
244	1066	0
245	1066	0
246	1066	0
247	1066	0
248	1066	0
249	1066	0
250	1066	0
251	1066	0
252	1066	0
253	1066	1
254	1066	0
255	1066	0
256	1066	0
258	1066	0
259	1066	0
260	1066	0
261	1066	0
262	1066	0
263	1066	1
264	1066	0
265	1066	0
266	1066	0
267	1066	0
268	1066	0
269	1066	0
270	1066	0
271	1066	0
272	1066	0
273	1066	0
274	1066	0
275	1066	0
276	1066	0
277	1066	0
278	1066	0
279	1066	0
280	1066	1
281	1066	0
282	1066	0
283	1066	0
284	1066	0
285	1066	0
286	1066	0
287	1066	0
288	1066	0
289	1066	0
290	1066	0
291	1066	0
292	1066	0
293	1066	0
294	1066	0
295	1066	0
296	1066	0
297	1066	0
298	1066	0
299	1066	0
300	1066	0
301	1066	0
302	1066	0
303	1066	0
304	1066	0
305	1066	0
306	1066	0
307	1066	0
308	1066	0
309	1066	0
310	1066	0
311	1066	0
312	1066	0
313	1066	0
314	1066	0
315	1066	0
316	1066	0
317	1066	0
318	1066	0
319	1066	0
320	1066	0
321	1066	0
322	1066	0
323	1066	0
324	1066	0
325	1066	0
326	1066	0
327	1066	0
328	1066	1
329	1066	0
330	1066	0
331	1066	0
333	1066	0
335	1066	0
336	1066	1
337	1066	0
338	1066	0
339	1066	0
340	1066	1
341	1066	0
342	1066	0
343	1066	0
344	1066	0
346	1066	0
347	1066	0
348	1066	0
349	1066	0
350	1066	0
351	1066	0
352	1066	0
354	1066	0
355	1066	0
357	1066	0
358	1066	0
359	1066	0
360	1066	1
361	1066	0
363	1066	0
364	1066	0
365	1066	0
366	1066	0
367	1066	0
368	1066	0
371	1066	0
372	1066	0
373	1066	1
374	1066	1
375	1066	1
377	1066	0
378	1066	1
379	1066	0
380	1066	0
381	1066	0
382	1066	0
383	1066	0
384	1066	0
385	1066	0
386	1066	0
387	1066	0
388	1066	0
389	1066	0
390	1066	1
391	1066	0
393	1066	0
394	1066	0
395	1066	0
397	1066	1
398	1066	0
399	1066	0
400	1066	0
401	1066	0
402	1066	0
403	1066	0
404	1066	0
405	1066	0
406	1066	0
407	1066	1
408	1066	0
409	1066	0
410	1066	0
411	1066	0
412	1066	0
413	1066	0
414	1066	0
415	1066	1
416	1066	1
417	1066	0
418	1066	0
419	1066	0
420	1066	0
421	1066	0
422	1066	0
423	1066	0
424	1066	0
425	1066	0
426	1066	0
427	1066	0
428	1066	0
429	1066	0
430	1066	0
431	1066	0
432	1066	0
433	1066	0
434	1066	0
435	1066	0
436	1066	0
437	1066	0
438	1066	0
439	1066	0
440	1066	0
441	1066	0
442	1066	0
443	1066	0
444	1066	0
445	1066	0
446	1066	1
447	1066	0
448	1066	0
449	1066	0
450	1066	0
451	1066	0
452	1066	0
453	1066	0
454	1066	0
455	1066	0
456	1066	0
457	1066	0
458	1066	0
459	1066	0
460	1066	0
461	1066	0
462	1066	0
463	1066	0
464	1066	1
465	1066	0
466	1066	0
467	1066	0
468	1066	0
469	1066	0
470	1066	0
471	1066	0
472	1066	0
473	1066	0
474	1066	0
475	1066	0
476	1066	0
477	1066	1
478	1066	0
480	1066	0
481	1066	0
482	1066	0
483	1066	0
484	1066	0
485	1066	0
486	1066	0
487	1066	0
489	1066	0
490	1066	0
491	1066	0
492	1066	0
493	1066	0
495	1066	0
496	1066	0
497	1066	0
499	1066	0
500	1066	0
501	1066	0
502	1066	0
503	1066	1
505	1066	1
506	1066	1
508	1066	1
509	1066	1
510	1066	0
511	1066	0
512	1066	0
513	1066	0
514	1066	1
515	1066	0
516	1066	0
517	1066	0
518	1066	1
519	1066	0
520	1066	1
521	1066	0
523	1066	0
524	1066	0
525	1066	0
526	1066	0
527	1066	0
528	1066	0
529	1066	0
531	1066	0
533	1066	0
534	1066	0
536	1066	0
537	1066	0
538	1066	0
540	1066	0
541	1066	0
542	1066	0
543	1066	0
544	1066	0
546	1066	0
547	1066	0
548	1066	0
549	1066	0
550	1066	0
551	1066	0
553	1066	0
554	1066	0
555	1066	0
556	1066	0
557	1066	0
558	1066	0
559	1066	0
560	1066	0
561	1066	0
562	1066	0
563	1066	0
564	1066	0
565	1066	0
566	1066	0
567	1066	0
568	1066	0
569	1066	0
570	1066	0
571	1066	1
572	1066	0
574	1066	0
575	1066	0
576	1066	0
577	1066	0
578	1066	0
579	1066	0
580	1066	0
582	1066	0
583	1066	0
584	1066	0
585	1066	0
586	1066	0
587	1066	0
588	1066	0
589	1066	0
590	1066	0
591	1066	0
592	1066	0
593	1066	0
594	1066	0
595	1066	0
596	1066	0
597	1066	0
598	1066	0
599	1066	0
600	1066	0
601	1066	0
602	1066	0
604	1066	0
605	1066	0
606	1066	0
607	1066	0
608	1066	0
609	1066	1
611	1066	0
612	1066	0
613	1066	0
614	1066	0
615	1066	0
616	1066	0
617	1066	0
618	1066	0
619	1066	0
620	1066	0
621	1066	0
622	1066	0
624	1066	0
625	1066	1
626	1066	0
627	1066	0
628	1066	0
630	1066	0
631	1066	0
632	1066	0
633	1066	0
635	1066	0
636	1066	0
640	1066	0
641	1066	0
642	1066	0
643	1066	0
644	1066	1
645	1066	1
646	1066	0
647	1066	0
648	1066	0
649	1066	0
650	1066	1
651	1066	0
652	1066	0
653	1066	0
654	1066	0
655	1066	0
656	1066	1
657	1066	0
658	1066	0
659	1066	0
660	1066	0
661	1066	0
662	1066	1
663	1066	0
664	1066	1
666	1066	1
667	1066	1
668	1066	0
669	1066	0
670	1066	0
671	1066	0
672	1066	0
673	1066	0
674	1066	0
675	1066	0
676	1066	0
677	1066	0
678	1066	0
679	1066	0
680	1066	0
681	1066	0
682	1066	0
683	1066	0
684	1066	0
685	1066	0
686	1066	0
687	1066	0
688	1066	0
689	1066	0
690	1066	0
691	1066	1
692	1066	1
693	1066	0
694	1066	1
695	1066	1
696	1066	0
697	1066	0
698	1066	0
699	1066	0
700	1066	0
701	1066	0
702	1066	0
703	1066	1
704	1066	0
705	1066	0
706	1066	0
707	1066	0
708	1066	0
709	1066	0
710	1066	0
711	1066	0
712	1066	0
713	1066	1
714	1066	0
715	1066	0
716	1066	0
717	1066	0
718	1066	0
719	1066	0
720	1066	0
721	1066	0
722	1066	0
723	1066	0
724	1066	0
725	1066	0
726	1066	0
727	1066	0
728	1066	0
730	1066	0
731	1066	0
732	1066	1
733	1066	0
734	1066	0
735	1066	0
736	1066	0
737	1066	0
738	1066	1
739	1066	0
740	1066	0
741	1066	0
742	1066	0
743	1066	0
744	1066	0
745	1066	0
746	1066	0
747	1066	0
748	1066	1
749	1066	0
750	1066	1
751	1066	0
752	1066	0
753	1066	0
754	1066	0
755	1066	0
756	1066	0
757	1066	0
758	1066	0
759	1066	0
760	1066	0
761	1066	0
762	1066	0
763	1066	0
764	1066	0
765	1066	1
766	1066	0
767	1066	0
768	1066	0
769	1066	0
770	1066	0
771	1066	0
772	1066	0
773	1066	0
774	1066	1
775	1066	0
776	1066	0
777	1066	0
778	1066	0
779	1066	0
780	1066	0
782	1066	0
783	1066	0
784	1066	0
785	1066	0
786	1066	0
787	1066	0
788	1066	0
789	1066	0
790	1066	0
791	1066	0
793	1066	0
794	1066	0
795	1066	0
796	1066	0
797	1066	0
798	1066	0
799	1066	0
800	1066	0
801	1066	1
802	1066	0
803	1066	0
804	1066	0
806	1066	0
807	1066	0
808	1066	0
809	1066	0
810	1066	0
811	1066	0
812	1066	0
813	1066	0
814	1066	0
816	1066	0
817	1066	0
818	1066	0
819	1066	1
820	1066	0
821	1066	0
822	1066	0
823	1066	0
824	1066	0
825	1066	0
826	1066	0
827	1066	0
828	1066	0
829	1066	0
830	1066	0
831	1066	0
832	1066	0
833	1066	0
834	1066	0
835	1066	0
836	1066	0
837	1066	1
839	1066	0
840	1066	1
841	1066	0
842	1066	0
843	1066	0
844	1066	0
845	1066	0
846	1066	0
847	1066	0
848	1066	0
849	1066	0
850	1066	0
851	1066	0
852	1066	0
853	1066	0
854	1066	0
855	1066	0
856	1066	0
857	1066	0
858	1066	0
859	1066	0
860	1066	0
861	1066	0
862	1066	0
863	1066	0
864	1066	0
865	1066	0
866	1066	0
867	1066	0
868	1066	0
869	1066	0
870	1066	1
872	1066	0
873	1066	0
874	1066	0
875	1066	0
876	1066	0
877	1066	0
878	1066	0
879	1066	0
880	1066	0
881	1066	0
882	1066	0
883	1066	0
884	1066	0
885	1066	0
886	1066	0
887	1066	0
888	1066	0
889	1066	0
890	1066	0
891	1066	1
892	1066	0
893	1066	0
894	1066	0
895	1066	1
896	1066	0
897	1066	0
898	1066	0
900	1066	0
901	1066	0
902	1066	0
903	1066	0
904	1066	0
905	1066	0
906	1066	0
907	1066	0
908	1066	0
909	1066	0
910	1066	0
911	1066	0
912	1066	1
913	1066	0
914	1066	0
916	1066	1
917	1066	1
918	1066	0
919	1066	0
920	1066	0
921	1066	0
922	1066	0
923	1066	0
924	1066	0
925	1066	0
926	1066	0
927	1066	0
928	1066	0
930	1066	1
931	1066	0
933	1066	0
934	1066	0
935	1066	1
936	1066	0
937	1066	1
938	1066	0
939	1066	0
940	1066	0
941	1066	0
942	1066	0
943	1066	0
944	1066	0
945	1066	0
946	1066	0
947	1066	1
948	1066	0
949	1066	0
950	1066	0
952	1066	1
953	1066	0
954	1066	0
955	1066	0
956	1066	0
958	1066	1
959	1066	0
960	1066	1
961	1066	0
962	1066	0
963	1066	1
964	1066	0
965	1066	1
966	1066	0
967	1066	0
