0	1192	0
1	1192	0
2	1192	0
3	1192	0
4	1192	0
5	1192	1
6	1192	0
7	1192	0
8	1192	1
9	1192	1
10	1192	0
11	1192	0
12	1192	0
13	1192	0
14	1192	1
15	1192	0
16	1192	0
17	1192	0
18	1192	0
19	1192	0
20	1192	0
21	1192	0
22	1192	0
23	1192	0
24	1192	0
25	1192	0
26	1192	0
28	1192	0
29	1192	0
30	1192	1
31	1192	1
33	1192	0
34	1192	1
35	1192	0
36	1192	0
37	1192	0
38	1192	0
39	1192	1
40	1192	0
41	1192	0
42	1192	0
43	1192	0
44	1192	0
45	1192	0
46	1192	0
47	1192	0
48	1192	0
49	1192	0
50	1192	0
51	1192	0
52	1192	0
53	1192	0
54	1192	0
55	1192	0
56	1192	1
58	1192	0
59	1192	0
60	1192	0
61	1192	0
62	1192	0
63	1192	0
64	1192	1
65	1192	0
66	1192	0
67	1192	0
68	1192	0
69	1192	0
70	1192	0
71	1192	0
72	1192	0
73	1192	0
74	1192	0
75	1192	0
77	1192	0
78	1192	0
79	1192	0
80	1192	0
81	1192	0
82	1192	0
83	1192	0
84	1192	0
85	1192	0
86	1192	0
87	1192	0
88	1192	0
89	1192	0
90	1192	0
91	1192	0
92	1192	0
93	1192	0
94	1192	0
95	1192	0
96	1192	1
97	1192	0
98	1192	0
99	1192	0
100	1192	0
101	1192	0
102	1192	0
104	1192	0
105	1192	0
106	1192	0
107	1192	0
108	1192	0
109	1192	0
110	1192	0
111	1192	0
112	1192	0
113	1192	0
114	1192	0
115	1192	0
116	1192	0
117	1192	0
119	1192	0
120	1192	0
122	1192	0
123	1192	0
124	1192	0
125	1192	0
129	1192	0
130	1192	0
131	1192	0
132	1192	0
133	1192	0
134	1192	0
135	1192	0
136	1192	1
137	1192	0
138	1192	1
139	1192	0
140	1192	0
141	1192	0
142	1192	0
143	1192	0
144	1192	0
145	1192	0
146	1192	0
147	1192	0
148	1192	0
149	1192	0
150	1192	0
151	1192	0
153	1192	0
154	1192	0
155	1192	0
156	1192	0
157	1192	0
158	1192	0
159	1192	0
160	1192	0
161	1192	0
162	1192	0
163	1192	0
165	1192	0
166	1192	0
167	1192	0
168	1192	1
169	1192	0
170	1192	0
171	1192	0
172	1192	0
173	1192	0
174	1192	0
175	1192	0
177	1192	0
178	1192	0
179	1192	0
180	1192	0
181	1192	0
182	1192	0
183	1192	0
184	1192	0
185	1192	0
186	1192	0
187	1192	0
188	1192	1
189	1192	0
190	1192	0
191	1192	1
193	1192	0
194	1192	0
195	1192	0
196	1192	0
197	1192	1
198	1192	0
200	1192	0
201	1192	0
202	1192	0
203	1192	0
204	1192	0
206	1192	0
207	1192	0
208	1192	0
209	1192	0
210	1192	0
211	1192	0
212	1192	0
213	1192	1
214	1192	0
215	1192	0
216	1192	0
217	1192	0
218	1192	0
219	1192	0
221	1192	0
222	1192	0
223	1192	0
224	1192	0
225	1192	0
226	1192	0
227	1192	0
228	1192	0
229	1192	0
230	1192	0
231	1192	0
232	1192	1
233	1192	0
234	1192	0
235	1192	0
236	1192	0
237	1192	0
238	1192	0
239	1192	0
240	1192	0
241	1192	0
242	1192	0
243	1192	0
244	1192	0
245	1192	0
246	1192	0
247	1192	0
248	1192	0
249	1192	1
250	1192	0
251	1192	0
252	1192	0
253	1192	0
254	1192	1
255	1192	0
256	1192	0
257	1192	0
258	1192	0
259	1192	0
261	1192	0
262	1192	0
263	1192	0
264	1192	0
265	1192	0
266	1192	0
267	1192	0
268	1192	0
270	1192	0
271	1192	0
272	1192	0
273	1192	0
274	1192	0
275	1192	0
276	1192	0
277	1192	0
278	1192	0
279	1192	1
280	1192	0
281	1192	0
282	1192	0
283	1192	0
284	1192	0
285	1192	0
286	1192	0
287	1192	0
288	1192	0
289	1192	0
290	1192	0
291	1192	0
292	1192	0
293	1192	0
294	1192	0
295	1192	0
296	1192	0
297	1192	0
298	1192	0
299	1192	0
300	1192	0
302	1192	0
303	1192	0
304	1192	0
305	1192	0
306	1192	0
307	1192	1
309	1192	1
310	1192	0
311	1192	0
312	1192	1
313	1192	0
314	1192	0
315	1192	0
316	1192	0
317	1192	0
318	1192	0
319	1192	0
320	1192	0
321	1192	0
322	1192	0
323	1192	0
324	1192	0
325	1192	0
326	1192	0
327	1192	0
328	1192	0
329	1192	0
330	1192	1
331	1192	0
332	1192	0
333	1192	0
334	1192	0
335	1192	0
336	1192	0
337	1192	0
338	1192	0
339	1192	0
340	1192	0
341	1192	0
342	1192	0
343	1192	0
344	1192	0
345	1192	0
346	1192	0
347	1192	0
348	1192	0
349	1192	0
350	1192	0
351	1192	0
352	1192	0
353	1192	0
354	1192	0
355	1192	0
356	1192	0
357	1192	0
358	1192	0
359	1192	0
360	1192	0
361	1192	1
362	1192	0
363	1192	1
364	1192	1
365	1192	0
366	1192	0
367	1192	1
368	1192	0
369	1192	0
370	1192	1
371	1192	0
372	1192	0
373	1192	0
374	1192	0
375	1192	0
376	1192	0
378	1192	0
379	1192	0
380	1192	0
381	1192	1
382	1192	0
383	1192	0
384	1192	0
385	1192	0
386	1192	0
387	1192	0
388	1192	0
389	1192	0
390	1192	0
391	1192	0
392	1192	0
393	1192	0
394	1192	1
396	1192	1
397	1192	0
398	1192	0
399	1192	0
400	1192	0
402	1192	0
403	1192	1
404	1192	0
405	1192	0
406	1192	0
407	1192	0
408	1192	0
409	1192	0
410	1192	0
411	1192	0
412	1192	1
413	1192	1
414	1192	0
416	1192	0
417	1192	1
418	1192	0
419	1192	0
420	1192	0
421	1192	1
422	1192	0
423	1192	0
424	1192	0
425	1192	0
426	1192	1
427	1192	0
428	1192	0
429	1192	0
430	1192	0
431	1192	0
432	1192	0
433	1192	0
434	1192	0
435	1192	0
436	1192	0
437	1192	0
438	1192	0
439	1192	0
440	1192	0
441	1192	0
443	1192	1
444	1192	0
445	1192	0
446	1192	0
448	1192	0
449	1192	0
450	1192	0
451	1192	0
452	1192	0
453	1192	0
454	1192	0
455	1192	0
456	1192	0
457	1192	0
458	1192	0
459	1192	0
460	1192	0
461	1192	0
462	1192	0
463	1192	0
464	1192	0
465	1192	0
466	1192	0
467	1192	0
468	1192	1
470	1192	0
472	1192	0
474	1192	0
475	1192	0
476	1192	0
477	1192	0
478	1192	0
479	1192	0
480	1192	0
481	1192	0
482	1192	0
483	1192	0
484	1192	0
485	1192	0
486	1192	0
487	1192	0
488	1192	0
489	1192	0
490	1192	0
491	1192	0
492	1192	0
493	1192	0
494	1192	0
495	1192	0
496	1192	0
497	1192	1
498	1192	0
500	1192	0
501	1192	0
502	1192	0
503	1192	1
504	1192	0
505	1192	0
506	1192	0
507	1192	1
508	1192	0
509	1192	0
510	1192	0
511	1192	0
512	1192	0
513	1192	0
514	1192	1
515	1192	0
516	1192	0
517	1192	0
518	1192	0
519	1192	0
520	1192	0
521	1192	0
522	1192	0
523	1192	0
524	1192	0
525	1192	0
526	1192	0
527	1192	0
528	1192	0
529	1192	0
530	1192	0
531	1192	0
533	1192	0
534	1192	0
536	1192	0
537	1192	0
538	1192	0
539	1192	0
540	1192	0
541	1192	0
542	1192	1
543	1192	0
544	1192	0
545	1192	0
546	1192	0
547	1192	0
548	1192	0
549	1192	0
550	1192	0
551	1192	0
552	1192	0
553	1192	1
554	1192	0
555	1192	0
556	1192	1
557	1192	0
558	1192	0
559	1192	0
560	1192	0
561	1192	0
562	1192	0
563	1192	0
564	1192	0
565	1192	0
566	1192	0
567	1192	0
568	1192	0
569	1192	0
570	1192	0
571	1192	0
572	1192	0
573	1192	0
574	1192	0
575	1192	0
576	1192	0
577	1192	0
578	1192	0
579	1192	0
580	1192	0
581	1192	0
582	1192	0
583	1192	0
584	1192	0
585	1192	0
586	1192	0
587	1192	0
588	1192	0
589	1192	0
590	1192	0
591	1192	0
593	1192	0
595	1192	0
596	1192	0
597	1192	0
598	1192	0
599	1192	0
600	1192	0
601	1192	0
602	1192	0
604	1192	0
605	1192	1
606	1192	0
607	1192	0
608	1192	0
609	1192	0
611	1192	0
612	1192	0
613	1192	0
614	1192	0
615	1192	0
616	1192	0
617	1192	0
618	1192	0
619	1192	0
620	1192	0
621	1192	0
622	1192	0
624	1192	0
625	1192	0
626	1192	0
627	1192	0
628	1192	0
630	1192	0
633	1192	0
634	1192	0
636	1192	0
637	1192	0
638	1192	0
639	1192	0
640	1192	0
641	1192	0
642	1192	0
643	1192	0
644	1192	0
645	1192	1
646	1192	0
647	1192	0
648	1192	0
649	1192	0
650	1192	0
651	1192	0
652	1192	1
653	1192	0
654	1192	1
655	1192	0
656	1192	0
657	1192	0
658	1192	0
659	1192	0
660	1192	0
661	1192	0
662	1192	0
663	1192	0
664	1192	0
665	1192	0
666	1192	0
667	1192	0
668	1192	0
669	1192	0
670	1192	0
671	1192	0
672	1192	0
673	1192	0
674	1192	0
675	1192	0
676	1192	0
677	1192	0
678	1192	0
679	1192	0
680	1192	0
681	1192	0
682	1192	0
683	1192	0
684	1192	0
685	1192	1
686	1192	0
687	1192	0
688	1192	0
689	1192	0
690	1192	0
691	1192	0
692	1192	0
693	1192	0
694	1192	0
695	1192	1
696	1192	0
697	1192	0
698	1192	0
699	1192	0
700	1192	0
701	1192	0
702	1192	0
703	1192	0
704	1192	0
705	1192	0
706	1192	1
707	1192	0
708	1192	0
709	1192	1
710	1192	0
711	1192	0
712	1192	0
713	1192	0
715	1192	0
716	1192	0
717	1192	0
718	1192	0
719	1192	0
720	1192	0
721	1192	0
722	1192	0
723	1192	0
724	1192	0
725	1192	1
726	1192	1
727	1192	0
728	1192	0
729	1192	0
730	1192	0
731	1192	0
732	1192	0
733	1192	0
734	1192	0
735	1192	0
736	1192	0
737	1192	0
738	1192	0
739	1192	0
740	1192	0
741	1192	0
742	1192	0
745	1192	0
746	1192	0
747	1192	0
748	1192	0
749	1192	1
750	1192	1
751	1192	0
752	1192	0
753	1192	0
754	1192	0
755	1192	0
756	1192	0
757	1192	0
758	1192	0
759	1192	0
760	1192	0
761	1192	0
762	1192	0
764	1192	0
765	1192	0
766	1192	0
767	1192	0
768	1192	0
769	1192	0
770	1192	0
771	1192	0
772	1192	0
773	1192	0
776	1192	0
777	1192	0
778	1192	0
779	1192	0
780	1192	0
781	1192	0
782	1192	0
783	1192	0
784	1192	0
785	1192	0
786	1192	0
787	1192	0
788	1192	0
789	1192	0
790	1192	0
791	1192	0
792	1192	0
793	1192	0
794	1192	0
795	1192	0
796	1192	0
797	1192	0
798	1192	1
800	1192	0
801	1192	0
803	1192	0
804	1192	0
805	1192	1
806	1192	0
807	1192	0
808	1192	0
809	1192	0
810	1192	0
811	1192	0
814	1192	0
816	1192	0
818	1192	0
819	1192	0
820	1192	0
822	1192	0
823	1192	0
824	1192	0
825	1192	0
826	1192	0
827	1192	0
829	1192	0
830	1192	0
831	1192	0
832	1192	1
833	1192	0
834	1192	0
835	1192	0
836	1192	0
837	1192	1
838	1192	1
839	1192	0
840	1192	0
841	1192	1
842	1192	0
843	1192	0
844	1192	0
845	1192	0
846	1192	0
847	1192	1
848	1192	0
849	1192	0
850	1192	0
851	1192	0
852	1192	0
853	1192	0
854	1192	0
856	1192	0
857	1192	0
858	1192	0
859	1192	0
860	1192	1
861	1192	0
862	1192	0
863	1192	0
864	1192	0
865	1192	0
866	1192	0
867	1192	0
868	1192	0
869	1192	0
870	1192	0
871	1192	0
872	1192	0
873	1192	0
874	1192	0
875	1192	0
876	1192	0
877	1192	0
878	1192	0
880	1192	0
881	1192	0
882	1192	0
883	1192	0
884	1192	0
885	1192	0
886	1192	0
887	1192	0
888	1192	0
889	1192	0
890	1192	0
891	1192	0
892	1192	0
893	1192	0
894	1192	0
895	1192	0
896	1192	0
897	1192	1
898	1192	1
900	1192	0
901	1192	0
902	1192	1
903	1192	0
904	1192	0
905	1192	0
907	1192	0
908	1192	0
909	1192	0
910	1192	0
911	1192	0
912	1192	0
913	1192	1
914	1192	0
915	1192	0
916	1192	0
917	1192	0
918	1192	0
919	1192	0
920	1192	0
921	1192	0
922	1192	0
923	1192	0
924	1192	0
925	1192	0
926	1192	0
927	1192	0
928	1192	0
929	1192	0
931	1192	0
933	1192	0
934	1192	0
935	1192	0
936	1192	0
937	1192	0
939	1192	0
941	1192	0
942	1192	0
943	1192	0
944	1192	0
945	1192	0
946	1192	0
947	1192	0
948	1192	0
949	1192	1
950	1192	0
953	1192	0
954	1192	0
955	1192	0
956	1192	1
957	1192	0
958	1192	0
959	1192	0
960	1192	0
961	1192	0
962	1192	0
963	1192	0
964	1192	0
965	1192	1
966	1192	0
967	1192	0
