0	1201	0
1	1201	0
2	1201	0
3	1201	0
4	1201	0
5	1201	0
6	1201	0
7	1201	0
8	1201	1
9	1201	0
10	1201	1
11	1201	0
12	1201	0
13	1201	0
14	1201	0
15	1201	0
16	1201	0
17	1201	1
18	1201	0
19	1201	1
20	1201	0
21	1201	0
22	1201	0
23	1201	0
24	1201	0
25	1201	0
26	1201	1
28	1201	0
29	1201	0
30	1201	0
31	1201	1
33	1201	0
34	1201	0
35	1201	0
36	1201	0
37	1201	0
38	1201	0
39	1201	0
40	1201	0
41	1201	0
42	1201	0
43	1201	0
44	1201	0
45	1201	0
46	1201	0
47	1201	0
48	1201	0
49	1201	0
50	1201	0
51	1201	0
52	1201	0
53	1201	1
54	1201	0
55	1201	0
56	1201	0
58	1201	0
59	1201	0
60	1201	0
61	1201	0
62	1201	0
63	1201	0
64	1201	1
65	1201	0
66	1201	0
67	1201	0
68	1201	0
69	1201	0
70	1201	0
71	1201	0
72	1201	0
73	1201	0
74	1201	0
75	1201	0
77	1201	0
78	1201	0
79	1201	0
80	1201	0
81	1201	1
82	1201	0
83	1201	0
84	1201	0
85	1201	0
86	1201	0
87	1201	0
88	1201	0
89	1201	0
90	1201	0
91	1201	0
92	1201	0
93	1201	0
94	1201	0
95	1201	0
96	1201	0
97	1201	0
98	1201	0
99	1201	0
100	1201	0
101	1201	0
102	1201	0
104	1201	0
105	1201	0
106	1201	0
107	1201	0
108	1201	0
109	1201	0
110	1201	0
111	1201	0
112	1201	0
113	1201	0
114	1201	0
115	1201	0
116	1201	0
117	1201	0
119	1201	0
120	1201	1
122	1201	0
123	1201	0
124	1201	0
125	1201	0
129	1201	0
130	1201	0
131	1201	0
132	1201	0
133	1201	0
134	1201	0
135	1201	0
136	1201	0
137	1201	0
138	1201	0
139	1201	0
140	1201	0
141	1201	0
142	1201	0
143	1201	0
144	1201	0
145	1201	0
146	1201	0
147	1201	0
148	1201	0
149	1201	0
150	1201	0
151	1201	0
153	1201	0
154	1201	0
155	1201	0
156	1201	0
157	1201	0
158	1201	0
159	1201	0
160	1201	0
161	1201	0
162	1201	0
163	1201	0
165	1201	0
166	1201	0
167	1201	0
168	1201	1
169	1201	0
170	1201	0
171	1201	0
172	1201	0
173	1201	0
174	1201	0
175	1201	0
177	1201	0
178	1201	0
179	1201	0
180	1201	0
181	1201	0
182	1201	0
183	1201	0
184	1201	0
185	1201	0
186	1201	0
187	1201	0
188	1201	0
189	1201	0
190	1201	0
191	1201	1
193	1201	0
194	1201	1
195	1201	0
196	1201	1
197	1201	1
198	1201	0
200	1201	0
201	1201	0
202	1201	0
203	1201	0
204	1201	1
206	1201	0
207	1201	0
208	1201	0
209	1201	1
210	1201	0
211	1201	0
212	1201	0
213	1201	1
214	1201	0
215	1201	0
216	1201	0
217	1201	0
218	1201	0
219	1201	0
221	1201	0
222	1201	0
223	1201	1
224	1201	0
225	1201	0
226	1201	1
227	1201	0
228	1201	0
229	1201	0
230	1201	0
231	1201	0
232	1201	0
233	1201	0
234	1201	0
235	1201	0
236	1201	0
237	1201	0
238	1201	0
239	1201	0
240	1201	0
241	1201	0
242	1201	0
243	1201	0
244	1201	0
245	1201	0
246	1201	0
247	1201	0
248	1201	0
249	1201	1
250	1201	0
251	1201	0
252	1201	0
253	1201	1
254	1201	0
255	1201	0
256	1201	0
257	1201	0
258	1201	0
259	1201	0
261	1201	0
262	1201	0
263	1201	0
264	1201	0
265	1201	0
266	1201	0
267	1201	0
268	1201	0
270	1201	0
271	1201	0
272	1201	0
273	1201	0
274	1201	0
275	1201	0
276	1201	0
277	1201	0
278	1201	0
279	1201	0
280	1201	1
281	1201	0
282	1201	0
283	1201	0
284	1201	0
285	1201	0
286	1201	0
287	1201	1
288	1201	1
289	1201	0
290	1201	0
291	1201	0
292	1201	0
293	1201	0
294	1201	0
295	1201	0
296	1201	0
297	1201	0
298	1201	0
299	1201	0
300	1201	0
302	1201	0
303	1201	1
304	1201	0
305	1201	0
306	1201	0
307	1201	0
309	1201	0
310	1201	0
311	1201	0
312	1201	1
313	1201	0
314	1201	0
315	1201	0
316	1201	0
317	1201	0
318	1201	0
319	1201	0
320	1201	0
321	1201	0
322	1201	0
323	1201	0
324	1201	1
325	1201	1
326	1201	0
327	1201	0
328	1201	1
329	1201	0
330	1201	0
331	1201	0
332	1201	0
333	1201	0
334	1201	0
335	1201	0
336	1201	0
337	1201	0
338	1201	0
339	1201	0
340	1201	0
341	1201	0
342	1201	0
343	1201	0
344	1201	0
345	1201	0
346	1201	0
347	1201	0
348	1201	0
349	1201	0
350	1201	0
351	1201	0
352	1201	0
353	1201	0
354	1201	0
355	1201	0
356	1201	0
357	1201	0
358	1201	0
359	1201	0
360	1201	0
361	1201	0
362	1201	0
363	1201	0
364	1201	0
365	1201	0
366	1201	0
367	1201	0
368	1201	0
369	1201	0
370	1201	0
371	1201	0
372	1201	0
373	1201	0
374	1201	0
375	1201	0
376	1201	0
378	1201	0
379	1201	1
380	1201	0
381	1201	0
382	1201	0
383	1201	0
384	1201	0
385	1201	0
386	1201	0
387	1201	0
388	1201	0
389	1201	0
390	1201	0
391	1201	0
392	1201	0
393	1201	0
394	1201	1
396	1201	1
397	1201	0
398	1201	0
399	1201	0
400	1201	0
402	1201	0
403	1201	1
404	1201	0
405	1201	0
406	1201	0
407	1201	0
408	1201	1
409	1201	0
410	1201	0
411	1201	0
412	1201	0
413	1201	0
414	1201	0
415	1201	0
416	1201	0
417	1201	0
418	1201	0
419	1201	0
420	1201	0
421	1201	0
422	1201	0
423	1201	0
424	1201	0
425	1201	0
426	1201	0
427	1201	1
428	1201	0
429	1201	0
430	1201	0
431	1201	0
432	1201	0
433	1201	1
434	1201	0
435	1201	0
436	1201	0
437	1201	1
438	1201	0
439	1201	1
440	1201	0
441	1201	0
443	1201	0
444	1201	0
445	1201	0
446	1201	0
448	1201	0
449	1201	0
450	1201	0
451	1201	0
452	1201	0
453	1201	0
454	1201	0
455	1201	1
456	1201	1
457	1201	0
458	1201	0
459	1201	0
460	1201	1
461	1201	0
462	1201	0
463	1201	0
464	1201	0
465	1201	0
466	1201	1
467	1201	0
468	1201	0
470	1201	0
472	1201	0
474	1201	0
475	1201	0
476	1201	0
477	1201	0
478	1201	0
479	1201	0
480	1201	0
481	1201	0
482	1201	0
483	1201	0
484	1201	0
485	1201	0
486	1201	0
487	1201	0
488	1201	0
489	1201	0
490	1201	0
491	1201	0
492	1201	0
493	1201	0
494	1201	0
495	1201	0
496	1201	0
497	1201	0
498	1201	0
500	1201	0
501	1201	0
502	1201	0
503	1201	1
504	1201	0
505	1201	0
506	1201	0
507	1201	1
508	1201	0
509	1201	0
510	1201	0
511	1201	0
512	1201	0
513	1201	0
514	1201	1
515	1201	0
516	1201	0
517	1201	0
518	1201	0
519	1201	0
520	1201	0
521	1201	0
522	1201	0
523	1201	0
524	1201	0
525	1201	0
526	1201	1
527	1201	1
528	1201	0
529	1201	0
530	1201	0
531	1201	0
533	1201	1
534	1201	0
536	1201	0
537	1201	0
538	1201	0
539	1201	0
540	1201	0
541	1201	1
542	1201	0
543	1201	0
544	1201	0
545	1201	0
546	1201	0
547	1201	0
548	1201	0
549	1201	0
550	1201	0
551	1201	0
552	1201	0
553	1201	1
554	1201	0
555	1201	0
556	1201	0
557	1201	0
558	1201	0
559	1201	0
560	1201	0
561	1201	0
562	1201	0
563	1201	0
564	1201	0
565	1201	0
566	1201	0
567	1201	0
568	1201	0
569	1201	0
570	1201	0
571	1201	0
572	1201	0
573	1201	0
574	1201	0
575	1201	0
576	1201	0
577	1201	0
578	1201	0
579	1201	1
580	1201	0
581	1201	0
582	1201	0
583	1201	0
584	1201	1
585	1201	0
586	1201	0
587	1201	0
588	1201	0
589	1201	0
590	1201	0
591	1201	0
593	1201	0
595	1201	0
596	1201	0
597	1201	0
598	1201	0
599	1201	0
600	1201	0
601	1201	0
602	1201	0
604	1201	0
605	1201	0
606	1201	0
607	1201	0
608	1201	0
609	1201	0
611	1201	0
612	1201	0
613	1201	0
614	1201	0
615	1201	0
616	1201	0
617	1201	0
618	1201	0
619	1201	0
620	1201	0
621	1201	0
622	1201	0
624	1201	0
625	1201	0
626	1201	0
627	1201	0
628	1201	0
630	1201	0
632	1201	0
633	1201	0
634	1201	0
636	1201	0
637	1201	0
638	1201	0
639	1201	0
640	1201	0
641	1201	0
642	1201	0
643	1201	0
644	1201	0
645	1201	1
646	1201	0
647	1201	0
648	1201	0
649	1201	0
650	1201	0
651	1201	1
652	1201	0
653	1201	0
654	1201	0
655	1201	0
656	1201	0
657	1201	0
658	1201	0
659	1201	0
660	1201	0
661	1201	0
662	1201	0
663	1201	0
664	1201	0
665	1201	0
666	1201	0
667	1201	0
668	1201	0
669	1201	0
670	1201	0
671	1201	0
672	1201	1
673	1201	0
674	1201	0
675	1201	0
676	1201	0
677	1201	0
678	1201	0
679	1201	0
680	1201	0
681	1201	0
682	1201	0
683	1201	0
684	1201	0
685	1201	1
686	1201	0
687	1201	0
688	1201	0
689	1201	0
690	1201	0
691	1201	0
692	1201	0
693	1201	0
694	1201	0
695	1201	1
696	1201	0
697	1201	0
698	1201	0
699	1201	0
700	1201	0
701	1201	0
702	1201	0
703	1201	0
704	1201	0
705	1201	0
706	1201	0
707	1201	0
708	1201	0
709	1201	1
710	1201	0
711	1201	0
712	1201	0
713	1201	0
715	1201	0
716	1201	1
717	1201	0
718	1201	0
719	1201	0
720	1201	0
721	1201	0
722	1201	0
723	1201	0
724	1201	0
725	1201	0
726	1201	0
727	1201	0
728	1201	0
729	1201	0
730	1201	0
731	1201	0
732	1201	0
733	1201	0
734	1201	0
735	1201	0
736	1201	0
737	1201	0
738	1201	1
739	1201	0
740	1201	0
741	1201	0
742	1201	0
745	1201	0
746	1201	0
747	1201	0
748	1201	0
749	1201	0
750	1201	0
751	1201	0
752	1201	0
753	1201	0
754	1201	1
755	1201	0
756	1201	0
757	1201	0
758	1201	0
759	1201	0
760	1201	0
761	1201	0
762	1201	0
764	1201	0
765	1201	0
766	1201	0
767	1201	0
768	1201	0
769	1201	0
770	1201	0
771	1201	0
772	1201	0
773	1201	0
776	1201	0
777	1201	0
778	1201	0
779	1201	0
780	1201	1
781	1201	0
782	1201	0
783	1201	0
784	1201	0
785	1201	0
786	1201	0
787	1201	0
788	1201	0
789	1201	0
790	1201	0
791	1201	0
792	1201	0
793	1201	0
794	1201	0
795	1201	0
796	1201	0
797	1201	0
798	1201	0
800	1201	0
801	1201	0
803	1201	1
804	1201	0
805	1201	0
806	1201	0
807	1201	0
808	1201	0
809	1201	0
810	1201	0
811	1201	0
814	1201	0
816	1201	0
818	1201	0
819	1201	0
820	1201	0
822	1201	0
823	1201	0
824	1201	0
825	1201	0
826	1201	0
827	1201	0
829	1201	0
830	1201	0
831	1201	0
832	1201	0
833	1201	0
834	1201	0
835	1201	0
836	1201	0
837	1201	1
838	1201	0
839	1201	0
840	1201	0
841	1201	0
842	1201	0
843	1201	0
844	1201	0
845	1201	0
846	1201	0
847	1201	0
848	1201	0
849	1201	0
850	1201	0
851	1201	0
852	1201	0
853	1201	0
854	1201	0
855	1201	0
856	1201	0
857	1201	0
858	1201	0
859	1201	0
860	1201	0
861	1201	0
862	1201	1
863	1201	0
864	1201	1
865	1201	0
866	1201	0
867	1201	0
868	1201	0
869	1201	0
870	1201	0
871	1201	0
872	1201	0
873	1201	0
874	1201	0
875	1201	0
876	1201	0
877	1201	0
878	1201	0
880	1201	0
881	1201	0
882	1201	1
883	1201	0
884	1201	0
885	1201	0
886	1201	0
887	1201	0
888	1201	0
889	1201	0
890	1201	0
891	1201	0
892	1201	0
893	1201	0
894	1201	0
895	1201	0
896	1201	0
897	1201	1
898	1201	0
900	1201	0
901	1201	0
902	1201	0
903	1201	1
904	1201	0
905	1201	0
907	1201	0
908	1201	0
909	1201	0
910	1201	0
911	1201	0
912	1201	0
913	1201	0
914	1201	0
915	1201	0
916	1201	0
917	1201	0
918	1201	0
919	1201	0
920	1201	0
921	1201	0
922	1201	0
923	1201	0
924	1201	0
925	1201	0
926	1201	0
927	1201	0
928	1201	0
929	1201	0
931	1201	0
933	1201	1
934	1201	0
935	1201	0
936	1201	0
937	1201	0
939	1201	0
941	1201	0
942	1201	1
943	1201	0
944	1201	0
945	1201	0
946	1201	0
947	1201	0
948	1201	0
949	1201	0
950	1201	0
953	1201	0
954	1201	0
955	1201	1
956	1201	1
957	1201	0
958	1201	0
959	1201	0
960	1201	0
961	1201	0
962	1201	0
963	1201	0
964	1201	0
965	1201	1
966	1201	0
967	1201	1
