1	1202	0
2	1202	0
3	1202	0
4	1202	0
5	1202	0
6	1202	0
7	1202	0
8	1202	1
9	1202	0
10	1202	1
11	1202	0
12	1202	0
13	1202	0
14	1202	1
15	1202	0
16	1202	0
17	1202	0
18	1202	0
19	1202	1
20	1202	0
21	1202	0
22	1202	0
23	1202	0
24	1202	0
25	1202	1
26	1202	0
27	1202	0
28	1202	0
29	1202	0
30	1202	1
31	1202	0
32	1202	0
33	1202	0
34	1202	0
35	1202	1
36	1202	0
37	1202	0
38	1202	0
39	1202	0
40	1202	0
41	1202	0
43	1202	1
44	1202	0
45	1202	1
46	1202	0
47	1202	1
48	1202	0
49	1202	0
50	1202	0
51	1202	0
52	1202	0
53	1202	0
54	1202	0
55	1202	0
56	1202	0
58	1202	0
59	1202	0
60	1202	0
61	1202	0
62	1202	0
63	1202	1
64	1202	0
65	1202	0
66	1202	1
67	1202	0
68	1202	0
69	1202	0
70	1202	1
71	1202	0
72	1202	0
73	1202	0
74	1202	1
75	1202	0
77	1202	0
78	1202	0
79	1202	0
80	1202	0
81	1202	0
82	1202	0
83	1202	1
84	1202	0
85	1202	0
86	1202	0
87	1202	0
88	1202	0
89	1202	0
90	1202	0
91	1202	0
92	1202	0
93	1202	1
94	1202	0
95	1202	0
96	1202	1
97	1202	0
98	1202	0
99	1202	0
100	1202	0
101	1202	0
102	1202	0
103	1202	0
104	1202	1
105	1202	0
106	1202	0
107	1202	0
108	1202	0
109	1202	0
110	1202	0
111	1202	0
112	1202	0
113	1202	0
114	1202	0
115	1202	0
116	1202	0
117	1202	0
118	1202	0
119	1202	1
120	1202	0
121	1202	0
122	1202	0
123	1202	0
124	1202	0
125	1202	0
128	1202	0
129	1202	0
130	1202	0
131	1202	0
132	1202	0
133	1202	0
134	1202	0
135	1202	1
136	1202	0
137	1202	0
138	1202	0
139	1202	0
140	1202	0
141	1202	1
142	1202	0
143	1202	1
144	1202	0
145	1202	1
146	1202	0
147	1202	0
148	1202	1
149	1202	0
150	1202	0
151	1202	0
152	1202	0
153	1202	0
154	1202	0
155	1202	0
156	1202	0
158	1202	0
159	1202	0
160	1202	0
161	1202	0
162	1202	0
163	1202	0
165	1202	0
166	1202	0
167	1202	0
168	1202	0
169	1202	0
170	1202	0
171	1202	0
172	1202	0
173	1202	0
174	1202	0
175	1202	0
177	1202	0
178	1202	0
179	1202	1
180	1202	0
181	1202	0
182	1202	0
183	1202	0
184	1202	1
185	1202	0
186	1202	1
187	1202	0
188	1202	1
189	1202	0
190	1202	0
191	1202	0
192	1202	0
193	1202	0
194	1202	0
195	1202	0
196	1202	0
197	1202	0
198	1202	0
199	1202	0
200	1202	0
201	1202	0
202	1202	0
203	1202	0
204	1202	0
206	1202	0
207	1202	0
208	1202	0
209	1202	0
210	1202	0
211	1202	0
212	1202	0
213	1202	0
214	1202	0
215	1202	0
216	1202	0
217	1202	0
218	1202	1
219	1202	0
220	1202	0
221	1202	0
222	1202	0
223	1202	0
224	1202	0
226	1202	1
227	1202	1
229	1202	0
230	1202	0
231	1202	0
232	1202	0
233	1202	1
235	1202	0
236	1202	0
237	1202	0
238	1202	1
239	1202	0
240	1202	0
241	1202	0
242	1202	0
243	1202	0
244	1202	0
245	1202	0
246	1202	0
247	1202	0
248	1202	0
249	1202	0
250	1202	0
251	1202	0
252	1202	0
253	1202	0
254	1202	0
255	1202	0
256	1202	0
257	1202	0
258	1202	1
259	1202	0
260	1202	0
261	1202	0
262	1202	0
264	1202	0
265	1202	0
266	1202	0
267	1202	0
268	1202	0
270	1202	0
271	1202	0
272	1202	0
273	1202	0
274	1202	0
275	1202	0
276	1202	0
277	1202	0
278	1202	0
279	1202	0
280	1202	0
281	1202	0
282	1202	0
283	1202	0
284	1202	0
285	1202	0
286	1202	1
287	1202	0
288	1202	0
289	1202	1
290	1202	0
291	1202	0
292	1202	0
293	1202	1
294	1202	0
295	1202	0
296	1202	0
297	1202	1
298	1202	1
299	1202	0
300	1202	0
301	1202	0
302	1202	0
303	1202	1
304	1202	0
305	1202	0
306	1202	0
307	1202	1
308	1202	0
309	1202	1
310	1202	0
311	1202	0
312	1202	1
313	1202	0
314	1202	0
315	1202	0
316	1202	0
317	1202	0
318	1202	0
319	1202	0
320	1202	0
321	1202	0
322	1202	0
323	1202	0
324	1202	0
325	1202	0
326	1202	0
327	1202	0
328	1202	0
329	1202	0
330	1202	0
331	1202	0
332	1202	0
333	1202	0
334	1202	0
335	1202	0
336	1202	1
337	1202	0
338	1202	0
339	1202	0
340	1202	1
341	1202	0
342	1202	0
343	1202	0
344	1202	0
345	1202	1
346	1202	0
347	1202	0
348	1202	0
349	1202	0
350	1202	0
351	1202	0
352	1202	0
354	1202	0
355	1202	0
356	1202	0
357	1202	0
358	1202	0
359	1202	0
360	1202	0
362	1202	0
363	1202	0
364	1202	0
365	1202	0
366	1202	0
367	1202	0
368	1202	0
369	1202	0
370	1202	0
371	1202	0
372	1202	0
373	1202	0
374	1202	0
375	1202	1
376	1202	0
377	1202	0
378	1202	0
379	1202	1
380	1202	0
381	1202	0
382	1202	0
383	1202	0
384	1202	0
385	1202	0
386	1202	0
387	1202	0
388	1202	0
389	1202	0
391	1202	0
392	1202	0
393	1202	0
394	1202	0
395	1202	0
396	1202	0
397	1202	0
398	1202	0
399	1202	0
400	1202	1
401	1202	0
402	1202	1
403	1202	0
404	1202	1
405	1202	0
406	1202	0
407	1202	0
408	1202	0
409	1202	0
410	1202	0
411	1202	0
412	1202	0
413	1202	0
414	1202	1
415	1202	0
416	1202	0
417	1202	0
418	1202	0
419	1202	1
420	1202	0
421	1202	1
422	1202	0
423	1202	0
424	1202	0
425	1202	0
426	1202	0
427	1202	1
428	1202	0
429	1202	0
430	1202	0
431	1202	0
432	1202	0
433	1202	0
434	1202	0
435	1202	0
436	1202	0
437	1202	0
438	1202	0
439	1202	1
440	1202	0
441	1202	0
442	1202	0
443	1202	0
444	1202	0
445	1202	0
446	1202	1
447	1202	0
448	1202	0
449	1202	0
450	1202	0
451	1202	0
452	1202	0
453	1202	0
454	1202	0
455	1202	0
456	1202	0
457	1202	0
458	1202	0
459	1202	0
460	1202	0
461	1202	0
462	1202	0
463	1202	0
464	1202	0
465	1202	0
466	1202	0
467	1202	0
468	1202	0
469	1202	0
470	1202	0
471	1202	0
472	1202	0
473	1202	0
474	1202	0
475	1202	0
476	1202	0
477	1202	0
478	1202	0
479	1202	0
480	1202	0
481	1202	1
482	1202	0
483	1202	1
484	1202	0
485	1202	0
486	1202	0
487	1202	1
488	1202	0
489	1202	0
491	1202	0
492	1202	0
493	1202	0
494	1202	0
495	1202	0
496	1202	1
497	1202	0
499	1202	0
500	1202	0
501	1202	0
502	1202	1
503	1202	1
504	1202	0
505	1202	1
506	1202	1
507	1202	1
508	1202	1
509	1202	0
510	1202	0
511	1202	1
512	1202	0
513	1202	0
514	1202	1
515	1202	0
516	1202	0
517	1202	0
518	1202	0
519	1202	0
520	1202	0
521	1202	0
522	1202	0
523	1202	0
524	1202	0
525	1202	1
527	1202	0
528	1202	0
529	1202	0
530	1202	0
531	1202	0
533	1202	0
534	1202	0
535	1202	0
536	1202	1
537	1202	0
538	1202	0
539	1202	0
540	1202	0
541	1202	0
542	1202	0
543	1202	0
544	1202	0
545	1202	0
546	1202	0
547	1202	0
548	1202	0
549	1202	0
550	1202	0
551	1202	0
552	1202	0
553	1202	0
554	1202	0
555	1202	0
556	1202	0
557	1202	0
558	1202	0
560	1202	1
561	1202	0
562	1202	0
563	1202	0
564	1202	0
565	1202	0
566	1202	0
567	1202	0
568	1202	0
569	1202	0
570	1202	0
571	1202	0
572	1202	0
574	1202	1
575	1202	0
576	1202	0
577	1202	0
578	1202	0
579	1202	0
581	1202	0
582	1202	0
583	1202	0
584	1202	0
585	1202	0
586	1202	0
587	1202	0
588	1202	0
589	1202	0
590	1202	0
591	1202	0
593	1202	0
594	1202	0
595	1202	0
596	1202	0
597	1202	0
598	1202	0
599	1202	0
600	1202	0
601	1202	0
602	1202	0
604	1202	0
605	1202	1
607	1202	0
608	1202	0
609	1202	0
611	1202	0
612	1202	0
614	1202	0
615	1202	0
616	1202	1
617	1202	0
618	1202	0
619	1202	0
622	1202	0
624	1202	0
625	1202	0
626	1202	0
627	1202	0
628	1202	0
630	1202	0
632	1202	1
633	1202	0
634	1202	0
635	1202	0
636	1202	0
637	1202	1
638	1202	0
639	1202	0
640	1202	0
641	1202	0
642	1202	0
643	1202	0
644	1202	0
645	1202	0
646	1202	0
647	1202	0
648	1202	0
649	1202	0
650	1202	0
651	1202	1
652	1202	0
653	1202	0
654	1202	0
655	1202	0
656	1202	0
657	1202	0
658	1202	0
659	1202	0
660	1202	0
661	1202	0
662	1202	0
663	1202	0
664	1202	0
665	1202	1
666	1202	0
667	1202	1
669	1202	0
670	1202	0
671	1202	0
672	1202	0
673	1202	0
674	1202	0
675	1202	0
676	1202	0
677	1202	0
678	1202	0
679	1202	1
680	1202	0
681	1202	0
682	1202	0
683	1202	0
684	1202	0
685	1202	0
686	1202	0
687	1202	0
688	1202	0
689	1202	0
690	1202	1
691	1202	0
692	1202	1
693	1202	1
694	1202	0
696	1202	0
697	1202	0
698	1202	0
699	1202	0
700	1202	0
701	1202	0
702	1202	0
703	1202	0
704	1202	0
705	1202	0
706	1202	0
707	1202	0
708	1202	0
709	1202	0
710	1202	0
711	1202	0
712	1202	0
713	1202	0
714	1202	0
715	1202	0
716	1202	0
717	1202	0
718	1202	0
719	1202	0
720	1202	0
721	1202	1
722	1202	0
723	1202	0
724	1202	0
725	1202	0
726	1202	1
727	1202	0
729	1202	1
730	1202	0
731	1202	0
732	1202	0
733	1202	0
734	1202	0
735	1202	0
736	1202	0
737	1202	0
738	1202	0
739	1202	0
740	1202	0
741	1202	0
742	1202	0
743	1202	0
744	1202	0
745	1202	0
746	1202	1
747	1202	0
748	1202	0
749	1202	0
750	1202	0
751	1202	0
752	1202	0
753	1202	0
754	1202	0
755	1202	1
756	1202	0
758	1202	1
759	1202	0
760	1202	0
761	1202	0
762	1202	0
764	1202	0
765	1202	0
766	1202	0
767	1202	0
768	1202	0
769	1202	0
770	1202	0
771	1202	0
772	1202	1
773	1202	0
775	1202	0
776	1202	0
777	1202	0
778	1202	0
779	1202	1
780	1202	0
781	1202	0
782	1202	0
783	1202	1
784	1202	1
785	1202	0
786	1202	0
787	1202	0
788	1202	0
789	1202	0
790	1202	0
791	1202	0
792	1202	0
793	1202	0
794	1202	0
795	1202	0
796	1202	0
797	1202	0
798	1202	0
799	1202	0
800	1202	0
801	1202	0
802	1202	0
803	1202	0
804	1202	0
805	1202	0
806	1202	0
807	1202	0
808	1202	0
809	1202	0
810	1202	0
811	1202	1
812	1202	0
814	1202	0
816	1202	0
817	1202	0
818	1202	1
819	1202	0
820	1202	0
822	1202	0
823	1202	0
824	1202	0
825	1202	0
826	1202	0
827	1202	0
829	1202	0
830	1202	0
831	1202	0
832	1202	1
833	1202	0
834	1202	0
835	1202	0
836	1202	0
838	1202	0
839	1202	0
840	1202	0
841	1202	1
842	1202	0
843	1202	0
844	1202	0
845	1202	0
846	1202	0
847	1202	0
848	1202	0
849	1202	1
850	1202	0
851	1202	0
852	1202	1
853	1202	0
854	1202	0
855	1202	0
856	1202	0
857	1202	0
858	1202	0
859	1202	1
860	1202	0
861	1202	0
863	1202	0
864	1202	1
865	1202	0
866	1202	0
867	1202	0
868	1202	0
869	1202	0
870	1202	0
871	1202	1
872	1202	0
873	1202	0
874	1202	0
875	1202	0
876	1202	0
877	1202	0
878	1202	0
880	1202	0
881	1202	0
882	1202	0
883	1202	0
884	1202	0
885	1202	0
886	1202	0
887	1202	0
888	1202	0
889	1202	0
890	1202	0
891	1202	0
892	1202	0
893	1202	0
894	1202	0
895	1202	0
896	1202	0
897	1202	0
898	1202	0
899	1202	0
900	1202	0
901	1202	0
902	1202	1
903	1202	0
904	1202	0
905	1202	0
907	1202	0
908	1202	0
909	1202	1
910	1202	0
911	1202	0
912	1202	0
913	1202	0
914	1202	1
915	1202	0
916	1202	0
917	1202	0
918	1202	0
919	1202	0
920	1202	0
921	1202	0
922	1202	0
923	1202	0
924	1202	0
925	1202	0
926	1202	1
927	1202	0
928	1202	0
929	1202	0
931	1202	0
933	1202	0
934	1202	0
935	1202	0
936	1202	0
937	1202	0
939	1202	0
940	1202	0
941	1202	0
942	1202	0
943	1202	1
944	1202	0
945	1202	0
946	1202	0
947	1202	0
948	1202	0
949	1202	0
950	1202	0
953	1202	0
954	1202	1
955	1202	0
956	1202	0
957	1202	0
958	1202	0
959	1202	0
960	1202	0
961	1202	0
962	1202	0
963	1202	0
964	1202	0
966	1202	0
967	1202	1
