0	1099	0
1	1099	0
2	1099	0
3	1099	0
4	1099	0
5	1099	0
6	1099	0
7	1099	0
8	1099	1
9	1099	0
10	1099	0
11	1099	0
12	1099	0
13	1099	0
14	1099	0
15	1099	0
16	1099	0
17	1099	0
18	1099	1
19	1099	0
20	1099	0
21	1099	0
22	1099	0
23	1099	0
24	1099	0
26	1099	0
27	1099	0
28	1099	0
29	1099	0
30	1099	0
31	1099	1
32	1099	1
33	1099	0
34	1099	0
35	1099	0
36	1099	0
37	1099	0
38	1099	0
39	1099	1
40	1099	0
42	1099	0
43	1099	0
44	1099	0
45	1099	0
46	1099	0
47	1099	0
48	1099	0
49	1099	0
50	1099	0
51	1099	0
52	1099	0
53	1099	0
54	1099	0
55	1099	0
56	1099	0
57	1099	0
58	1099	0
59	1099	1
60	1099	0
61	1099	0
62	1099	0
64	1099	0
65	1099	0
66	1099	0
67	1099	0
68	1099	0
69	1099	0
70	1099	0
71	1099	1
72	1099	0
73	1099	0
74	1099	0
75	1099	1
76	1099	0
77	1099	0
78	1099	0
79	1099	0
80	1099	0
81	1099	0
82	1099	0
83	1099	0
84	1099	0
85	1099	1
86	1099	0
87	1099	0
88	1099	1
89	1099	0
90	1099	0
91	1099	0
92	1099	0
93	1099	0
94	1099	0
95	1099	1
96	1099	0
97	1099	0
98	1099	0
99	1099	0
100	1099	0
101	1099	0
102	1099	1
103	1099	0
104	1099	0
105	1099	0
106	1099	0
109	1099	1
111	1099	0
112	1099	0
113	1099	0
114	1099	0
115	1099	0
116	1099	1
117	1099	0
118	1099	0
119	1099	0
120	1099	0
121	1099	0
123	1099	1
124	1099	0
125	1099	0
126	1099	1
127	1099	1
129	1099	0
130	1099	0
131	1099	0
132	1099	0
133	1099	0
134	1099	0
136	1099	1
137	1099	0
138	1099	0
139	1099	0
140	1099	0
141	1099	0
142	1099	0
143	1099	0
144	1099	0
145	1099	0
146	1099	0
147	1099	0
148	1099	0
149	1099	0
150	1099	0
151	1099	0
152	1099	0
153	1099	0
154	1099	1
155	1099	0
156	1099	0
157	1099	0
158	1099	0
159	1099	0
160	1099	0
161	1099	0
162	1099	0
163	1099	0
165	1099	0
166	1099	0
167	1099	0
168	1099	0
169	1099	0
170	1099	0
171	1099	0
172	1099	1
173	1099	0
174	1099	0
175	1099	0
177	1099	0
178	1099	0
179	1099	0
180	1099	0
182	1099	0
183	1099	0
184	1099	0
185	1099	1
186	1099	0
187	1099	0
188	1099	1
189	1099	1
190	1099	0
191	1099	0
192	1099	1
193	1099	0
194	1099	1
195	1099	1
196	1099	1
197	1099	0
198	1099	1
199	1099	0
200	1099	1
201	1099	0
202	1099	1
203	1099	0
204	1099	1
206	1099	1
207	1099	0
208	1099	1
210	1099	0
211	1099	1
212	1099	1
213	1099	0
214	1099	0
215	1099	0
216	1099	0
217	1099	0
218	1099	0
219	1099	0
220	1099	0
222	1099	0
223	1099	0
224	1099	0
225	1099	0
226	1099	0
227	1099	1
228	1099	0
229	1099	0
230	1099	0
231	1099	1
232	1099	0
233	1099	0
234	1099	0
235	1099	0
236	1099	0
237	1099	0
238	1099	0
239	1099	1
240	1099	0
241	1099	0
242	1099	0
244	1099	0
245	1099	0
246	1099	0
247	1099	0
248	1099	0
249	1099	0
250	1099	0
251	1099	0
252	1099	0
253	1099	1
254	1099	1
255	1099	0
256	1099	0
258	1099	0
259	1099	1
260	1099	0
261	1099	0
262	1099	1
263	1099	0
264	1099	0
265	1099	0
266	1099	0
267	1099	0
268	1099	0
269	1099	1
270	1099	0
271	1099	0
272	1099	0
274	1099	0
275	1099	0
276	1099	0
277	1099	0
278	1099	1
279	1099	0
280	1099	0
281	1099	0
282	1099	0
283	1099	0
284	1099	1
285	1099	0
286	1099	0
287	1099	0
288	1099	0
289	1099	0
290	1099	0
291	1099	0
292	1099	0
293	1099	0
294	1099	0
295	1099	0
296	1099	0
297	1099	0
298	1099	0
299	1099	0
300	1099	0
301	1099	0
302	1099	1
303	1099	0
304	1099	0
305	1099	0
306	1099	0
307	1099	0
308	1099	0
309	1099	0
310	1099	1
311	1099	0
312	1099	0
313	1099	0
314	1099	0
315	1099	0
316	1099	0
317	1099	0
318	1099	0
319	1099	0
320	1099	0
321	1099	0
322	1099	0
323	1099	0
324	1099	0
325	1099	1
326	1099	0
327	1099	0
328	1099	0
329	1099	0
330	1099	0
331	1099	0
333	1099	0
335	1099	0
336	1099	1
337	1099	0
338	1099	0
339	1099	0
340	1099	0
341	1099	0
342	1099	0
343	1099	0
344	1099	0
346	1099	0
347	1099	0
348	1099	0
349	1099	0
350	1099	0
351	1099	0
352	1099	0
354	1099	0
355	1099	0
357	1099	0
358	1099	0
359	1099	0
360	1099	1
361	1099	0
363	1099	0
364	1099	0
365	1099	1
366	1099	0
367	1099	0
368	1099	0
370	1099	0
371	1099	1
372	1099	0
373	1099	1
374	1099	0
375	1099	1
377	1099	0
378	1099	0
379	1099	0
380	1099	1
381	1099	0
382	1099	0
383	1099	0
384	1099	1
385	1099	1
386	1099	1
387	1099	0
388	1099	0
389	1099	0
390	1099	0
391	1099	0
393	1099	0
394	1099	0
395	1099	0
396	1099	0
398	1099	0
399	1099	0
400	1099	0
401	1099	0
402	1099	0
403	1099	0
404	1099	0
405	1099	0
406	1099	0
407	1099	1
408	1099	0
409	1099	0
410	1099	0
411	1099	0
412	1099	0
413	1099	0
414	1099	0
415	1099	1
416	1099	1
417	1099	0
418	1099	1
419	1099	0
420	1099	0
421	1099	0
422	1099	0
423	1099	0
424	1099	0
425	1099	1
426	1099	0
427	1099	0
428	1099	0
429	1099	0
431	1099	0
432	1099	0
433	1099	0
434	1099	0
435	1099	1
436	1099	1
437	1099	0
438	1099	0
439	1099	0
441	1099	0
442	1099	0
443	1099	0
444	1099	0
445	1099	0
446	1099	1
447	1099	0
448	1099	0
449	1099	0
450	1099	0
451	1099	0
452	1099	0
453	1099	1
454	1099	0
455	1099	0
456	1099	1
457	1099	1
458	1099	0
459	1099	0
460	1099	0
461	1099	0
462	1099	0
463	1099	0
464	1099	0
465	1099	1
466	1099	0
467	1099	0
468	1099	1
469	1099	0
470	1099	0
471	1099	0
472	1099	0
473	1099	0
474	1099	1
475	1099	0
476	1099	0
477	1099	0
478	1099	1
480	1099	0
481	1099	0
482	1099	0
483	1099	0
484	1099	0
485	1099	0
486	1099	0
487	1099	0
489	1099	0
490	1099	0
491	1099	0
492	1099	0
493	1099	0
495	1099	0
496	1099	1
497	1099	1
499	1099	0
500	1099	1
501	1099	0
502	1099	0
503	1099	1
505	1099	1
506	1099	1
508	1099	1
509	1099	1
510	1099	0
511	1099	0
512	1099	1
513	1099	0
515	1099	0
516	1099	0
517	1099	0
518	1099	1
519	1099	1
520	1099	1
521	1099	0
522	1099	1
523	1099	1
524	1099	0
525	1099	0
526	1099	1
527	1099	0
528	1099	0
529	1099	0
531	1099	1
533	1099	0
534	1099	0
536	1099	0
537	1099	0
538	1099	0
540	1099	0
541	1099	0
542	1099	1
543	1099	0
544	1099	0
546	1099	0
547	1099	0
548	1099	0
549	1099	0
550	1099	0
551	1099	1
553	1099	0
554	1099	0
555	1099	0
556	1099	0
557	1099	1
558	1099	0
559	1099	0
560	1099	1
561	1099	0
562	1099	0
563	1099	1
564	1099	0
565	1099	0
566	1099	0
567	1099	0
568	1099	0
569	1099	0
570	1099	0
571	1099	0
572	1099	1
574	1099	1
575	1099	0
576	1099	0
577	1099	0
578	1099	0
579	1099	1
580	1099	0
582	1099	1
583	1099	1
584	1099	1
585	1099	0
586	1099	0
587	1099	0
588	1099	0
589	1099	0
590	1099	0
591	1099	0
592	1099	0
593	1099	0
594	1099	1
595	1099	0
596	1099	0
597	1099	0
598	1099	0
599	1099	0
600	1099	0
601	1099	0
602	1099	0
604	1099	0
605	1099	0
606	1099	1
607	1099	0
608	1099	0
609	1099	1
611	1099	0
612	1099	0
613	1099	0
614	1099	0
615	1099	0
616	1099	0
617	1099	1
618	1099	0
619	1099	1
620	1099	0
621	1099	1
622	1099	1
624	1099	0
625	1099	0
626	1099	0
627	1099	0
628	1099	0
630	1099	0
631	1099	0
632	1099	0
633	1099	0
635	1099	0
636	1099	0
637	1099	1
640	1099	0
641	1099	0
642	1099	0
643	1099	0
644	1099	1
645	1099	1
646	1099	0
647	1099	0
648	1099	0
649	1099	0
650	1099	0
651	1099	0
652	1099	1
653	1099	0
654	1099	0
655	1099	0
656	1099	0
657	1099	1
658	1099	0
659	1099	0
660	1099	0
661	1099	0
662	1099	1
663	1099	1
664	1099	0
666	1099	1
667	1099	1
668	1099	0
669	1099	0
670	1099	0
671	1099	0
672	1099	0
673	1099	1
674	1099	0
675	1099	0
676	1099	0
677	1099	0
678	1099	1
679	1099	1
680	1099	0
681	1099	0
682	1099	0
683	1099	0
684	1099	0
685	1099	0
686	1099	0
687	1099	0
688	1099	0
689	1099	0
690	1099	0
691	1099	1
692	1099	1
693	1099	0
694	1099	0
695	1099	1
696	1099	0
697	1099	0
698	1099	0
699	1099	0
700	1099	0
701	1099	0
702	1099	0
703	1099	1
704	1099	0
705	1099	1
706	1099	0
707	1099	0
708	1099	0
709	1099	0
710	1099	0
711	1099	0
712	1099	0
713	1099	0
714	1099	0
715	1099	0
716	1099	0
717	1099	0
718	1099	0
719	1099	0
720	1099	0
721	1099	1
722	1099	0
723	1099	0
724	1099	0
725	1099	0
726	1099	0
727	1099	1
728	1099	0
730	1099	0
731	1099	0
732	1099	1
733	1099	0
734	1099	0
735	1099	0
736	1099	0
737	1099	0
738	1099	0
739	1099	0
740	1099	0
741	1099	1
742	1099	0
743	1099	0
744	1099	0
745	1099	0
746	1099	0
747	1099	1
748	1099	1
749	1099	0
750	1099	0
751	1099	0
752	1099	0
753	1099	1
754	1099	1
755	1099	0
756	1099	0
757	1099	0
758	1099	0
759	1099	0
760	1099	0
761	1099	0
762	1099	0
763	1099	1
764	1099	0
765	1099	1
767	1099	0
768	1099	0
769	1099	0
770	1099	0
771	1099	0
772	1099	0
773	1099	0
774	1099	0
775	1099	0
776	1099	0
777	1099	1
778	1099	0
779	1099	0
780	1099	1
782	1099	0
783	1099	0
784	1099	0
785	1099	1
786	1099	0
787	1099	0
788	1099	0
789	1099	0
790	1099	0
791	1099	0
793	1099	0
794	1099	1
795	1099	0
796	1099	0
797	1099	0
798	1099	0
799	1099	0
800	1099	1
801	1099	0
802	1099	0
803	1099	0
804	1099	0
806	1099	1
807	1099	0
808	1099	0
809	1099	0
810	1099	0
811	1099	1
812	1099	0
813	1099	1
814	1099	0
816	1099	0
817	1099	0
818	1099	0
819	1099	0
820	1099	0
821	1099	0
822	1099	0
823	1099	0
824	1099	0
825	1099	1
826	1099	0
827	1099	0
828	1099	1
829	1099	1
830	1099	1
831	1099	1
832	1099	1
833	1099	1
834	1099	1
835	1099	0
836	1099	0
837	1099	1
839	1099	0
840	1099	1
841	1099	0
842	1099	0
843	1099	0
844	1099	0
845	1099	0
846	1099	0
847	1099	0
848	1099	0
849	1099	0
850	1099	0
851	1099	0
852	1099	0
853	1099	1
854	1099	0
855	1099	0
856	1099	0
857	1099	0
858	1099	0
859	1099	0
860	1099	0
861	1099	0
862	1099	0
863	1099	0
864	1099	0
865	1099	0
866	1099	0
867	1099	0
868	1099	0
869	1099	0
870	1099	0
872	1099	0
873	1099	0
874	1099	0
875	1099	0
876	1099	0
877	1099	0
878	1099	0
879	1099	0
880	1099	0
881	1099	0
882	1099	0
883	1099	0
884	1099	0
885	1099	0
886	1099	0
887	1099	0
888	1099	1
889	1099	0
890	1099	0
891	1099	0
892	1099	0
893	1099	0
894	1099	0
895	1099	0
896	1099	0
897	1099	0
898	1099	0
900	1099	1
901	1099	0
902	1099	0
903	1099	0
904	1099	0
905	1099	0
906	1099	0
907	1099	0
908	1099	0
909	1099	0
910	1099	0
911	1099	0
912	1099	0
913	1099	1
914	1099	0
916	1099	1
917	1099	1
918	1099	0
919	1099	0
920	1099	0
921	1099	0
922	1099	0
923	1099	0
924	1099	0
925	1099	0
926	1099	0
927	1099	0
928	1099	1
930	1099	0
931	1099	0
933	1099	1
934	1099	0
935	1099	0
936	1099	0
937	1099	0
938	1099	0
939	1099	0
940	1099	0
941	1099	0
942	1099	0
943	1099	0
944	1099	0
945	1099	0
946	1099	0
947	1099	1
948	1099	0
949	1099	0
950	1099	0
952	1099	0
953	1099	0
954	1099	0
955	1099	0
956	1099	0
958	1099	0
959	1099	1
961	1099	0
962	1099	0
963	1099	1
964	1099	0
965	1099	1
967	1099	1
