0	1075	0
1	1075	0
2	1075	0
3	1075	0
4	1075	0
5	1075	0
6	1075	0
7	1075	0
8	1075	1
9	1075	0
10	1075	0
11	1075	0
12	1075	0
13	1075	0
14	1075	1
15	1075	0
16	1075	0
17	1075	1
18	1075	0
19	1075	0
20	1075	0
21	1075	0
22	1075	0
23	1075	0
24	1075	0
26	1075	0
27	1075	0
28	1075	0
29	1075	0
30	1075	0
31	1075	1
32	1075	1
33	1075	0
34	1075	0
35	1075	0
36	1075	0
37	1075	0
38	1075	0
39	1075	0
40	1075	0
42	1075	0
43	1075	0
44	1075	0
45	1075	0
46	1075	0
47	1075	1
48	1075	0
49	1075	0
50	1075	0
51	1075	0
52	1075	0
53	1075	0
54	1075	0
55	1075	0
56	1075	0
57	1075	0
58	1075	0
59	1075	1
60	1075	0
61	1075	0
62	1075	0
64	1075	1
65	1075	0
66	1075	0
67	1075	0
68	1075	0
69	1075	0
70	1075	0
71	1075	0
72	1075	0
73	1075	0
74	1075	0
75	1075	0
76	1075	0
77	1075	0
78	1075	0
79	1075	0
80	1075	0
81	1075	0
82	1075	0
83	1075	0
84	1075	0
85	1075	0
86	1075	0
87	1075	0
88	1075	0
89	1075	0
90	1075	0
91	1075	0
92	1075	0
93	1075	0
94	1075	0
95	1075	0
96	1075	0
97	1075	0
98	1075	0
99	1075	0
100	1075	0
101	1075	0
102	1075	0
103	1075	0
104	1075	1
105	1075	0
106	1075	0
109	1075	0
111	1075	0
112	1075	0
113	1075	0
114	1075	0
115	1075	0
116	1075	0
117	1075	0
118	1075	0
119	1075	0
120	1075	0
121	1075	0
122	1075	0
123	1075	0
124	1075	0
125	1075	0
126	1075	0
127	1075	0
129	1075	0
130	1075	0
131	1075	0
132	1075	0
133	1075	0
134	1075	0
136	1075	0
137	1075	0
138	1075	1
139	1075	0
140	1075	1
141	1075	0
142	1075	0
143	1075	0
144	1075	0
145	1075	0
146	1075	0
147	1075	0
148	1075	0
149	1075	0
150	1075	0
151	1075	0
152	1075	0
153	1075	0
154	1075	0
155	1075	0
156	1075	0
157	1075	0
158	1075	1
159	1075	0
160	1075	0
161	1075	0
162	1075	0
163	1075	0
165	1075	0
166	1075	0
167	1075	0
168	1075	0
169	1075	0
170	1075	0
171	1075	0
172	1075	1
173	1075	1
174	1075	0
175	1075	0
177	1075	0
178	1075	0
179	1075	0
180	1075	0
182	1075	0
183	1075	0
184	1075	1
185	1075	0
186	1075	0
187	1075	0
188	1075	1
189	1075	0
190	1075	0
191	1075	0
192	1075	0
193	1075	0
194	1075	1
195	1075	0
196	1075	1
197	1075	0
198	1075	0
199	1075	1
200	1075	0
201	1075	0
202	1075	0
203	1075	0
204	1075	0
206	1075	0
207	1075	0
208	1075	0
210	1075	0
211	1075	0
212	1075	1
213	1075	0
214	1075	1
215	1075	0
216	1075	0
217	1075	0
218	1075	0
219	1075	0
220	1075	0
222	1075	0
223	1075	0
224	1075	0
225	1075	0
226	1075	0
227	1075	1
228	1075	1
229	1075	0
230	1075	0
231	1075	0
232	1075	0
233	1075	0
234	1075	1
235	1075	0
236	1075	0
237	1075	0
238	1075	0
239	1075	1
240	1075	0
241	1075	0
242	1075	0
244	1075	0
245	1075	0
247	1075	0
248	1075	0
249	1075	0
250	1075	0
251	1075	0
252	1075	0
253	1075	0
254	1075	0
255	1075	0
256	1075	0
258	1075	0
259	1075	0
260	1075	0
261	1075	0
262	1075	0
263	1075	0
264	1075	0
265	1075	0
266	1075	0
267	1075	0
268	1075	0
269	1075	0
270	1075	0
271	1075	0
272	1075	0
273	1075	0
274	1075	0
275	1075	0
276	1075	0
277	1075	0
278	1075	0
279	1075	0
280	1075	0
281	1075	0
282	1075	0
283	1075	0
284	1075	0
285	1075	0
286	1075	0
287	1075	0
288	1075	0
289	1075	0
290	1075	0
291	1075	0
292	1075	0
293	1075	0
294	1075	0
295	1075	0
296	1075	0
297	1075	0
298	1075	0
299	1075	1
300	1075	0
301	1075	0
302	1075	0
303	1075	0
304	1075	0
305	1075	1
306	1075	0
307	1075	0
308	1075	0
309	1075	0
310	1075	0
311	1075	0
312	1075	0
313	1075	0
314	1075	0
315	1075	0
316	1075	0
317	1075	0
318	1075	0
319	1075	0
320	1075	0
321	1075	0
322	1075	0
323	1075	0
324	1075	0
325	1075	0
326	1075	0
327	1075	0
328	1075	1
329	1075	0
330	1075	0
331	1075	0
333	1075	0
335	1075	1
336	1075	0
337	1075	0
338	1075	0
339	1075	0
340	1075	0
342	1075	0
343	1075	0
344	1075	0
346	1075	0
347	1075	0
348	1075	1
349	1075	0
350	1075	0
351	1075	0
352	1075	0
354	1075	0
355	1075	0
357	1075	0
358	1075	0
359	1075	0
360	1075	0
361	1075	0
363	1075	1
364	1075	0
365	1075	1
366	1075	0
367	1075	0
368	1075	0
371	1075	0
372	1075	0
373	1075	1
374	1075	0
377	1075	1
378	1075	0
379	1075	0
380	1075	1
381	1075	1
382	1075	0
383	1075	0
384	1075	0
385	1075	1
386	1075	0
387	1075	0
388	1075	0
389	1075	0
390	1075	0
391	1075	0
393	1075	0
394	1075	0
395	1075	1
396	1075	0
398	1075	0
399	1075	0
400	1075	0
401	1075	0
402	1075	1
403	1075	0
404	1075	0
405	1075	0
406	1075	0
407	1075	0
408	1075	0
409	1075	0
410	1075	0
411	1075	1
412	1075	0
413	1075	0
414	1075	0
415	1075	1
416	1075	1
417	1075	0
418	1075	0
419	1075	0
420	1075	0
421	1075	0
422	1075	0
423	1075	0
424	1075	1
425	1075	0
426	1075	0
427	1075	0
428	1075	0
429	1075	0
431	1075	0
432	1075	0
433	1075	0
434	1075	0
435	1075	1
436	1075	0
437	1075	0
438	1075	0
439	1075	0
440	1075	0
441	1075	0
442	1075	0
443	1075	0
444	1075	0
445	1075	0
446	1075	0
447	1075	0
448	1075	0
449	1075	0
450	1075	0
451	1075	0
452	1075	0
453	1075	0
454	1075	0
455	1075	0
456	1075	0
457	1075	0
458	1075	0
459	1075	0
460	1075	0
461	1075	0
462	1075	0
463	1075	0
464	1075	0
465	1075	0
466	1075	0
467	1075	0
468	1075	0
469	1075	0
470	1075	0
471	1075	0
472	1075	0
473	1075	0
474	1075	0
475	1075	0
476	1075	0
477	1075	0
478	1075	1
480	1075	0
481	1075	0
482	1075	0
483	1075	0
484	1075	0
485	1075	0
486	1075	0
487	1075	1
489	1075	0
490	1075	0
491	1075	0
492	1075	0
493	1075	1
495	1075	0
496	1075	0
497	1075	0
499	1075	0
500	1075	0
501	1075	0
502	1075	0
503	1075	1
505	1075	0
506	1075	0
508	1075	0
509	1075	1
510	1075	1
511	1075	0
512	1075	0
513	1075	0
514	1075	1
515	1075	1
516	1075	0
517	1075	0
518	1075	1
519	1075	0
520	1075	0
521	1075	0
522	1075	0
523	1075	0
524	1075	0
525	1075	0
526	1075	0
527	1075	0
528	1075	0
529	1075	0
531	1075	0
533	1075	1
534	1075	0
536	1075	0
537	1075	0
538	1075	0
540	1075	0
541	1075	0
542	1075	0
543	1075	0
544	1075	0
546	1075	0
547	1075	0
548	1075	0
549	1075	0
550	1075	0
551	1075	0
553	1075	0
554	1075	0
555	1075	0
556	1075	0
557	1075	0
558	1075	0
559	1075	0
560	1075	1
561	1075	0
562	1075	0
563	1075	0
564	1075	0
565	1075	0
566	1075	0
567	1075	0
568	1075	0
569	1075	0
570	1075	0
571	1075	0
572	1075	0
573	1075	0
574	1075	0
575	1075	0
576	1075	0
577	1075	0
578	1075	0
579	1075	0
580	1075	0
582	1075	0
583	1075	0
584	1075	0
585	1075	0
586	1075	0
587	1075	0
588	1075	0
589	1075	0
590	1075	0
591	1075	0
592	1075	0
593	1075	0
594	1075	0
595	1075	0
596	1075	0
597	1075	0
598	1075	0
599	1075	0
600	1075	0
601	1075	0
602	1075	0
604	1075	0
605	1075	0
606	1075	0
607	1075	0
608	1075	0
609	1075	0
611	1075	0
612	1075	0
613	1075	0
614	1075	0
615	1075	0
616	1075	0
617	1075	0
618	1075	0
619	1075	0
620	1075	0
621	1075	0
622	1075	0
624	1075	0
625	1075	0
626	1075	1
627	1075	0
628	1075	0
630	1075	0
631	1075	0
632	1075	0
633	1075	0
635	1075	0
636	1075	0
637	1075	1
640	1075	0
641	1075	0
642	1075	1
643	1075	0
644	1075	0
645	1075	1
646	1075	0
647	1075	0
648	1075	0
649	1075	0
650	1075	1
651	1075	0
652	1075	1
653	1075	0
654	1075	0
655	1075	0
656	1075	0
657	1075	0
658	1075	0
659	1075	0
660	1075	0
661	1075	0
662	1075	0
663	1075	1
664	1075	0
666	1075	0
667	1075	0
668	1075	0
669	1075	0
670	1075	0
671	1075	1
672	1075	0
673	1075	0
674	1075	0
675	1075	0
676	1075	0
677	1075	0
678	1075	0
679	1075	0
680	1075	0
681	1075	0
682	1075	0
683	1075	0
684	1075	0
685	1075	0
686	1075	0
687	1075	0
688	1075	0
689	1075	0
690	1075	0
691	1075	0
692	1075	1
693	1075	0
694	1075	1
695	1075	1
696	1075	0
697	1075	0
698	1075	0
699	1075	1
700	1075	0
701	1075	0
702	1075	0
703	1075	0
704	1075	0
705	1075	0
706	1075	0
707	1075	0
708	1075	0
709	1075	0
710	1075	0
711	1075	0
712	1075	0
713	1075	0
714	1075	0
715	1075	0
716	1075	0
717	1075	0
718	1075	0
719	1075	0
720	1075	0
721	1075	1
722	1075	0
723	1075	0
724	1075	0
725	1075	0
726	1075	0
727	1075	0
728	1075	0
730	1075	0
731	1075	0
732	1075	0
733	1075	0
734	1075	0
735	1075	0
736	1075	0
737	1075	0
738	1075	1
739	1075	0
740	1075	0
741	1075	0
742	1075	1
743	1075	0
744	1075	0
745	1075	0
746	1075	0
747	1075	0
748	1075	0
749	1075	0
750	1075	1
751	1075	0
752	1075	1
753	1075	0
754	1075	0
755	1075	0
756	1075	0
757	1075	0
758	1075	0
759	1075	0
760	1075	0
761	1075	0
762	1075	0
763	1075	0
764	1075	0
765	1075	0
767	1075	0
768	1075	0
769	1075	0
770	1075	0
771	1075	0
772	1075	0
773	1075	0
774	1075	1
775	1075	0
776	1075	0
777	1075	0
778	1075	0
779	1075	0
780	1075	0
782	1075	0
783	1075	0
784	1075	1
785	1075	0
786	1075	0
787	1075	0
788	1075	1
789	1075	0
790	1075	0
791	1075	0
793	1075	0
794	1075	0
795	1075	0
796	1075	0
797	1075	0
798	1075	0
799	1075	0
800	1075	0
801	1075	0
802	1075	1
803	1075	0
804	1075	0
806	1075	0
807	1075	0
808	1075	0
809	1075	0
810	1075	0
811	1075	0
812	1075	0
813	1075	0
814	1075	0
816	1075	1
817	1075	0
818	1075	0
819	1075	0
820	1075	0
821	1075	0
822	1075	0
823	1075	0
824	1075	0
825	1075	0
826	1075	0
827	1075	0
828	1075	0
829	1075	0
830	1075	1
831	1075	0
832	1075	0
833	1075	1
834	1075	0
835	1075	0
836	1075	0
837	1075	1
839	1075	0
840	1075	0
841	1075	0
842	1075	0
843	1075	0
844	1075	0
845	1075	0
846	1075	0
847	1075	0
848	1075	0
849	1075	0
850	1075	0
851	1075	0
852	1075	0
853	1075	0
854	1075	0
855	1075	0
856	1075	0
857	1075	0
858	1075	0
859	1075	0
860	1075	0
861	1075	0
862	1075	1
863	1075	0
864	1075	0
865	1075	0
866	1075	0
867	1075	0
868	1075	0
869	1075	0
870	1075	0
872	1075	0
873	1075	0
874	1075	0
875	1075	0
876	1075	0
877	1075	0
878	1075	0
879	1075	0
880	1075	0
881	1075	0
882	1075	0
883	1075	0
884	1075	0
885	1075	0
886	1075	0
887	1075	0
888	1075	0
889	1075	0
890	1075	0
891	1075	0
892	1075	0
893	1075	0
894	1075	0
895	1075	0
896	1075	0
897	1075	0
898	1075	0
900	1075	0
901	1075	0
902	1075	0
903	1075	0
904	1075	0
905	1075	0
906	1075	0
907	1075	0
908	1075	0
909	1075	0
910	1075	0
911	1075	0
912	1075	0
913	1075	0
914	1075	0
916	1075	0
917	1075	0
918	1075	0
919	1075	0
920	1075	0
921	1075	0
922	1075	0
923	1075	0
924	1075	0
925	1075	0
926	1075	1
927	1075	0
928	1075	0
930	1075	0
931	1075	0
933	1075	0
934	1075	0
935	1075	0
936	1075	0
937	1075	0
938	1075	0
939	1075	0
940	1075	0
941	1075	0
942	1075	0
943	1075	0
944	1075	0
945	1075	0
946	1075	0
947	1075	0
948	1075	0
949	1075	0
950	1075	0
952	1075	0
953	1075	0
954	1075	0
955	1075	0
956	1075	0
958	1075	0
959	1075	0
961	1075	0
962	1075	0
963	1075	1
964	1075	0
965	1075	0
967	1075	0
