0	1104	0
1	1104	0
2	1104	0
3	1104	0
4	1104	0
5	1104	0
6	1104	0
7	1104	0
8	1104	1
9	1104	0
10	1104	0
11	1104	0
12	1104	0
13	1104	0
14	1104	0
15	1104	0
16	1104	0
17	1104	0
18	1104	1
19	1104	0
20	1104	0
21	1104	0
22	1104	0
23	1104	1
24	1104	0
26	1104	0
27	1104	0
28	1104	0
29	1104	0
30	1104	0
31	1104	1
32	1104	1
33	1104	0
34	1104	0
35	1104	0
36	1104	0
37	1104	0
38	1104	0
39	1104	0
40	1104	0
42	1104	1
43	1104	0
44	1104	0
45	1104	0
46	1104	0
47	1104	1
48	1104	0
49	1104	0
50	1104	0
51	1104	0
52	1104	0
53	1104	0
54	1104	1
55	1104	0
56	1104	0
57	1104	0
58	1104	0
59	1104	1
60	1104	0
61	1104	0
62	1104	0
64	1104	0
65	1104	0
66	1104	1
67	1104	0
68	1104	0
69	1104	0
70	1104	0
71	1104	0
72	1104	1
73	1104	0
74	1104	0
75	1104	1
76	1104	0
77	1104	0
78	1104	0
79	1104	0
80	1104	0
81	1104	0
82	1104	0
83	1104	0
84	1104	0
85	1104	1
86	1104	0
87	1104	0
88	1104	0
89	1104	0
90	1104	0
91	1104	0
92	1104	0
93	1104	0
94	1104	0
95	1104	1
96	1104	0
97	1104	0
98	1104	0
99	1104	0
100	1104	1
101	1104	0
102	1104	0
103	1104	0
104	1104	1
105	1104	0
106	1104	0
109	1104	0
111	1104	0
112	1104	0
113	1104	0
114	1104	0
115	1104	0
116	1104	0
117	1104	0
118	1104	0
119	1104	0
120	1104	0
121	1104	0
122	1104	0
123	1104	1
124	1104	0
125	1104	0
126	1104	0
127	1104	0
129	1104	0
130	1104	0
131	1104	0
132	1104	0
133	1104	0
134	1104	0
136	1104	0
137	1104	0
138	1104	0
139	1104	0
140	1104	0
141	1104	0
142	1104	0
143	1104	0
144	1104	0
145	1104	0
146	1104	0
147	1104	0
148	1104	0
149	1104	0
150	1104	0
151	1104	0
152	1104	0
153	1104	0
154	1104	0
155	1104	0
156	1104	0
157	1104	0
158	1104	0
159	1104	0
160	1104	0
161	1104	0
162	1104	0
163	1104	0
165	1104	0
166	1104	0
167	1104	0
168	1104	0
169	1104	0
170	1104	0
171	1104	0
172	1104	1
173	1104	0
174	1104	0
175	1104	0
177	1104	0
178	1104	0
179	1104	1
180	1104	0
182	1104	0
183	1104	0
184	1104	0
185	1104	1
186	1104	0
187	1104	0
188	1104	1
189	1104	0
190	1104	0
191	1104	0
192	1104	0
193	1104	1
194	1104	0
195	1104	0
196	1104	0
197	1104	0
198	1104	0
199	1104	0
200	1104	0
201	1104	0
202	1104	0
203	1104	0
204	1104	0
206	1104	0
207	1104	1
208	1104	0
210	1104	1
211	1104	0
212	1104	0
213	1104	0
214	1104	0
215	1104	0
216	1104	0
217	1104	0
218	1104	0
219	1104	0
220	1104	0
222	1104	0
223	1104	0
224	1104	0
225	1104	0
226	1104	0
227	1104	1
228	1104	0
229	1104	0
230	1104	0
231	1104	1
232	1104	0
233	1104	0
234	1104	0
235	1104	0
236	1104	0
237	1104	0
238	1104	0
239	1104	1
240	1104	1
241	1104	0
242	1104	0
244	1104	0
245	1104	0
247	1104	1
248	1104	1
249	1104	0
250	1104	0
251	1104	0
252	1104	0
253	1104	0
254	1104	0
255	1104	0
256	1104	0
258	1104	0
259	1104	0
260	1104	0
261	1104	1
262	1104	0
263	1104	0
264	1104	0
265	1104	0
266	1104	0
267	1104	0
268	1104	0
269	1104	0
270	1104	0
271	1104	0
272	1104	0
273	1104	0
274	1104	0
275	1104	0
276	1104	0
277	1104	0
278	1104	0
279	1104	0
280	1104	0
281	1104	0
282	1104	0
283	1104	0
284	1104	0
285	1104	0
286	1104	0
287	1104	0
288	1104	0
289	1104	0
290	1104	0
291	1104	0
292	1104	0
293	1104	0
294	1104	0
295	1104	0
296	1104	0
297	1104	0
298	1104	0
299	1104	0
300	1104	0
301	1104	0
302	1104	0
303	1104	0
304	1104	0
305	1104	0
306	1104	0
307	1104	0
308	1104	0
309	1104	0
310	1104	0
311	1104	0
312	1104	0
313	1104	0
314	1104	0
315	1104	0
316	1104	0
317	1104	0
318	1104	0
319	1104	0
320	1104	0
321	1104	0
322	1104	0
323	1104	0
324	1104	0
325	1104	0
326	1104	0
327	1104	1
328	1104	0
329	1104	0
330	1104	0
331	1104	0
333	1104	0
335	1104	0
336	1104	0
337	1104	0
338	1104	0
339	1104	0
340	1104	0
342	1104	0
343	1104	0
344	1104	0
346	1104	1
347	1104	0
348	1104	0
349	1104	0
350	1104	0
351	1104	1
352	1104	0
354	1104	0
355	1104	0
357	1104	0
358	1104	0
359	1104	0
360	1104	0
361	1104	0
363	1104	0
364	1104	0
365	1104	0
366	1104	0
367	1104	0
368	1104	0
371	1104	0
372	1104	0
373	1104	0
374	1104	0
377	1104	0
378	1104	1
379	1104	1
380	1104	0
381	1104	0
382	1104	0
383	1104	0
384	1104	0
385	1104	0
386	1104	0
387	1104	0
388	1104	0
389	1104	0
390	1104	0
391	1104	0
393	1104	0
394	1104	0
395	1104	0
396	1104	0
398	1104	0
399	1104	0
400	1104	0
401	1104	0
402	1104	0
403	1104	0
404	1104	0
405	1104	0
406	1104	0
407	1104	1
408	1104	0
409	1104	1
410	1104	0
411	1104	0
412	1104	0
413	1104	1
414	1104	0
415	1104	1
416	1104	0
417	1104	0
418	1104	0
419	1104	0
420	1104	0
421	1104	0
422	1104	0
423	1104	0
424	1104	0
425	1104	0
426	1104	0
427	1104	0
428	1104	0
429	1104	0
431	1104	0
432	1104	0
433	1104	0
434	1104	0
435	1104	1
436	1104	0
437	1104	0
438	1104	0
439	1104	0
440	1104	0
441	1104	0
442	1104	0
443	1104	0
444	1104	0
445	1104	0
446	1104	0
447	1104	0
448	1104	0
449	1104	0
450	1104	0
451	1104	0
452	1104	0
453	1104	0
454	1104	0
455	1104	0
456	1104	0
457	1104	0
458	1104	0
459	1104	0
460	1104	0
461	1104	0
462	1104	0
463	1104	0
464	1104	0
465	1104	0
466	1104	0
467	1104	0
468	1104	0
469	1104	0
470	1104	0
471	1104	0
472	1104	0
473	1104	0
474	1104	0
475	1104	0
476	1104	0
477	1104	0
478	1104	0
480	1104	0
481	1104	0
482	1104	0
483	1104	0
484	1104	0
485	1104	0
486	1104	0
487	1104	0
489	1104	1
490	1104	0
491	1104	0
492	1104	0
493	1104	0
495	1104	0
496	1104	0
497	1104	0
499	1104	0
500	1104	0
501	1104	0
502	1104	0
503	1104	1
505	1104	0
506	1104	0
508	1104	0
509	1104	1
510	1104	0
511	1104	0
512	1104	0
513	1104	0
514	1104	1
515	1104	0
516	1104	0
517	1104	0
518	1104	0
519	1104	0
520	1104	1
521	1104	0
522	1104	0
523	1104	0
524	1104	0
525	1104	0
526	1104	0
527	1104	0
528	1104	0
529	1104	0
531	1104	0
533	1104	0
534	1104	0
536	1104	0
537	1104	0
538	1104	0
540	1104	0
541	1104	0
542	1104	0
543	1104	0
544	1104	0
546	1104	0
547	1104	0
548	1104	0
549	1104	0
550	1104	0
551	1104	1
553	1104	0
554	1104	0
555	1104	0
556	1104	0
557	1104	0
558	1104	0
559	1104	0
560	1104	1
561	1104	0
562	1104	0
563	1104	0
564	1104	0
565	1104	0
566	1104	0
567	1104	1
568	1104	0
569	1104	0
570	1104	0
571	1104	0
572	1104	0
573	1104	0
574	1104	0
575	1104	1
576	1104	0
577	1104	0
578	1104	0
579	1104	1
580	1104	0
582	1104	1
583	1104	0
584	1104	0
585	1104	0
586	1104	1
587	1104	0
588	1104	0
589	1104	0
590	1104	0
591	1104	0
592	1104	0
593	1104	0
594	1104	0
595	1104	0
596	1104	0
597	1104	1
598	1104	0
599	1104	0
600	1104	0
601	1104	0
602	1104	0
604	1104	0
605	1104	1
606	1104	0
607	1104	1
608	1104	0
609	1104	1
611	1104	0
612	1104	0
613	1104	0
614	1104	1
615	1104	0
616	1104	0
617	1104	0
618	1104	0
619	1104	0
620	1104	0
621	1104	0
622	1104	0
624	1104	0
625	1104	0
626	1104	0
627	1104	0
628	1104	0
630	1104	1
631	1104	0
632	1104	0
633	1104	0
635	1104	0
636	1104	0
637	1104	1
640	1104	0
641	1104	0
642	1104	0
643	1104	0
644	1104	0
645	1104	0
646	1104	0
647	1104	0
648	1104	0
649	1104	0
650	1104	0
651	1104	0
652	1104	0
653	1104	0
654	1104	1
655	1104	0
656	1104	1
657	1104	1
658	1104	0
659	1104	0
660	1104	0
661	1104	0
662	1104	0
663	1104	0
664	1104	1
666	1104	0
667	1104	0
668	1104	0
669	1104	0
670	1104	0
671	1104	0
672	1104	0
673	1104	0
674	1104	0
675	1104	0
676	1104	0
677	1104	0
678	1104	0
679	1104	0
680	1104	0
681	1104	0
682	1104	0
683	1104	0
684	1104	0
685	1104	0
686	1104	0
687	1104	0
688	1104	0
689	1104	1
690	1104	0
691	1104	0
692	1104	1
693	1104	0
694	1104	0
695	1104	1
696	1104	0
697	1104	0
698	1104	1
699	1104	0
700	1104	0
701	1104	0
702	1104	0
703	1104	1
704	1104	0
705	1104	1
706	1104	0
707	1104	0
708	1104	1
709	1104	0
710	1104	0
711	1104	1
712	1104	0
713	1104	0
714	1104	0
715	1104	0
716	1104	0
717	1104	0
718	1104	0
719	1104	0
720	1104	0
721	1104	0
722	1104	0
723	1104	0
724	1104	0
725	1104	0
726	1104	1
727	1104	1
728	1104	0
730	1104	0
731	1104	0
732	1104	0
733	1104	0
734	1104	0
735	1104	0
736	1104	0
737	1104	1
738	1104	0
739	1104	0
740	1104	0
741	1104	0
742	1104	0
743	1104	1
744	1104	1
745	1104	0
746	1104	0
747	1104	0
748	1104	0
749	1104	1
750	1104	0
751	1104	0
752	1104	0
753	1104	0
754	1104	0
755	1104	0
756	1104	1
757	1104	0
758	1104	0
759	1104	0
760	1104	0
761	1104	1
762	1104	1
763	1104	0
764	1104	0
765	1104	1
767	1104	0
768	1104	0
769	1104	0
770	1104	0
771	1104	0
772	1104	0
773	1104	0
774	1104	1
775	1104	0
776	1104	0
777	1104	0
778	1104	0
779	1104	0
780	1104	0
782	1104	0
783	1104	0
784	1104	0
785	1104	0
786	1104	0
787	1104	0
788	1104	0
789	1104	0
790	1104	0
791	1104	0
793	1104	0
794	1104	1
795	1104	0
796	1104	0
797	1104	0
798	1104	0
799	1104	0
800	1104	0
801	1104	0
802	1104	0
803	1104	0
804	1104	0
806	1104	0
807	1104	0
808	1104	0
809	1104	0
810	1104	0
811	1104	1
812	1104	1
813	1104	0
814	1104	0
816	1104	0
817	1104	0
818	1104	0
819	1104	0
820	1104	0
821	1104	0
822	1104	0
823	1104	0
824	1104	0
825	1104	0
826	1104	0
827	1104	1
828	1104	0
829	1104	0
830	1104	0
831	1104	0
832	1104	0
833	1104	0
834	1104	0
835	1104	0
836	1104	0
837	1104	1
839	1104	0
840	1104	0
841	1104	0
842	1104	0
843	1104	1
844	1104	0
845	1104	0
846	1104	0
847	1104	0
848	1104	0
849	1104	0
850	1104	0
851	1104	0
852	1104	0
853	1104	0
854	1104	0
855	1104	0
856	1104	0
857	1104	0
858	1104	0
859	1104	0
860	1104	0
861	1104	0
862	1104	1
863	1104	0
864	1104	0
865	1104	0
866	1104	0
867	1104	0
868	1104	0
869	1104	0
870	1104	1
872	1104	0
873	1104	0
874	1104	0
875	1104	0
876	1104	0
877	1104	1
878	1104	0
879	1104	0
880	1104	0
881	1104	0
882	1104	0
883	1104	0
884	1104	0
885	1104	0
886	1104	0
887	1104	1
888	1104	1
889	1104	0
890	1104	0
891	1104	1
892	1104	0
893	1104	0
894	1104	0
895	1104	0
896	1104	0
897	1104	0
898	1104	0
900	1104	1
901	1104	0
902	1104	0
903	1104	0
904	1104	0
905	1104	0
906	1104	0
907	1104	0
908	1104	0
909	1104	0
910	1104	0
911	1104	0
912	1104	1
913	1104	0
914	1104	0
916	1104	0
917	1104	0
918	1104	0
919	1104	0
920	1104	0
921	1104	0
922	1104	0
923	1104	0
924	1104	0
925	1104	0
926	1104	0
927	1104	0
928	1104	0
930	1104	1
931	1104	0
933	1104	1
934	1104	0
935	1104	0
936	1104	0
937	1104	0
938	1104	0
939	1104	0
940	1104	0
941	1104	0
942	1104	0
943	1104	0
944	1104	0
945	1104	0
946	1104	0
947	1104	0
948	1104	0
949	1104	0
950	1104	0
952	1104	0
953	1104	0
954	1104	0
955	1104	0
956	1104	0
958	1104	0
959	1104	0
961	1104	0
962	1104	0
963	1104	0
964	1104	0
965	1104	0
967	1104	0
