0	1106	0
1	1106	0
2	1106	0
3	1106	0
4	1106	0
5	1106	0
6	1106	0
7	1106	0
8	1106	0
9	1106	0
10	1106	0
11	1106	0
12	1106	0
13	1106	0
14	1106	0
15	1106	0
16	1106	0
17	1106	0
18	1106	1
19	1106	0
20	1106	0
21	1106	0
22	1106	0
23	1106	0
24	1106	0
26	1106	0
27	1106	0
28	1106	0
29	1106	0
30	1106	0
31	1106	1
32	1106	0
33	1106	0
34	1106	1
35	1106	0
36	1106	0
37	1106	0
38	1106	0
39	1106	0
40	1106	0
42	1106	0
43	1106	0
44	1106	0
45	1106	0
46	1106	1
47	1106	0
48	1106	0
49	1106	0
50	1106	0
51	1106	0
52	1106	0
53	1106	0
54	1106	1
55	1106	0
56	1106	0
57	1106	0
58	1106	0
59	1106	1
60	1106	0
61	1106	0
62	1106	0
64	1106	0
65	1106	0
66	1106	1
67	1106	0
68	1106	0
69	1106	0
70	1106	0
71	1106	0
72	1106	0
73	1106	0
74	1106	0
75	1106	0
76	1106	0
77	1106	0
78	1106	0
79	1106	0
80	1106	0
81	1106	0
82	1106	0
83	1106	0
84	1106	0
85	1106	0
86	1106	0
87	1106	0
88	1106	0
89	1106	0
90	1106	0
91	1106	0
92	1106	0
93	1106	0
94	1106	0
95	1106	0
96	1106	0
97	1106	0
98	1106	0
99	1106	0
100	1106	0
101	1106	0
102	1106	0
103	1106	0
104	1106	1
105	1106	0
106	1106	0
109	1106	0
111	1106	0
112	1106	0
113	1106	0
114	1106	0
115	1106	0
116	1106	0
117	1106	0
118	1106	0
119	1106	0
120	1106	0
121	1106	0
122	1106	0
123	1106	1
124	1106	1
125	1106	0
126	1106	0
127	1106	0
129	1106	0
130	1106	0
131	1106	0
132	1106	0
133	1106	0
134	1106	0
136	1106	0
137	1106	0
138	1106	0
139	1106	0
140	1106	0
141	1106	0
142	1106	0
143	1106	0
144	1106	0
145	1106	0
146	1106	0
147	1106	0
148	1106	0
149	1106	0
150	1106	0
151	1106	0
152	1106	0
153	1106	0
154	1106	0
155	1106	0
156	1106	0
157	1106	0
158	1106	0
159	1106	0
160	1106	1
161	1106	0
162	1106	0
163	1106	1
165	1106	0
166	1106	0
167	1106	0
168	1106	0
169	1106	0
170	1106	0
171	1106	1
172	1106	1
173	1106	0
174	1106	0
175	1106	0
177	1106	0
178	1106	0
179	1106	0
180	1106	0
182	1106	0
183	1106	0
184	1106	0
185	1106	0
186	1106	0
187	1106	0
188	1106	0
189	1106	0
190	1106	0
191	1106	0
192	1106	0
193	1106	1
194	1106	0
195	1106	0
196	1106	1
197	1106	1
198	1106	1
199	1106	0
200	1106	0
201	1106	1
202	1106	0
203	1106	0
204	1106	0
206	1106	1
207	1106	0
208	1106	0
210	1106	1
211	1106	0
212	1106	1
213	1106	0
214	1106	0
215	1106	0
216	1106	0
217	1106	0
218	1106	0
219	1106	0
220	1106	0
222	1106	0
223	1106	0
224	1106	0
225	1106	0
226	1106	0
227	1106	0
228	1106	0
229	1106	0
230	1106	0
231	1106	0
232	1106	0
233	1106	0
234	1106	0
235	1106	0
236	1106	0
237	1106	0
238	1106	0
239	1106	1
240	1106	0
241	1106	0
242	1106	0
244	1106	0
245	1106	0
247	1106	0
248	1106	1
249	1106	0
250	1106	0
251	1106	0
252	1106	0
253	1106	0
254	1106	0
255	1106	0
256	1106	0
258	1106	0
259	1106	0
260	1106	0
261	1106	0
262	1106	0
263	1106	0
264	1106	0
265	1106	0
266	1106	0
267	1106	0
268	1106	0
269	1106	0
270	1106	0
271	1106	0
272	1106	0
273	1106	0
274	1106	0
275	1106	0
276	1106	0
277	1106	0
278	1106	1
279	1106	0
280	1106	1
281	1106	0
282	1106	0
283	1106	0
284	1106	0
285	1106	0
286	1106	0
287	1106	0
288	1106	0
289	1106	1
290	1106	0
291	1106	0
292	1106	0
293	1106	0
294	1106	0
295	1106	0
296	1106	0
297	1106	0
298	1106	0
299	1106	0
300	1106	0
301	1106	0
302	1106	0
303	1106	0
304	1106	0
305	1106	0
306	1106	0
307	1106	0
308	1106	0
309	1106	0
310	1106	0
311	1106	0
312	1106	0
313	1106	0
314	1106	0
315	1106	0
316	1106	0
317	1106	0
318	1106	0
319	1106	0
320	1106	0
321	1106	0
322	1106	0
323	1106	0
324	1106	0
325	1106	0
326	1106	0
327	1106	1
328	1106	0
329	1106	0
330	1106	1
331	1106	0
333	1106	0
335	1106	0
336	1106	0
337	1106	0
338	1106	0
339	1106	0
340	1106	1
342	1106	0
343	1106	0
344	1106	0
346	1106	0
347	1106	0
348	1106	0
349	1106	0
350	1106	0
351	1106	1
352	1106	0
354	1106	0
355	1106	0
357	1106	0
358	1106	0
359	1106	0
360	1106	0
361	1106	0
363	1106	0
364	1106	0
365	1106	0
366	1106	0
367	1106	0
368	1106	0
371	1106	0
372	1106	0
373	1106	1
374	1106	0
377	1106	0
378	1106	0
379	1106	1
380	1106	0
381	1106	0
382	1106	0
383	1106	0
384	1106	0
385	1106	0
386	1106	0
387	1106	0
388	1106	0
389	1106	0
390	1106	0
391	1106	0
393	1106	0
394	1106	0
395	1106	1
396	1106	0
398	1106	0
399	1106	0
400	1106	0
401	1106	0
402	1106	0
403	1106	0
404	1106	0
405	1106	0
406	1106	0
407	1106	0
408	1106	0
409	1106	0
410	1106	0
411	1106	0
412	1106	0
413	1106	0
414	1106	0
415	1106	0
416	1106	0
417	1106	0
418	1106	0
419	1106	0
420	1106	0
421	1106	0
422	1106	0
423	1106	0
424	1106	0
425	1106	0
426	1106	0
427	1106	0
428	1106	0
429	1106	0
431	1106	0
432	1106	0
433	1106	0
434	1106	0
435	1106	0
436	1106	0
437	1106	0
438	1106	0
439	1106	0
440	1106	0
441	1106	0
442	1106	0
443	1106	0
444	1106	0
445	1106	0
446	1106	0
447	1106	0
448	1106	0
449	1106	0
450	1106	1
451	1106	0
452	1106	0
453	1106	0
454	1106	1
455	1106	0
456	1106	0
457	1106	0
458	1106	0
459	1106	0
460	1106	0
461	1106	0
462	1106	0
463	1106	0
464	1106	0
465	1106	0
466	1106	0
467	1106	0
468	1106	0
469	1106	0
470	1106	0
471	1106	0
472	1106	0
473	1106	0
474	1106	0
475	1106	0
476	1106	0
477	1106	0
478	1106	0
480	1106	0
481	1106	0
482	1106	0
483	1106	0
484	1106	0
485	1106	0
486	1106	0
487	1106	0
489	1106	1
490	1106	0
491	1106	0
492	1106	0
493	1106	0
495	1106	0
496	1106	0
497	1106	0
499	1106	0
500	1106	0
501	1106	0
502	1106	0
503	1106	0
505	1106	0
506	1106	0
508	1106	0
509	1106	0
510	1106	0
511	1106	0
512	1106	0
513	1106	0
514	1106	0
515	1106	0
516	1106	0
517	1106	0
518	1106	1
519	1106	0
520	1106	1
521	1106	0
522	1106	0
523	1106	0
524	1106	1
525	1106	1
526	1106	0
527	1106	0
528	1106	0
529	1106	0
531	1106	0
533	1106	0
534	1106	0
536	1106	0
537	1106	0
538	1106	0
540	1106	0
541	1106	0
542	1106	0
543	1106	0
544	1106	1
546	1106	0
547	1106	0
548	1106	0
549	1106	0
550	1106	0
551	1106	0
553	1106	0
554	1106	0
555	1106	0
556	1106	0
557	1106	0
558	1106	0
559	1106	0
560	1106	1
561	1106	0
562	1106	0
563	1106	0
564	1106	0
565	1106	0
566	1106	0
567	1106	0
568	1106	0
569	1106	0
570	1106	0
571	1106	0
572	1106	0
573	1106	0
574	1106	0
575	1106	0
576	1106	0
577	1106	0
578	1106	0
579	1106	0
580	1106	0
582	1106	0
583	1106	0
584	1106	0
585	1106	1
586	1106	1
587	1106	0
588	1106	0
589	1106	0
590	1106	0
591	1106	0
592	1106	0
593	1106	0
594	1106	0
595	1106	0
596	1106	0
597	1106	0
598	1106	0
599	1106	0
600	1106	0
601	1106	0
602	1106	0
604	1106	0
605	1106	1
606	1106	0
607	1106	0
608	1106	0
609	1106	0
611	1106	0
612	1106	0
613	1106	0
614	1106	1
615	1106	0
616	1106	0
617	1106	0
618	1106	0
619	1106	0
620	1106	0
621	1106	0
622	1106	0
624	1106	0
625	1106	0
626	1106	0
627	1106	0
628	1106	0
630	1106	0
631	1106	0
632	1106	0
633	1106	0
635	1106	0
636	1106	0
637	1106	0
640	1106	1
641	1106	0
642	1106	0
643	1106	0
644	1106	0
645	1106	0
646	1106	0
647	1106	0
648	1106	0
649	1106	0
650	1106	0
651	1106	0
652	1106	1
653	1106	0
654	1106	1
655	1106	0
656	1106	1
657	1106	1
658	1106	1
659	1106	0
660	1106	1
661	1106	0
662	1106	0
663	1106	0
664	1106	1
666	1106	0
667	1106	0
668	1106	0
669	1106	0
670	1106	0
671	1106	0
672	1106	0
673	1106	0
674	1106	0
675	1106	0
676	1106	0
677	1106	1
678	1106	0
679	1106	0
680	1106	0
681	1106	0
682	1106	0
683	1106	0
684	1106	0
685	1106	0
686	1106	0
687	1106	0
688	1106	0
689	1106	0
690	1106	0
691	1106	0
692	1106	0
693	1106	0
694	1106	1
695	1106	0
696	1106	1
697	1106	0
698	1106	0
699	1106	1
700	1106	0
701	1106	0
702	1106	0
703	1106	1
704	1106	1
705	1106	0
706	1106	0
707	1106	0
708	1106	0
709	1106	0
710	1106	0
711	1106	0
712	1106	0
713	1106	0
714	1106	0
715	1106	0
716	1106	0
717	1106	0
718	1106	0
719	1106	0
720	1106	0
721	1106	0
722	1106	0
723	1106	0
724	1106	0
725	1106	0
726	1106	0
727	1106	1
728	1106	0
730	1106	0
731	1106	0
732	1106	0
733	1106	1
734	1106	0
735	1106	0
736	1106	0
737	1106	1
738	1106	1
739	1106	0
740	1106	0
741	1106	0
742	1106	0
743	1106	0
744	1106	1
745	1106	0
746	1106	0
747	1106	0
748	1106	1
749	1106	0
750	1106	0
751	1106	0
752	1106	0
753	1106	0
754	1106	0
755	1106	0
756	1106	0
757	1106	0
758	1106	0
759	1106	0
760	1106	0
761	1106	0
762	1106	0
763	1106	0
764	1106	0
765	1106	0
767	1106	0
768	1106	0
769	1106	0
770	1106	0
771	1106	0
772	1106	0
773	1106	0
774	1106	1
775	1106	0
776	1106	0
777	1106	0
778	1106	0
779	1106	0
780	1106	0
782	1106	0
783	1106	0
784	1106	0
785	1106	0
786	1106	0
787	1106	0
788	1106	0
789	1106	1
790	1106	1
791	1106	0
793	1106	0
794	1106	0
795	1106	0
796	1106	0
797	1106	0
798	1106	0
799	1106	0
800	1106	0
801	1106	0
802	1106	0
803	1106	0
804	1106	0
806	1106	0
807	1106	0
808	1106	0
809	1106	0
810	1106	0
811	1106	0
812	1106	0
813	1106	0
814	1106	0
816	1106	0
817	1106	0
818	1106	0
819	1106	0
820	1106	0
821	1106	0
822	1106	0
823	1106	0
824	1106	0
825	1106	0
826	1106	0
827	1106	1
828	1106	0
829	1106	0
830	1106	0
831	1106	0
832	1106	0
833	1106	0
834	1106	0
835	1106	0
836	1106	1
837	1106	0
839	1106	1
840	1106	0
841	1106	0
842	1106	0
843	1106	1
844	1106	0
845	1106	0
846	1106	0
847	1106	0
848	1106	0
849	1106	0
850	1106	0
851	1106	0
852	1106	0
853	1106	0
854	1106	0
855	1106	0
856	1106	0
857	1106	0
858	1106	0
859	1106	0
860	1106	0
861	1106	0
862	1106	0
863	1106	0
864	1106	0
865	1106	0
866	1106	0
867	1106	0
868	1106	0
869	1106	0
870	1106	0
872	1106	0
873	1106	0
874	1106	0
875	1106	0
876	1106	0
877	1106	1
878	1106	0
879	1106	0
880	1106	0
881	1106	0
882	1106	0
883	1106	0
884	1106	0
885	1106	0
886	1106	0
887	1106	0
888	1106	1
889	1106	0
890	1106	0
891	1106	0
892	1106	0
893	1106	0
894	1106	0
895	1106	0
896	1106	0
897	1106	0
898	1106	0
900	1106	1
901	1106	0
902	1106	0
903	1106	0
904	1106	1
905	1106	0
906	1106	0
907	1106	0
908	1106	0
909	1106	0
910	1106	0
911	1106	0
912	1106	1
913	1106	0
914	1106	0
916	1106	0
917	1106	0
918	1106	0
919	1106	0
920	1106	0
921	1106	1
922	1106	0
923	1106	0
924	1106	0
925	1106	0
926	1106	0
927	1106	0
928	1106	0
930	1106	0
931	1106	0
933	1106	0
934	1106	0
935	1106	0
936	1106	0
937	1106	1
938	1106	1
939	1106	0
940	1106	0
941	1106	0
942	1106	0
943	1106	0
944	1106	0
945	1106	0
946	1106	0
947	1106	0
948	1106	0
949	1106	0
950	1106	0
952	1106	0
953	1106	0
954	1106	0
955	1106	0
956	1106	0
958	1106	0
959	1106	0
961	1106	0
962	1106	0
963	1106	0
964	1106	0
965	1106	1
967	1106	0
