0	1139	0
1	1139	0
2	1139	0
3	1139	0
4	1139	0
5	1139	0
6	1139	0
7	1139	0
8	1139	1
10	1139	0
11	1139	0
12	1139	0
13	1139	0
15	1139	0
16	1139	0
17	1139	0
18	1139	0
19	1139	1
20	1139	0
21	1139	0
22	1139	1
23	1139	0
24	1139	0
25	1139	1
27	1139	0
29	1139	0
30	1139	0
31	1139	0
32	1139	1
33	1139	0
34	1139	0
35	1139	0
36	1139	0
37	1139	0
38	1139	0
39	1139	0
40	1139	0
41	1139	1
42	1139	0
43	1139	0
44	1139	1
45	1139	0
47	1139	0
48	1139	0
49	1139	0
51	1139	1
53	1139	1
55	1139	1
56	1139	0
58	1139	0
59	1139	0
60	1139	0
61	1139	0
62	1139	0
63	1139	0
64	1139	1
65	1139	0
66	1139	0
67	1139	0
68	1139	1
69	1139	0
70	1139	0
71	1139	0
72	1139	0
73	1139	1
74	1139	0
75	1139	0
77	1139	0
78	1139	0
79	1139	0
80	1139	0
81	1139	0
83	1139	0
84	1139	0
85	1139	0
86	1139	0
87	1139	0
89	1139	0
90	1139	0
91	1139	0
92	1139	0
93	1139	0
94	1139	0
95	1139	0
96	1139	1
97	1139	0
98	1139	1
100	1139	0
101	1139	0
102	1139	1
103	1139	0
104	1139	0
105	1139	0
106	1139	0
107	1139	0
108	1139	0
109	1139	0
110	1139	1
111	1139	0
112	1139	0
113	1139	0
114	1139	0
115	1139	0
116	1139	0
117	1139	0
118	1139	0
120	1139	0
121	1139	0
124	1139	0
125	1139	0
129	1139	0
130	1139	0
131	1139	0
132	1139	0
133	1139	0
134	1139	0
135	1139	0
136	1139	0
137	1139	1
138	1139	1
139	1139	0
140	1139	0
141	1139	0
142	1139	0
143	1139	0
144	1139	0
145	1139	0
146	1139	0
147	1139	0
148	1139	0
149	1139	0
150	1139	0
151	1139	0
152	1139	0
153	1139	0
154	1139	0
155	1139	0
156	1139	0
157	1139	0
158	1139	0
159	1139	0
160	1139	0
161	1139	0
162	1139	0
163	1139	0
164	1139	0
165	1139	0
166	1139	0
167	1139	0
168	1139	0
169	1139	0
170	1139	0
171	1139	0
172	1139	0
173	1139	0
174	1139	0
175	1139	0
177	1139	0
178	1139	0
179	1139	0
180	1139	0
181	1139	0
182	1139	0
183	1139	0
184	1139	1
185	1139	0
186	1139	0
187	1139	0
188	1139	0
189	1139	0
190	1139	0
191	1139	1
193	1139	0
194	1139	0
195	1139	0
196	1139	0
197	1139	1
198	1139	0
199	1139	0
200	1139	0
201	1139	0
202	1139	0
203	1139	0
204	1139	0
206	1139	0
207	1139	0
208	1139	0
209	1139	0
210	1139	0
211	1139	0
212	1139	0
213	1139	0
214	1139	0
215	1139	1
216	1139	0
217	1139	0
218	1139	0
219	1139	0
220	1139	0
221	1139	0
222	1139	0
224	1139	0
225	1139	0
227	1139	0
228	1139	0
229	1139	0
230	1139	0
232	1139	0
233	1139	0
235	1139	0
237	1139	0
238	1139	0
239	1139	0
240	1139	0
245	1139	0
246	1139	0
247	1139	0
248	1139	0
249	1139	0
250	1139	0
251	1139	0
252	1139	0
253	1139	1
254	1139	0
255	1139	0
256	1139	0
257	1139	0
258	1139	0
259	1139	0
260	1139	0
261	1139	0
262	1139	0
263	1139	0
264	1139	0
265	1139	0
266	1139	0
267	1139	0
268	1139	0
271	1139	0
272	1139	0
273	1139	0
274	1139	0
275	1139	0
276	1139	0
277	1139	0
278	1139	0
280	1139	0
281	1139	0
282	1139	0
283	1139	0
284	1139	0
285	1139	0
286	1139	0
287	1139	1
288	1139	0
289	1139	0
290	1139	0
292	1139	0
293	1139	0
295	1139	0
296	1139	1
297	1139	0
298	1139	0
302	1139	0
303	1139	1
304	1139	0
305	1139	0
306	1139	0
308	1139	0
310	1139	0
311	1139	0
312	1139	1
313	1139	0
314	1139	0
315	1139	0
317	1139	0
318	1139	0
319	1139	0
321	1139	0
322	1139	0
323	1139	0
324	1139	0
325	1139	0
326	1139	0
327	1139	0
328	1139	0
329	1139	0
330	1139	0
331	1139	0
332	1139	0
333	1139	1
334	1139	0
336	1139	0
337	1139	0
338	1139	0
340	1139	0
341	1139	0
344	1139	0
345	1139	1
346	1139	0
347	1139	0
348	1139	0
349	1139	0
350	1139	0
351	1139	0
352	1139	0
353	1139	0
354	1139	0
355	1139	0
356	1139	0
357	1139	0
358	1139	0
359	1139	1
360	1139	1
361	1139	0
362	1139	0
363	1139	1
364	1139	0
365	1139	0
366	1139	0
367	1139	1
369	1139	0
370	1139	1
371	1139	0
372	1139	0
373	1139	0
374	1139	0
375	1139	0
376	1139	0
377	1139	0
378	1139	1
379	1139	0
381	1139	0
382	1139	0
383	1139	0
384	1139	0
385	1139	0
386	1139	0
387	1139	0
388	1139	0
389	1139	0
390	1139	0
391	1139	0
392	1139	0
393	1139	0
394	1139	0
395	1139	0
397	1139	0
398	1139	0
399	1139	0
401	1139	0
402	1139	0
403	1139	0
404	1139	0
405	1139	0
406	1139	0
407	1139	0
408	1139	1
409	1139	0
410	1139	0
412	1139	0
414	1139	0
415	1139	0
416	1139	0
417	1139	0
418	1139	0
419	1139	0
421	1139	0
422	1139	0
423	1139	0
424	1139	1
425	1139	0
426	1139	1
427	1139	1
428	1139	0
429	1139	0
430	1139	0
431	1139	0
434	1139	0
436	1139	0
437	1139	0
438	1139	0
439	1139	0
440	1139	1
441	1139	0
442	1139	0
444	1139	0
445	1139	0
446	1139	0
447	1139	0
449	1139	0
450	1139	0
451	1139	0
453	1139	0
454	1139	0
455	1139	0
456	1139	0
457	1139	0
458	1139	0
459	1139	0
461	1139	1
462	1139	0
463	1139	0
464	1139	1
465	1139	0
466	1139	0
468	1139	0
469	1139	0
470	1139	0
471	1139	0
472	1139	0
473	1139	0
474	1139	0
475	1139	0
476	1139	0
477	1139	0
478	1139	0
479	1139	0
480	1139	1
481	1139	0
482	1139	0
483	1139	0
484	1139	0
486	1139	1
487	1139	0
488	1139	0
489	1139	0
490	1139	0
492	1139	0
493	1139	0
494	1139	0
496	1139	0
497	1139	1
498	1139	0
499	1139	0
500	1139	0
501	1139	0
502	1139	1
503	1139	0
504	1139	0
505	1139	0
506	1139	0
507	1139	1
508	1139	1
509	1139	0
510	1139	0
511	1139	0
512	1139	0
513	1139	0
514	1139	0
515	1139	0
516	1139	1
518	1139	1
519	1139	1
520	1139	0
521	1139	0
522	1139	0
523	1139	0
524	1139	0
525	1139	0
526	1139	0
527	1139	0
528	1139	0
530	1139	0
531	1139	0
533	1139	0
534	1139	0
535	1139	0
536	1139	0
538	1139	0
539	1139	0
541	1139	0
542	1139	1
543	1139	0
544	1139	0
545	1139	0
546	1139	0
547	1139	0
549	1139	0
550	1139	0
551	1139	0
553	1139	0
554	1139	0
555	1139	0
556	1139	0
557	1139	0
558	1139	1
559	1139	0
560	1139	0
561	1139	0
562	1139	0
563	1139	0
565	1139	0
566	1139	0
567	1139	0
568	1139	0
569	1139	0
571	1139	1
573	1139	0
574	1139	0
575	1139	0
576	1139	0
577	1139	0
578	1139	0
580	1139	0
583	1139	0
584	1139	0
585	1139	0
586	1139	0
587	1139	0
588	1139	0
589	1139	0
591	1139	0
593	1139	0
595	1139	0
596	1139	0
597	1139	0
598	1139	0
599	1139	0
600	1139	0
601	1139	0
602	1139	0
604	1139	0
605	1139	1
606	1139	0
607	1139	0
608	1139	0
609	1139	0
611	1139	0
612	1139	0
613	1139	0
614	1139	0
616	1139	0
617	1139	0
618	1139	0
619	1139	0
620	1139	0
621	1139	0
622	1139	0
624	1139	0
625	1139	0
626	1139	0
627	1139	0
628	1139	0
630	1139	0
632	1139	0
633	1139	0
634	1139	0
635	1139	0
636	1139	0
637	1139	0
638	1139	0
639	1139	0
640	1139	0
641	1139	0
642	1139	0
643	1139	1
644	1139	0
645	1139	0
646	1139	0
647	1139	0
648	1139	0
649	1139	0
650	1139	0
651	1139	0
652	1139	1
654	1139	0
655	1139	0
656	1139	0
657	1139	0
659	1139	0
660	1139	0
661	1139	0
662	1139	0
663	1139	1
664	1139	1
665	1139	0
666	1139	0
667	1139	0
668	1139	1
669	1139	0
670	1139	0
671	1139	0
672	1139	0
673	1139	0
674	1139	0
676	1139	0
677	1139	0
678	1139	0
679	1139	0
680	1139	0
681	1139	0
683	1139	0
684	1139	0
685	1139	0
686	1139	0
687	1139	1
688	1139	0
689	1139	0
690	1139	0
691	1139	0
692	1139	1
693	1139	0
694	1139	1
695	1139	0
696	1139	0
697	1139	0
698	1139	0
699	1139	0
700	1139	0
701	1139	0
703	1139	0
705	1139	0
706	1139	0
707	1139	0
709	1139	0
710	1139	0
711	1139	0
712	1139	0
713	1139	0
714	1139	0
715	1139	0
717	1139	0
718	1139	0
719	1139	0
720	1139	0
721	1139	0
722	1139	0
723	1139	0
724	1139	0
725	1139	0
726	1139	0
727	1139	0
728	1139	0
729	1139	1
730	1139	0
732	1139	1
734	1139	0
735	1139	0
736	1139	0
737	1139	0
738	1139	0
739	1139	1
740	1139	0
741	1139	0
742	1139	0
743	1139	0
744	1139	0
745	1139	0
746	1139	0
747	1139	0
748	1139	1
749	1139	0
752	1139	0
753	1139	0
754	1139	0
755	1139	0
756	1139	1
757	1139	0
758	1139	0
759	1139	1
760	1139	0
762	1139	0
764	1139	0
765	1139	0
766	1139	0
767	1139	0
768	1139	1
769	1139	0
770	1139	0
771	1139	0
772	1139	0
773	1139	0
775	1139	0
776	1139	1
777	1139	1
778	1139	0
780	1139	0
781	1139	0
782	1139	0
783	1139	0
784	1139	0
786	1139	0
787	1139	0
790	1139	0
791	1139	0
792	1139	0
793	1139	0
794	1139	0
795	1139	0
796	1139	0
797	1139	0
798	1139	0
799	1139	0
800	1139	0
801	1139	0
802	1139	0
803	1139	0
804	1139	0
806	1139	0
807	1139	0
808	1139	0
810	1139	0
811	1139	0
814	1139	0
816	1139	0
818	1139	0
819	1139	0
820	1139	0
822	1139	0
823	1139	0
824	1139	0
825	1139	0
826	1139	0
827	1139	0
830	1139	0
831	1139	0
832	1139	0
833	1139	0
835	1139	0
836	1139	0
837	1139	1
838	1139	0
839	1139	0
840	1139	0
843	1139	0
844	1139	0
845	1139	0
848	1139	0
849	1139	0
850	1139	0
851	1139	0
852	1139	0
853	1139	0
854	1139	0
855	1139	0
856	1139	0
857	1139	0
861	1139	0
862	1139	0
863	1139	0
864	1139	1
866	1139	1
867	1139	0
868	1139	0
869	1139	0
871	1139	0
873	1139	0
875	1139	0
876	1139	0
877	1139	0
878	1139	0
880	1139	0
881	1139	0
882	1139	0
883	1139	0
884	1139	0
885	1139	0
887	1139	0
888	1139	0
889	1139	0
890	1139	0
891	1139	0
892	1139	0
893	1139	0
894	1139	0
895	1139	1
896	1139	0
897	1139	0
898	1139	0
899	1139	0
900	1139	0
901	1139	0
903	1139	0
904	1139	0
905	1139	0
907	1139	0
908	1139	0
909	1139	0
910	1139	0
911	1139	1
912	1139	1
913	1139	0
915	1139	0
916	1139	0
917	1139	0
918	1139	0
919	1139	0
920	1139	0
921	1139	0
922	1139	0
923	1139	0
924	1139	1
925	1139	0
926	1139	0
927	1139	0
928	1139	0
929	1139	0
934	1139	0
935	1139	0
936	1139	0
937	1139	0
939	1139	0
940	1139	0
941	1139	0
942	1139	0
943	1139	0
944	1139	0
945	1139	1
946	1139	0
948	1139	0
949	1139	0
950	1139	0
952	1139	0
953	1139	0
954	1139	0
955	1139	0
956	1139	1
957	1139	0
958	1139	0
959	1139	0
960	1139	0
961	1139	0
962	1139	0
963	1139	0
964	1139	1
965	1139	0
966	1139	0
967	1139	0
