1	1230	0
2	1230	0
3	1230	0
4	1230	1
5	1230	0
6	1230	0
7	1230	0
9	1230	0
10	1230	0
11	1230	0
13	1230	1
14	1230	0
16	1230	0
17	1230	0
18	1230	0
19	1230	1
20	1230	0
21	1230	0
22	1230	0
23	1230	0
24	1230	0
25	1230	1
26	1230	0
27	1230	0
28	1230	0
29	1230	0
31	1230	0
32	1230	0
33	1230	0
34	1230	0
35	1230	0
36	1230	0
37	1230	1
38	1230	1
39	1230	0
41	1230	0
43	1230	1
44	1230	0
45	1230	0
46	1230	0
47	1230	0
48	1230	0
49	1230	0
50	1230	0
51	1230	0
52	1230	0
53	1230	1
54	1230	0
55	1230	0
56	1230	1
58	1230	0
59	1230	0
60	1230	0
61	1230	0
62	1230	0
63	1230	0
64	1230	0
65	1230	0
66	1230	0
67	1230	0
68	1230	1
69	1230	0
70	1230	0
71	1230	0
72	1230	0
73	1230	0
74	1230	0
75	1230	0
77	1230	1
78	1230	0
80	1230	1
81	1230	0
82	1230	0
83	1230	0
84	1230	0
85	1230	0
86	1230	0
87	1230	0
88	1230	0
89	1230	0
91	1230	0
92	1230	0
93	1230	0
94	1230	0
95	1230	0
96	1230	0
97	1230	0
99	1230	0
100	1230	0
101	1230	0
103	1230	0
104	1230	0
105	1230	0
106	1230	1
107	1230	1
108	1230	0
109	1230	0
110	1230	0
111	1230	1
112	1230	0
113	1230	0
114	1230	0
115	1230	1
116	1230	0
117	1230	0
118	1230	0
119	1230	1
120	1230	0
121	1230	0
123	1230	0
124	1230	0
125	1230	0
128	1230	0
129	1230	0
130	1230	0
131	1230	0
132	1230	1
133	1230	1
134	1230	0
135	1230	0
136	1230	0
137	1230	0
138	1230	0
139	1230	0
140	1230	0
141	1230	1
142	1230	0
143	1230	0
144	1230	0
145	1230	0
146	1230	0
147	1230	0
149	1230	0
150	1230	0
151	1230	0
152	1230	0
153	1230	0
154	1230	0
155	1230	0
156	1230	0
158	1230	0
159	1230	0
160	1230	0
161	1230	0
162	1230	0
163	1230	0
167	1230	0
168	1230	0
169	1230	0
170	1230	1
171	1230	0
172	1230	0
173	1230	1
174	1230	0
175	1230	0
177	1230	0
178	1230	0
179	1230	0
180	1230	0
181	1230	0
182	1230	0
183	1230	0
184	1230	1
185	1230	0
186	1230	0
188	1230	1
189	1230	0
190	1230	0
191	1230	0
192	1230	0
193	1230	0
194	1230	0
195	1230	0
196	1230	0
197	1230	0
198	1230	0
199	1230	0
200	1230	0
201	1230	0
202	1230	0
203	1230	0
204	1230	0
206	1230	0
207	1230	0
208	1230	0
209	1230	0
210	1230	0
211	1230	0
212	1230	0
214	1230	0
215	1230	0
216	1230	0
217	1230	0
218	1230	0
219	1230	1
220	1230	1
221	1230	0
222	1230	1
223	1230	0
224	1230	0
226	1230	0
227	1230	0
228	1230	0
229	1230	0
230	1230	0
231	1230	0
232	1230	0
233	1230	0
235	1230	0
236	1230	0
237	1230	0
238	1230	0
239	1230	0
244	1230	0
245	1230	0
246	1230	0
247	1230	1
248	1230	0
249	1230	0
250	1230	0
251	1230	0
252	1230	0
253	1230	0
254	1230	0
255	1230	0
256	1230	1
257	1230	0
258	1230	0
259	1230	0
260	1230	0
261	1230	0
262	1230	0
264	1230	0
265	1230	0
266	1230	0
267	1230	0
268	1230	0
270	1230	0
271	1230	0
272	1230	0
273	1230	0
274	1230	0
275	1230	0
276	1230	1
277	1230	0
278	1230	0
279	1230	0
280	1230	1
282	1230	0
283	1230	0
284	1230	0
285	1230	0
286	1230	0
287	1230	0
288	1230	0
289	1230	0
290	1230	0
291	1230	0
292	1230	1
293	1230	0
294	1230	0
295	1230	0
296	1230	0
297	1230	0
298	1230	0
299	1230	0
300	1230	0
301	1230	0
302	1230	0
303	1230	1
304	1230	0
305	1230	0
306	1230	0
307	1230	0
308	1230	0
309	1230	1
310	1230	0
311	1230	1
312	1230	0
313	1230	0
314	1230	0
315	1230	0
316	1230	1
317	1230	1
318	1230	0
319	1230	0
320	1230	1
321	1230	1
322	1230	0
323	1230	0
324	1230	0
325	1230	0
328	1230	0
329	1230	0
331	1230	1
332	1230	0
333	1230	1
334	1230	0
336	1230	0
337	1230	1
338	1230	0
340	1230	0
341	1230	0
342	1230	0
343	1230	0
344	1230	0
345	1230	0
346	1230	1
347	1230	0
348	1230	0
349	1230	0
350	1230	0
351	1230	0
352	1230	0
354	1230	0
355	1230	1
356	1230	1
357	1230	0
358	1230	0
359	1230	0
360	1230	0
362	1230	0
363	1230	1
364	1230	0
365	1230	0
366	1230	1
367	1230	1
368	1230	0
369	1230	0
370	1230	0
371	1230	0
372	1230	0
373	1230	0
374	1230	1
375	1230	0
377	1230	0
378	1230	0
379	1230	0
380	1230	0
381	1230	0
382	1230	0
383	1230	0
384	1230	0
385	1230	0
386	1230	1
387	1230	0
388	1230	0
389	1230	0
391	1230	0
392	1230	0
393	1230	0
394	1230	0
395	1230	0
396	1230	0
397	1230	0
398	1230	1
399	1230	0
400	1230	0
401	1230	0
402	1230	0
403	1230	1
404	1230	1
405	1230	0
406	1230	0
407	1230	0
408	1230	0
410	1230	0
411	1230	0
412	1230	0
413	1230	0
415	1230	0
416	1230	0
417	1230	0
418	1230	0
419	1230	0
420	1230	0
421	1230	0
422	1230	0
423	1230	0
424	1230	0
425	1230	0
426	1230	0
427	1230	0
428	1230	1
429	1230	0
431	1230	0
432	1230	0
433	1230	0
434	1230	0
435	1230	0
436	1230	0
437	1230	0
438	1230	0
439	1230	0
440	1230	0
441	1230	0
442	1230	0
443	1230	0
444	1230	0
445	1230	0
446	1230	0
447	1230	0
448	1230	1
449	1230	0
450	1230	1
451	1230	0
452	1230	0
453	1230	1
454	1230	1
455	1230	0
456	1230	0
457	1230	0
458	1230	0
459	1230	0
460	1230	0
461	1230	0
462	1230	0
463	1230	1
464	1230	0
465	1230	0
466	1230	0
467	1230	0
468	1230	0
470	1230	0
471	1230	0
472	1230	0
473	1230	0
474	1230	0
475	1230	1
476	1230	0
477	1230	0
478	1230	0
479	1230	1
480	1230	0
481	1230	0
482	1230	0
483	1230	0
484	1230	0
485	1230	0
486	1230	0
487	1230	0
488	1230	0
489	1230	0
491	1230	0
493	1230	0
494	1230	0
495	1230	0
496	1230	0
497	1230	0
499	1230	1
500	1230	0
501	1230	0
502	1230	0
503	1230	0
504	1230	0
505	1230	0
506	1230	1
507	1230	0
508	1230	0
509	1230	0
510	1230	0
511	1230	0
512	1230	0
513	1230	0
514	1230	0
515	1230	0
516	1230	0
517	1230	1
518	1230	0
519	1230	0
520	1230	1
521	1230	0
522	1230	0
523	1230	0
524	1230	0
525	1230	0
527	1230	0
528	1230	0
529	1230	0
530	1230	0
531	1230	0
533	1230	0
534	1230	0
535	1230	0
536	1230	0
537	1230	0
538	1230	0
539	1230	0
540	1230	0
541	1230	0
542	1230	1
543	1230	0
544	1230	0
545	1230	0
546	1230	0
547	1230	0
548	1230	0
549	1230	0
550	1230	0
551	1230	0
552	1230	0
553	1230	0
554	1230	1
555	1230	0
556	1230	0
557	1230	0
558	1230	0
560	1230	0
561	1230	0
562	1230	0
563	1230	1
564	1230	0
565	1230	0
566	1230	0
567	1230	0
568	1230	0
569	1230	0
570	1230	1
571	1230	0
574	1230	0
575	1230	0
576	1230	0
577	1230	0
578	1230	0
579	1230	1
581	1230	0
582	1230	0
583	1230	0
584	1230	0
585	1230	0
586	1230	0
587	1230	0
588	1230	0
589	1230	0
590	1230	0
591	1230	0
593	1230	0
594	1230	0
595	1230	0
596	1230	1
597	1230	0
598	1230	0
599	1230	0
600	1230	0
601	1230	0
602	1230	0
605	1230	1
607	1230	0
608	1230	0
609	1230	0
611	1230	0
612	1230	0
614	1230	0
615	1230	0
616	1230	0
617	1230	0
618	1230	0
619	1230	0
622	1230	0
624	1230	0
625	1230	0
626	1230	0
627	1230	0
628	1230	1
630	1230	1
632	1230	0
633	1230	0
634	1230	0
635	1230	0
636	1230	0
637	1230	0
638	1230	1
639	1230	0
640	1230	0
642	1230	0
643	1230	0
644	1230	0
645	1230	0
646	1230	0
647	1230	0
648	1230	0
649	1230	1
650	1230	0
651	1230	0
652	1230	0
653	1230	0
654	1230	1
655	1230	0
656	1230	0
657	1230	0
658	1230	0
659	1230	0
660	1230	0
661	1230	1
662	1230	1
663	1230	0
664	1230	0
666	1230	0
667	1230	0
669	1230	0
670	1230	0
671	1230	0
672	1230	1
673	1230	0
674	1230	0
675	1230	0
676	1230	0
677	1230	0
678	1230	0
679	1230	0
680	1230	1
681	1230	1
682	1230	0
683	1230	0
684	1230	1
685	1230	0
686	1230	0
687	1230	0
689	1230	0
690	1230	0
691	1230	0
692	1230	0
693	1230	0
694	1230	0
696	1230	1
697	1230	0
698	1230	0
699	1230	0
700	1230	0
701	1230	0
702	1230	0
703	1230	0
704	1230	0
705	1230	0
706	1230	0
707	1230	0
708	1230	0
709	1230	0
710	1230	0
711	1230	0
712	1230	0
713	1230	0
715	1230	0
716	1230	0
717	1230	0
718	1230	1
719	1230	0
720	1230	0
721	1230	0
722	1230	0
723	1230	0
724	1230	0
725	1230	0
726	1230	0
727	1230	0
729	1230	0
730	1230	0
731	1230	1
732	1230	0
733	1230	0
734	1230	0
735	1230	0
736	1230	0
737	1230	0
738	1230	0
739	1230	0
740	1230	1
741	1230	0
742	1230	0
743	1230	0
744	1230	1
745	1230	0
747	1230	0
748	1230	0
749	1230	0
750	1230	0
751	1230	0
752	1230	0
753	1230	0
754	1230	0
755	1230	0
756	1230	0
758	1230	0
759	1230	0
760	1230	0
761	1230	0
762	1230	0
764	1230	0
765	1230	0
766	1230	0
767	1230	0
768	1230	0
769	1230	0
770	1230	0
771	1230	0
772	1230	1
773	1230	0
775	1230	0
776	1230	0
778	1230	0
779	1230	1
780	1230	0
781	1230	0
782	1230	1
783	1230	0
784	1230	0
785	1230	0
786	1230	1
787	1230	1
788	1230	1
789	1230	1
790	1230	0
791	1230	1
792	1230	0
793	1230	1
794	1230	0
795	1230	0
798	1230	0
799	1230	0
800	1230	0
801	1230	0
802	1230	0
803	1230	0
804	1230	0
805	1230	1
806	1230	0
807	1230	0
808	1230	0
809	1230	0
810	1230	0
811	1230	0
812	1230	0
814	1230	0
817	1230	0
818	1230	1
819	1230	0
820	1230	0
822	1230	0
823	1230	0
824	1230	1
825	1230	0
826	1230	0
827	1230	0
829	1230	0
830	1230	0
831	1230	0
832	1230	0
833	1230	0
834	1230	0
835	1230	0
836	1230	1
838	1230	0
839	1230	0
840	1230	0
841	1230	0
842	1230	0
843	1230	0
844	1230	0
845	1230	0
846	1230	0
847	1230	0
848	1230	0
849	1230	0
851	1230	0
852	1230	0
853	1230	1
854	1230	0
855	1230	0
856	1230	0
857	1230	0
858	1230	0
859	1230	1
860	1230	0
861	1230	0
863	1230	0
864	1230	0
865	1230	0
866	1230	0
867	1230	0
868	1230	0
869	1230	0
870	1230	0
871	1230	0
872	1230	0
873	1230	0
874	1230	0
875	1230	0
876	1230	0
877	1230	0
878	1230	0
880	1230	0
881	1230	0
882	1230	0
883	1230	0
884	1230	0
885	1230	0
886	1230	0
887	1230	0
888	1230	0
889	1230	0
890	1230	0
891	1230	0
892	1230	0
893	1230	0
894	1230	0
895	1230	0
896	1230	0
897	1230	0
898	1230	0
899	1230	0
900	1230	0
901	1230	0
902	1230	0
903	1230	0
904	1230	1
905	1230	1
907	1230	0
908	1230	0
909	1230	0
910	1230	0
911	1230	0
913	1230	0
914	1230	0
915	1230	0
916	1230	0
918	1230	0
919	1230	0
920	1230	1
921	1230	1
922	1230	0
923	1230	0
925	1230	0
926	1230	0
927	1230	0
928	1230	0
930	1230	0
931	1230	0
933	1230	1
934	1230	0
935	1230	0
936	1230	0
937	1230	0
939	1230	0
940	1230	0
941	1230	0
942	1230	0
943	1230	0
945	1230	0
946	1230	0
947	1230	0
948	1230	0
949	1230	0
950	1230	0
953	1230	0
955	1230	0
957	1230	0
958	1230	0
959	1230	0
960	1230	0
961	1230	0
962	1230	0
963	1230	0
964	1230	0
965	1230	0
966	1230	0
967	1230	0
