0	1161	0
1	1161	0
2	1161	0
3	1161	1
4	1161	1
5	1161	0
6	1161	1
7	1161	0
8	1161	0
9	1161	0
10	1161	0
11	1161	0
12	1161	0
13	1161	0
16	1161	0
17	1161	0
18	1161	0
19	1161	1
20	1161	0
21	1161	0
22	1161	0
23	1161	0
24	1161	0
25	1161	0
26	1161	1
27	1161	0
30	1161	0
31	1161	0
32	1161	0
33	1161	1
34	1161	0
36	1161	0
37	1161	0
38	1161	0
39	1161	0
40	1161	1
41	1161	0
42	1161	0
43	1161	0
45	1161	0
46	1161	0
47	1161	0
48	1161	0
49	1161	0
51	1161	1
53	1161	0
54	1161	0
55	1161	0
56	1161	0
58	1161	1
59	1161	0
60	1161	0
61	1161	0
62	1161	0
63	1161	0
64	1161	0
65	1161	0
66	1161	0
67	1161	0
68	1161	1
69	1161	0
70	1161	0
71	1161	0
72	1161	0
74	1161	0
75	1161	0
77	1161	0
78	1161	0
79	1161	1
80	1161	0
81	1161	0
82	1161	0
83	1161	0
84	1161	0
85	1161	0
86	1161	0
87	1161	0
89	1161	0
90	1161	0
91	1161	0
92	1161	0
93	1161	0
94	1161	1
95	1161	0
96	1161	0
97	1161	0
98	1161	1
99	1161	1
100	1161	0
101	1161	0
102	1161	0
103	1161	1
104	1161	0
105	1161	1
106	1161	0
107	1161	0
108	1161	0
109	1161	0
110	1161	0
111	1161	0
112	1161	0
113	1161	0
114	1161	0
115	1161	0
116	1161	0
117	1161	0
118	1161	1
120	1161	0
121	1161	0
124	1161	0
125	1161	0
129	1161	0
130	1161	0
131	1161	0
132	1161	0
133	1161	0
134	1161	0
135	1161	0
136	1161	0
137	1161	0
138	1161	0
139	1161	0
140	1161	0
141	1161	1
142	1161	0
143	1161	0
144	1161	0
145	1161	0
146	1161	0
147	1161	0
148	1161	0
149	1161	0
151	1161	0
152	1161	1
153	1161	0
154	1161	0
155	1161	0
156	1161	0
157	1161	0
158	1161	0
159	1161	0
160	1161	0
162	1161	0
163	1161	0
164	1161	0
165	1161	0
166	1161	0
167	1161	0
168	1161	0
169	1161	1
170	1161	0
171	1161	0
172	1161	0
173	1161	0
174	1161	0
175	1161	0
178	1161	0
179	1161	0
180	1161	0
181	1161	0
182	1161	0
183	1161	0
184	1161	0
185	1161	0
186	1161	1
187	1161	0
188	1161	1
190	1161	0
191	1161	0
192	1161	1
193	1161	0
194	1161	0
195	1161	0
196	1161	1
197	1161	1
198	1161	0
199	1161	0
200	1161	0
201	1161	0
202	1161	1
203	1161	1
204	1161	0
206	1161	0
207	1161	1
208	1161	0
209	1161	0
210	1161	0
211	1161	0
212	1161	0
213	1161	1
214	1161	0
215	1161	1
216	1161	0
217	1161	0
218	1161	0
219	1161	0
221	1161	0
222	1161	0
223	1161	0
224	1161	0
225	1161	0
227	1161	1
228	1161	1
229	1161	0
230	1161	1
232	1161	0
233	1161	0
234	1161	1
235	1161	0
236	1161	0
237	1161	0
239	1161	1
240	1161	0
245	1161	0
246	1161	0
247	1161	0
248	1161	0
249	1161	0
250	1161	0
251	1161	0
252	1161	0
253	1161	0
254	1161	0
255	1161	0
256	1161	0
257	1161	0
258	1161	0
259	1161	0
260	1161	0
261	1161	1
262	1161	0
263	1161	0
264	1161	0
265	1161	1
266	1161	0
267	1161	0
268	1161	0
270	1161	0
271	1161	1
272	1161	0
273	1161	0
274	1161	0
275	1161	0
277	1161	0
280	1161	0
281	1161	0
282	1161	0
283	1161	0
284	1161	0
285	1161	0
286	1161	1
287	1161	0
288	1161	0
289	1161	0
290	1161	0
291	1161	0
293	1161	0
295	1161	0
296	1161	0
298	1161	0
302	1161	0
303	1161	1
304	1161	0
305	1161	0
306	1161	0
308	1161	0
310	1161	0
312	1161	0
313	1161	0
314	1161	0
315	1161	0
316	1161	1
317	1161	0
318	1161	0
319	1161	0
321	1161	0
322	1161	0
323	1161	0
324	1161	0
325	1161	1
326	1161	0
327	1161	0
328	1161	0
329	1161	0
330	1161	0
331	1161	0
332	1161	0
333	1161	0
334	1161	0
336	1161	0
337	1161	0
338	1161	0
340	1161	0
341	1161	0
343	1161	0
344	1161	0
345	1161	0
346	1161	0
347	1161	0
348	1161	0
350	1161	0
351	1161	1
352	1161	0
353	1161	0
354	1161	0
355	1161	0
356	1161	0
357	1161	0
358	1161	0
359	1161	0
360	1161	0
361	1161	0
362	1161	0
363	1161	0
364	1161	0
365	1161	0
366	1161	0
367	1161	0
369	1161	0
370	1161	0
371	1161	0
372	1161	0
373	1161	0
374	1161	0
376	1161	1
377	1161	0
378	1161	0
379	1161	0
380	1161	0
381	1161	0
382	1161	0
383	1161	0
384	1161	0
385	1161	0
386	1161	0
387	1161	0
388	1161	0
389	1161	0
391	1161	0
392	1161	0
393	1161	0
394	1161	0
395	1161	0
397	1161	0
398	1161	0
399	1161	0
401	1161	0
402	1161	0
403	1161	0
404	1161	0
405	1161	0
406	1161	0
407	1161	0
408	1161	0
409	1161	0
410	1161	0
412	1161	0
414	1161	0
415	1161	0
416	1161	0
417	1161	0
418	1161	0
420	1161	0
421	1161	0
422	1161	0
423	1161	0
424	1161	0
425	1161	0
426	1161	1
428	1161	0
429	1161	0
430	1161	0
431	1161	0
432	1161	0
433	1161	0
434	1161	0
435	1161	1
436	1161	0
437	1161	0
438	1161	0
439	1161	0
440	1161	1
441	1161	0
442	1161	0
443	1161	0
444	1161	0
445	1161	0
446	1161	0
447	1161	0
448	1161	0
449	1161	0
450	1161	0
452	1161	0
453	1161	0
454	1161	0
455	1161	0
456	1161	0
457	1161	0
458	1161	0
459	1161	0
461	1161	1
462	1161	0
464	1161	0
465	1161	1
466	1161	0
467	1161	0
468	1161	0
469	1161	0
470	1161	0
471	1161	0
472	1161	0
473	1161	0
474	1161	0
475	1161	0
476	1161	0
477	1161	0
478	1161	0
479	1161	0
480	1161	1
481	1161	0
483	1161	0
484	1161	0
485	1161	1
486	1161	0
487	1161	0
488	1161	1
489	1161	0
490	1161	1
491	1161	0
492	1161	0
494	1161	0
496	1161	0
497	1161	1
498	1161	0
499	1161	0
500	1161	0
501	1161	1
502	1161	0
503	1161	1
504	1161	0
505	1161	0
506	1161	0
507	1161	0
508	1161	0
509	1161	0
510	1161	0
511	1161	0
512	1161	0
513	1161	0
514	1161	1
515	1161	0
516	1161	1
517	1161	0
518	1161	0
519	1161	0
520	1161	0
521	1161	0
522	1161	0
523	1161	0
524	1161	0
525	1161	1
526	1161	0
527	1161	0
528	1161	0
529	1161	0
530	1161	1
531	1161	0
533	1161	0
534	1161	0
535	1161	0
536	1161	0
538	1161	0
539	1161	0
540	1161	0
541	1161	0
542	1161	0
543	1161	0
544	1161	0
545	1161	0
546	1161	1
547	1161	0
550	1161	0
551	1161	1
553	1161	0
555	1161	1
556	1161	0
557	1161	0
558	1161	1
560	1161	0
561	1161	0
562	1161	0
563	1161	0
565	1161	0
566	1161	0
567	1161	0
568	1161	0
569	1161	0
571	1161	0
574	1161	0
575	1161	0
576	1161	0
577	1161	0
579	1161	0
580	1161	0
581	1161	0
582	1161	0
583	1161	0
584	1161	0
585	1161	0
586	1161	0
588	1161	0
589	1161	0
591	1161	0
593	1161	0
595	1161	0
596	1161	0
597	1161	1
598	1161	0
599	1161	0
600	1161	0
601	1161	0
602	1161	0
604	1161	0
606	1161	0
607	1161	0
608	1161	0
609	1161	1
612	1161	0
613	1161	0
614	1161	0
615	1161	0
616	1161	0
617	1161	0
618	1161	0
619	1161	0
620	1161	0
621	1161	0
622	1161	0
624	1161	1
625	1161	0
627	1161	0
628	1161	0
630	1161	0
632	1161	0
633	1161	0
634	1161	0
635	1161	0
636	1161	0
637	1161	0
638	1161	1
639	1161	0
640	1161	0
641	1161	0
642	1161	0
643	1161	1
644	1161	0
645	1161	0
646	1161	0
648	1161	0
649	1161	0
650	1161	1
652	1161	0
653	1161	0
654	1161	0
655	1161	0
656	1161	0
657	1161	0
658	1161	1
659	1161	0
660	1161	0
661	1161	0
662	1161	0
663	1161	0
664	1161	0
665	1161	1
666	1161	0
667	1161	0
668	1161	0
669	1161	0
670	1161	0
671	1161	0
672	1161	0
673	1161	0
674	1161	0
675	1161	0
676	1161	0
677	1161	1
678	1161	1
679	1161	0
680	1161	0
681	1161	0
682	1161	0
683	1161	0
684	1161	1
685	1161	0
686	1161	0
687	1161	0
688	1161	0
689	1161	0
690	1161	0
691	1161	0
692	1161	0
693	1161	0
694	1161	0
695	1161	0
696	1161	0
698	1161	1
699	1161	0
700	1161	0
702	1161	0
703	1161	0
704	1161	0
705	1161	0
706	1161	1
707	1161	0
709	1161	0
710	1161	0
711	1161	0
712	1161	0
713	1161	0
714	1161	1
717	1161	0
718	1161	0
719	1161	0
720	1161	0
721	1161	0
722	1161	0
723	1161	0
724	1161	1
725	1161	1
726	1161	0
728	1161	0
729	1161	0
730	1161	0
732	1161	0
733	1161	0
734	1161	0
735	1161	0
736	1161	0
737	1161	0
738	1161	0
739	1161	1
740	1161	0
741	1161	0
742	1161	0
745	1161	0
746	1161	0
747	1161	0
748	1161	0
749	1161	0
750	1161	0
752	1161	0
753	1161	0
754	1161	0
755	1161	0
756	1161	0
757	1161	0
758	1161	0
759	1161	0
760	1161	0
761	1161	0
762	1161	0
765	1161	0
766	1161	0
767	1161	0
768	1161	1
769	1161	1
770	1161	0
771	1161	1
772	1161	0
773	1161	0
775	1161	0
776	1161	0
777	1161	0
778	1161	0
779	1161	0
780	1161	0
781	1161	0
782	1161	0
783	1161	0
784	1161	1
785	1161	0
786	1161	0
787	1161	0
789	1161	0
790	1161	0
791	1161	1
792	1161	0
793	1161	0
794	1161	0
795	1161	0
796	1161	0
797	1161	0
799	1161	0
800	1161	1
801	1161	0
802	1161	0
803	1161	0
804	1161	0
805	1161	0
806	1161	1
807	1161	0
808	1161	0
810	1161	0
811	1161	0
814	1161	1
816	1161	0
818	1161	0
819	1161	1
820	1161	0
822	1161	0
823	1161	0
824	1161	0
825	1161	0
826	1161	0
827	1161	0
829	1161	0
830	1161	0
831	1161	0
832	1161	0
833	1161	0
834	1161	0
835	1161	0
836	1161	1
837	1161	0
838	1161	0
839	1161	0
840	1161	0
843	1161	0
844	1161	0
845	1161	0
848	1161	0
849	1161	0
850	1161	0
852	1161	0
853	1161	0
854	1161	0
855	1161	0
856	1161	1
857	1161	0
860	1161	0
861	1161	0
862	1161	0
863	1161	0
864	1161	0
866	1161	0
867	1161	0
868	1161	0
869	1161	0
870	1161	0
871	1161	0
872	1161	0
873	1161	0
874	1161	0
875	1161	0
876	1161	0
877	1161	0
878	1161	0
880	1161	0
881	1161	0
882	1161	0
883	1161	0
884	1161	0
885	1161	0
887	1161	0
888	1161	0
889	1161	0
890	1161	0
891	1161	0
892	1161	0
893	1161	1
894	1161	0
895	1161	0
896	1161	0
897	1161	0
899	1161	0
900	1161	0
901	1161	0
902	1161	0
904	1161	0
905	1161	0
907	1161	0
910	1161	0
911	1161	0
912	1161	0
913	1161	0
914	1161	1
915	1161	0
916	1161	0
917	1161	0
918	1161	0
919	1161	0
921	1161	0
922	1161	0
923	1161	0
924	1161	0
925	1161	0
926	1161	1
927	1161	0
928	1161	0
929	1161	0
931	1161	0
933	1161	1
934	1161	0
935	1161	0
936	1161	0
937	1161	0
938	1161	0
939	1161	0
940	1161	0
941	1161	0
942	1161	1
943	1161	0
944	1161	0
945	1161	1
946	1161	1
948	1161	0
949	1161	0
950	1161	1
952	1161	0
953	1161	0
954	1161	0
955	1161	0
956	1161	1
957	1161	0
958	1161	0
959	1161	1
960	1161	0
961	1161	0
962	1161	0
963	1161	0
964	1161	0
965	1161	0
966	1161	0
967	1161	0
