0	1037	0
1	1037	0
2	1037	0
3	1037	0
4	1037	0
5	1037	0
6	1037	0
7	1037	0
8	1037	1
9	1037	0
10	1037	0
11	1037	0
12	1037	0
13	1037	0
14	1037	0
15	1037	0
16	1037	0
17	1037	0
18	1037	1
19	1037	1
20	1037	0
21	1037	0
22	1037	0
23	1037	0
24	1037	0
26	1037	0
27	1037	0
28	1037	0
29	1037	0
30	1037	0
31	1037	1
32	1037	0
33	1037	0
34	1037	0
35	1037	0
36	1037	0
37	1037	1
38	1037	0
39	1037	0
40	1037	0
42	1037	0
43	1037	0
44	1037	0
45	1037	0
46	1037	0
47	1037	0
48	1037	0
49	1037	0
50	1037	0
51	1037	0
52	1037	0
53	1037	0
54	1037	0
55	1037	0
56	1037	0
57	1037	0
58	1037	0
59	1037	0
60	1037	0
61	1037	0
62	1037	0
64	1037	0
65	1037	0
66	1037	0
67	1037	0
68	1037	0
69	1037	0
70	1037	0
71	1037	0
72	1037	0
73	1037	0
74	1037	0
75	1037	1
76	1037	0
77	1037	0
78	1037	0
79	1037	0
80	1037	0
81	1037	0
82	1037	0
83	1037	0
84	1037	0
85	1037	0
86	1037	0
87	1037	0
88	1037	0
89	1037	0
90	1037	0
91	1037	0
92	1037	0
93	1037	0
94	1037	0
95	1037	0
96	1037	0
97	1037	0
98	1037	0
99	1037	0
100	1037	0
101	1037	0
102	1037	0
103	1037	0
104	1037	0
105	1037	0
106	1037	0
109	1037	1
111	1037	0
112	1037	0
113	1037	0
114	1037	0
115	1037	0
116	1037	0
117	1037	0
118	1037	0
119	1037	0
120	1037	0
121	1037	0
122	1037	0
123	1037	0
124	1037	0
125	1037	0
130	1037	0
131	1037	0
132	1037	0
133	1037	0
134	1037	0
136	1037	0
137	1037	0
138	1037	0
139	1037	0
141	1037	0
142	1037	0
144	1037	0
146	1037	0
147	1037	0
149	1037	0
150	1037	0
151	1037	1
152	1037	0
153	1037	0
154	1037	0
155	1037	0
156	1037	0
157	1037	0
158	1037	0
159	1037	0
160	1037	0
161	1037	0
162	1037	0
163	1037	0
164	1037	0
165	1037	0
166	1037	1
168	1037	0
169	1037	0
170	1037	0
171	1037	0
172	1037	1
173	1037	0
174	1037	0
175	1037	1
177	1037	0
178	1037	1
179	1037	0
180	1037	0
181	1037	0
182	1037	0
183	1037	0
184	1037	0
187	1037	0
188	1037	1
189	1037	0
190	1037	0
191	1037	0
192	1037	0
193	1037	0
194	1037	0
195	1037	0
196	1037	1
197	1037	0
200	1037	0
201	1037	0
202	1037	0
203	1037	0
204	1037	0
206	1037	0
207	1037	0
208	1037	0
210	1037	0
211	1037	0
212	1037	0
213	1037	0
214	1037	1
216	1037	0
217	1037	0
218	1037	0
219	1037	0
220	1037	0
222	1037	0
223	1037	0
224	1037	0
225	1037	0
226	1037	1
227	1037	1
228	1037	0
229	1037	0
230	1037	0
231	1037	0
232	1037	0
233	1037	0
234	1037	0
235	1037	0
236	1037	0
237	1037	0
238	1037	0
239	1037	0
240	1037	0
241	1037	0
242	1037	0
244	1037	0
245	1037	0
246	1037	0
247	1037	0
248	1037	0
250	1037	0
251	1037	0
252	1037	0
253	1037	0
254	1037	0
255	1037	1
256	1037	0
258	1037	0
259	1037	0
260	1037	0
261	1037	0
262	1037	0
263	1037	0
264	1037	0
265	1037	0
266	1037	0
267	1037	0
268	1037	0
269	1037	0
270	1037	0
271	1037	0
272	1037	0
273	1037	0
274	1037	0
275	1037	0
276	1037	0
277	1037	0
278	1037	0
279	1037	0
280	1037	0
281	1037	0
282	1037	0
283	1037	0
284	1037	0
285	1037	0
286	1037	0
288	1037	0
289	1037	0
290	1037	0
291	1037	0
292	1037	1
293	1037	0
294	1037	0
295	1037	0
296	1037	0
297	1037	0
298	1037	0
299	1037	0
300	1037	0
301	1037	1
302	1037	0
303	1037	0
304	1037	0
306	1037	0
307	1037	0
308	1037	0
309	1037	0
310	1037	0
311	1037	0
312	1037	0
313	1037	0
314	1037	0
315	1037	0
316	1037	0
317	1037	0
318	1037	0
319	1037	0
320	1037	0
321	1037	0
322	1037	0
323	1037	0
324	1037	0
325	1037	0
326	1037	0
327	1037	0
328	1037	0
329	1037	0
330	1037	0
331	1037	0
333	1037	1
334	1037	0
335	1037	0
336	1037	0
337	1037	0
338	1037	0
339	1037	0
340	1037	0
341	1037	0
342	1037	0
343	1037	0
344	1037	0
346	1037	0
347	1037	0
348	1037	0
349	1037	0
350	1037	0
354	1037	0
355	1037	0
356	1037	0
357	1037	0
358	1037	0
359	1037	0
360	1037	0
361	1037	0
363	1037	0
364	1037	0
365	1037	0
366	1037	0
367	1037	0
368	1037	0
370	1037	0
371	1037	0
372	1037	0
373	1037	0
374	1037	0
377	1037	0
378	1037	1
379	1037	0
380	1037	0
381	1037	0
382	1037	0
383	1037	0
384	1037	0
385	1037	0
386	1037	0
387	1037	0
390	1037	0
391	1037	0
393	1037	0
394	1037	0
395	1037	1
396	1037	0
397	1037	0
398	1037	0
399	1037	0
400	1037	0
401	1037	0
402	1037	0
403	1037	0
404	1037	0
405	1037	0
406	1037	0
408	1037	0
409	1037	0
410	1037	0
411	1037	0
412	1037	0
413	1037	0
414	1037	0
415	1037	0
416	1037	0
417	1037	0
418	1037	0
419	1037	0
420	1037	0
421	1037	0
422	1037	0
423	1037	0
424	1037	0
425	1037	0
426	1037	1
427	1037	0
428	1037	0
429	1037	0
430	1037	0
431	1037	0
432	1037	1
433	1037	0
434	1037	0
435	1037	0
436	1037	0
437	1037	0
438	1037	1
439	1037	0
440	1037	0
441	1037	0
442	1037	0
443	1037	0
444	1037	0
445	1037	0
446	1037	0
447	1037	0
448	1037	0
449	1037	0
450	1037	0
451	1037	0
452	1037	0
453	1037	0
454	1037	0
455	1037	0
456	1037	0
457	1037	0
458	1037	0
459	1037	0
460	1037	0
461	1037	0
462	1037	0
463	1037	0
464	1037	1
465	1037	0
466	1037	1
467	1037	0
468	1037	0
469	1037	0
470	1037	0
471	1037	0
472	1037	0
473	1037	0
474	1037	0
475	1037	0
476	1037	0
477	1037	0
478	1037	0
480	1037	0
481	1037	1
482	1037	0
483	1037	0
484	1037	0
485	1037	0
486	1037	0
487	1037	0
489	1037	0
490	1037	0
491	1037	0
492	1037	0
493	1037	0
495	1037	0
496	1037	0
497	1037	1
499	1037	0
500	1037	0
501	1037	0
502	1037	0
503	1037	1
505	1037	1
508	1037	0
509	1037	1
510	1037	0
511	1037	0
512	1037	0
513	1037	0
514	1037	1
515	1037	0
516	1037	0
517	1037	0
518	1037	1
519	1037	0
520	1037	0
521	1037	0
522	1037	0
523	1037	0
524	1037	0
525	1037	0
527	1037	0
528	1037	0
529	1037	0
533	1037	0
534	1037	0
536	1037	0
537	1037	0
538	1037	0
540	1037	0
541	1037	0
542	1037	0
543	1037	0
544	1037	0
546	1037	0
547	1037	0
548	1037	0
549	1037	0
550	1037	0
551	1037	0
553	1037	0
554	1037	0
555	1037	0
556	1037	0
557	1037	0
558	1037	0
559	1037	0
560	1037	0
561	1037	0
562	1037	0
563	1037	0
564	1037	0
565	1037	0
566	1037	0
567	1037	0
568	1037	0
569	1037	0
570	1037	0
571	1037	0
572	1037	0
573	1037	0
574	1037	1
575	1037	0
576	1037	0
577	1037	0
578	1037	0
579	1037	0
580	1037	0
582	1037	0
583	1037	0
584	1037	0
585	1037	0
586	1037	0
587	1037	0
588	1037	0
589	1037	0
590	1037	0
591	1037	0
592	1037	0
593	1037	0
594	1037	0
595	1037	0
596	1037	0
597	1037	0
598	1037	0
599	1037	0
600	1037	0
601	1037	0
602	1037	0
604	1037	0
605	1037	0
606	1037	0
607	1037	0
608	1037	0
609	1037	1
611	1037	0
612	1037	0
613	1037	0
614	1037	0
615	1037	0
616	1037	0
617	1037	0
618	1037	0
620	1037	0
621	1037	0
622	1037	0
624	1037	0
625	1037	0
626	1037	0
627	1037	0
628	1037	0
630	1037	0
631	1037	0
632	1037	0
633	1037	0
635	1037	0
636	1037	0
637	1037	0
640	1037	0
641	1037	0
642	1037	0
643	1037	0
644	1037	0
645	1037	1
646	1037	0
647	1037	0
648	1037	0
649	1037	0
650	1037	1
651	1037	0
652	1037	0
653	1037	0
655	1037	0
658	1037	0
659	1037	0
661	1037	0
662	1037	0
663	1037	0
664	1037	1
666	1037	0
667	1037	0
669	1037	0
670	1037	0
671	1037	0
672	1037	0
673	1037	0
674	1037	0
675	1037	0
676	1037	0
680	1037	0
682	1037	0
683	1037	0
684	1037	0
685	1037	0
686	1037	0
688	1037	0
689	1037	0
690	1037	0
691	1037	0
692	1037	1
693	1037	0
694	1037	1
695	1037	1
696	1037	0
697	1037	0
698	1037	0
699	1037	0
700	1037	0
701	1037	0
702	1037	0
703	1037	0
704	1037	0
705	1037	0
706	1037	0
707	1037	0
708	1037	0
709	1037	0
710	1037	0
711	1037	0
713	1037	0
714	1037	0
715	1037	1
716	1037	0
717	1037	0
718	1037	1
720	1037	0
721	1037	0
722	1037	0
728	1037	0
730	1037	0
731	1037	0
732	1037	0
733	1037	0
734	1037	0
735	1037	0
736	1037	0
737	1037	1
738	1037	0
739	1037	0
740	1037	0
741	1037	0
742	1037	0
744	1037	0
745	1037	0
746	1037	0
747	1037	0
748	1037	0
749	1037	0
750	1037	0
751	1037	0
752	1037	0
753	1037	0
754	1037	0
755	1037	0
756	1037	0
757	1037	0
758	1037	0
759	1037	1
760	1037	0
761	1037	0
762	1037	0
763	1037	0
764	1037	0
765	1037	0
766	1037	0
767	1037	0
768	1037	0
769	1037	0
770	1037	0
771	1037	0
772	1037	0
773	1037	0
774	1037	1
775	1037	0
776	1037	0
777	1037	0
778	1037	0
779	1037	0
780	1037	1
783	1037	0
784	1037	0
785	1037	0
786	1037	0
787	1037	0
788	1037	0
789	1037	0
790	1037	0
791	1037	0
794	1037	0
796	1037	0
797	1037	0
798	1037	0
799	1037	0
800	1037	0
801	1037	0
802	1037	0
803	1037	0
804	1037	0
806	1037	0
807	1037	0
808	1037	0
809	1037	0
810	1037	0
811	1037	0
814	1037	0
816	1037	0
817	1037	0
819	1037	0
820	1037	0
821	1037	0
824	1037	0
825	1037	0
827	1037	1
828	1037	0
830	1037	1
831	1037	0
832	1037	1
833	1037	1
834	1037	0
835	1037	0
836	1037	0
837	1037	1
839	1037	1
840	1037	0
841	1037	0
843	1037	0
844	1037	0
845	1037	0
846	1037	0
847	1037	0
848	1037	0
849	1037	0
850	1037	0
851	1037	0
852	1037	0
853	1037	0
854	1037	0
855	1037	0
856	1037	0
857	1037	0
858	1037	0
859	1037	1
860	1037	0
861	1037	0
862	1037	0
863	1037	0
864	1037	1
865	1037	0
866	1037	1
867	1037	0
868	1037	0
869	1037	0
870	1037	0
872	1037	0
873	1037	0
874	1037	0
875	1037	0
876	1037	1
877	1037	1
879	1037	0
880	1037	0
881	1037	0
882	1037	0
883	1037	0
884	1037	0
885	1037	0
886	1037	0
887	1037	0
888	1037	0
889	1037	0
890	1037	0
891	1037	0
892	1037	0
893	1037	0
894	1037	1
895	1037	0
896	1037	0
897	1037	0
898	1037	0
900	1037	1
901	1037	0
902	1037	0
903	1037	0
904	1037	0
905	1037	0
906	1037	0
907	1037	0
908	1037	0
909	1037	0
911	1037	0
912	1037	0
913	1037	0
914	1037	0
916	1037	0
917	1037	1
918	1037	0
919	1037	0
920	1037	0
921	1037	0
922	1037	0
923	1037	0
924	1037	0
925	1037	0
927	1037	1
928	1037	0
930	1037	1
931	1037	0
933	1037	0
934	1037	0
936	1037	0
937	1037	0
939	1037	0
940	1037	0
941	1037	0
942	1037	0
943	1037	0
944	1037	0
945	1037	1
946	1037	0
947	1037	0
948	1037	0
949	1037	0
950	1037	0
952	1037	0
953	1037	0
954	1037	0
955	1037	0
956	1037	0
958	1037	1
961	1037	0
962	1037	1
963	1037	0
964	1037	0
965	1037	1
966	1037	0
967	1037	0
