0	1067	0
1	1067	0
2	1067	0
3	1067	0
4	1067	0
5	1067	1
6	1067	0
7	1067	0
8	1067	1
9	1067	0
10	1067	0
11	1067	0
12	1067	0
13	1067	0
14	1067	0
15	1067	0
16	1067	0
17	1067	1
18	1067	1
19	1067	1
20	1067	0
21	1067	0
22	1067	0
23	1067	1
24	1067	0
26	1067	0
27	1067	0
28	1067	0
29	1067	0
30	1067	0
31	1067	1
32	1067	1
33	1067	0
34	1067	0
35	1067	0
36	1067	0
37	1067	0
38	1067	0
39	1067	1
40	1067	0
42	1067	0
43	1067	0
44	1067	0
45	1067	1
46	1067	0
47	1067	1
48	1067	0
49	1067	0
50	1067	0
51	1067	0
52	1067	0
53	1067	0
54	1067	0
55	1067	0
56	1067	0
57	1067	0
58	1067	0
60	1067	0
61	1067	0
62	1067	0
64	1067	1
65	1067	0
66	1067	0
67	1067	0
68	1067	0
69	1067	0
70	1067	1
71	1067	0
72	1067	0
73	1067	0
74	1067	0
75	1067	0
76	1067	0
77	1067	1
78	1067	0
80	1067	0
81	1067	0
82	1067	0
83	1067	0
84	1067	0
85	1067	0
86	1067	0
87	1067	0
88	1067	0
89	1067	0
90	1067	0
91	1067	0
92	1067	0
93	1067	0
94	1067	0
95	1067	0
96	1067	1
97	1067	0
98	1067	0
99	1067	0
100	1067	0
102	1067	0
103	1067	0
104	1067	0
105	1067	0
106	1067	0
109	1067	1
112	1067	0
113	1067	0
114	1067	0
115	1067	0
116	1067	0
117	1067	0
118	1067	0
119	1067	0
120	1067	0
121	1067	0
122	1067	0
123	1067	0
124	1067	0
125	1067	0
126	1067	0
129	1067	1
130	1067	0
131	1067	0
132	1067	0
133	1067	0
134	1067	0
136	1067	0
137	1067	0
138	1067	1
139	1067	0
140	1067	0
141	1067	0
142	1067	0
143	1067	0
144	1067	0
145	1067	0
146	1067	0
147	1067	0
148	1067	0
149	1067	0
150	1067	0
151	1067	1
152	1067	0
153	1067	0
154	1067	0
155	1067	0
156	1067	0
157	1067	0
158	1067	0
159	1067	0
160	1067	0
161	1067	0
162	1067	0
163	1067	1
165	1067	0
166	1067	0
167	1067	0
168	1067	0
169	1067	0
170	1067	0
171	1067	0
172	1067	1
173	1067	0
174	1067	0
177	1067	0
178	1067	0
179	1067	0
180	1067	0
182	1067	0
183	1067	0
184	1067	1
185	1067	1
186	1067	0
187	1067	1
188	1067	1
189	1067	1
190	1067	0
193	1067	1
194	1067	1
195	1067	0
196	1067	1
197	1067	1
198	1067	0
199	1067	0
200	1067	0
201	1067	0
202	1067	0
203	1067	1
204	1067	1
206	1067	1
207	1067	0
208	1067	1
210	1067	0
211	1067	0
212	1067	1
213	1067	0
214	1067	0
215	1067	0
216	1067	0
217	1067	0
218	1067	0
219	1067	0
220	1067	0
222	1067	0
223	1067	1
224	1067	0
225	1067	0
226	1067	0
227	1067	1
228	1067	0
229	1067	0
230	1067	0
231	1067	0
232	1067	0
233	1067	0
234	1067	0
235	1067	0
236	1067	0
237	1067	0
238	1067	0
239	1067	0
240	1067	1
241	1067	0
242	1067	0
244	1067	0
245	1067	0
246	1067	0
247	1067	0
248	1067	0
249	1067	1
250	1067	0
251	1067	0
252	1067	0
253	1067	1
254	1067	1
255	1067	0
256	1067	0
258	1067	0
259	1067	1
260	1067	0
261	1067	0
262	1067	0
263	1067	1
264	1067	0
265	1067	0
266	1067	0
267	1067	0
268	1067	0
269	1067	1
270	1067	0
271	1067	0
272	1067	0
273	1067	0
274	1067	0
275	1067	0
276	1067	0
277	1067	0
278	1067	0
279	1067	0
280	1067	1
281	1067	0
282	1067	0
283	1067	0
284	1067	0
285	1067	0
286	1067	0
287	1067	0
289	1067	1
290	1067	1
291	1067	0
292	1067	0
293	1067	0
295	1067	0
296	1067	0
297	1067	0
298	1067	0
299	1067	0
300	1067	0
301	1067	0
302	1067	0
303	1067	0
304	1067	0
305	1067	0
306	1067	0
307	1067	0
308	1067	0
309	1067	0
310	1067	1
311	1067	0
312	1067	0
313	1067	0
314	1067	0
315	1067	0
316	1067	0
317	1067	0
318	1067	0
319	1067	0
320	1067	0
321	1067	0
322	1067	0
323	1067	0
324	1067	0
325	1067	0
326	1067	0
327	1067	0
328	1067	1
329	1067	0
330	1067	0
331	1067	0
333	1067	0
335	1067	0
336	1067	1
337	1067	0
338	1067	0
339	1067	0
340	1067	1
341	1067	1
342	1067	0
343	1067	0
344	1067	0
346	1067	0
347	1067	0
348	1067	0
349	1067	0
350	1067	0
351	1067	0
352	1067	0
355	1067	0
357	1067	0
358	1067	0
359	1067	0
360	1067	1
363	1067	1
364	1067	0
365	1067	0
366	1067	0
367	1067	0
368	1067	0
371	1067	0
372	1067	0
373	1067	1
374	1067	1
375	1067	1
377	1067	0
378	1067	1
379	1067	0
380	1067	0
381	1067	1
382	1067	0
383	1067	0
384	1067	0
385	1067	0
386	1067	0
387	1067	0
388	1067	0
389	1067	0
390	1067	1
391	1067	0
393	1067	0
394	1067	0
395	1067	1
397	1067	1
398	1067	0
399	1067	0
401	1067	0
402	1067	0
403	1067	0
404	1067	0
405	1067	0
406	1067	0
407	1067	0
408	1067	0
409	1067	0
410	1067	0
411	1067	0
412	1067	0
413	1067	0
414	1067	0
415	1067	1
416	1067	0
417	1067	0
418	1067	0
419	1067	0
420	1067	0
421	1067	0
422	1067	0
423	1067	0
424	1067	0
425	1067	0
426	1067	0
427	1067	0
428	1067	0
429	1067	0
430	1067	1
431	1067	0
432	1067	0
433	1067	0
434	1067	0
436	1067	1
437	1067	0
440	1067	0
441	1067	0
442	1067	0
443	1067	0
444	1067	0
445	1067	0
446	1067	1
447	1067	0
448	1067	0
449	1067	0
450	1067	0
451	1067	0
452	1067	0
453	1067	1
454	1067	0
455	1067	1
456	1067	0
457	1067	0
458	1067	0
459	1067	0
460	1067	0
461	1067	1
462	1067	0
463	1067	0
464	1067	0
465	1067	0
466	1067	0
467	1067	0
468	1067	0
469	1067	0
470	1067	0
471	1067	0
472	1067	0
473	1067	0
474	1067	1
475	1067	0
476	1067	0
477	1067	0
478	1067	0
480	1067	0
481	1067	0
482	1067	0
483	1067	0
484	1067	0
485	1067	0
486	1067	0
487	1067	0
489	1067	0
490	1067	0
491	1067	0
492	1067	0
493	1067	0
495	1067	0
496	1067	1
497	1067	0
499	1067	0
500	1067	0
503	1067	1
505	1067	1
506	1067	1
508	1067	1
509	1067	1
510	1067	0
511	1067	0
512	1067	0
513	1067	0
514	1067	1
515	1067	1
516	1067	0
517	1067	0
518	1067	1
519	1067	0
520	1067	1
521	1067	0
523	1067	0
524	1067	0
525	1067	0
526	1067	0
527	1067	0
528	1067	1
529	1067	0
531	1067	0
534	1067	0
536	1067	0
537	1067	0
538	1067	1
540	1067	0
541	1067	0
542	1067	1
543	1067	0
544	1067	0
546	1067	0
547	1067	0
548	1067	0
549	1067	1
550	1067	0
551	1067	0
553	1067	0
554	1067	0
555	1067	0
556	1067	0
557	1067	0
558	1067	0
559	1067	0
560	1067	0
562	1067	0
563	1067	0
564	1067	0
565	1067	0
566	1067	0
567	1067	0
568	1067	1
569	1067	0
570	1067	0
571	1067	0
572	1067	0
574	1067	0
575	1067	0
576	1067	0
577	1067	0
578	1067	0
579	1067	0
580	1067	0
582	1067	0
583	1067	0
584	1067	1
585	1067	1
586	1067	0
587	1067	0
588	1067	0
589	1067	0
590	1067	0
591	1067	0
592	1067	0
593	1067	1
594	1067	0
595	1067	0
596	1067	0
597	1067	0
598	1067	0
599	1067	0
600	1067	0
601	1067	0
602	1067	0
604	1067	0
605	1067	0
606	1067	0
607	1067	0
608	1067	0
609	1067	0
611	1067	0
612	1067	1
613	1067	0
614	1067	0
615	1067	0
616	1067	1
617	1067	0
618	1067	0
619	1067	0
620	1067	0
621	1067	1
622	1067	0
624	1067	0
625	1067	0
626	1067	1
627	1067	0
628	1067	0
630	1067	0
631	1067	1
632	1067	1
635	1067	0
636	1067	0
637	1067	1
640	1067	0
641	1067	0
642	1067	0
643	1067	0
644	1067	1
645	1067	1
646	1067	0
647	1067	0
648	1067	0
649	1067	1
650	1067	1
651	1067	0
652	1067	1
653	1067	0
654	1067	0
655	1067	0
656	1067	1
657	1067	1
658	1067	0
659	1067	0
660	1067	0
662	1067	1
663	1067	1
664	1067	1
666	1067	1
667	1067	1
668	1067	0
669	1067	0
670	1067	0
671	1067	0
672	1067	1
673	1067	1
674	1067	0
675	1067	0
676	1067	0
677	1067	0
678	1067	0
679	1067	0
680	1067	0
681	1067	0
682	1067	0
683	1067	0
684	1067	0
685	1067	0
686	1067	0
687	1067	0
688	1067	0
689	1067	0
690	1067	0
691	1067	1
692	1067	1
693	1067	0
694	1067	1
695	1067	1
696	1067	0
697	1067	0
698	1067	0
699	1067	0
700	1067	0
701	1067	0
702	1067	0
703	1067	0
704	1067	0
705	1067	0
706	1067	0
707	1067	0
708	1067	0
709	1067	0
711	1067	0
712	1067	0
713	1067	1
714	1067	0
715	1067	1
716	1067	0
717	1067	0
718	1067	0
719	1067	0
720	1067	0
721	1067	0
722	1067	0
723	1067	0
724	1067	0
725	1067	0
726	1067	0
727	1067	0
728	1067	0
730	1067	0
731	1067	0
732	1067	1
733	1067	0
734	1067	0
735	1067	0
736	1067	0
737	1067	0
738	1067	1
739	1067	0
740	1067	0
741	1067	0
742	1067	0
743	1067	0
744	1067	0
745	1067	0
746	1067	0
747	1067	0
748	1067	1
749	1067	0
750	1067	1
751	1067	1
752	1067	0
753	1067	0
754	1067	0
755	1067	0
756	1067	0
757	1067	0
758	1067	0
759	1067	1
760	1067	0
761	1067	0
762	1067	0
763	1067	0
764	1067	0
765	1067	0
766	1067	1
767	1067	0
768	1067	0
769	1067	0
770	1067	0
771	1067	0
772	1067	0
773	1067	0
774	1067	1
775	1067	0
776	1067	0
777	1067	0
778	1067	0
779	1067	0
780	1067	1
782	1067	0
783	1067	0
784	1067	0
785	1067	0
786	1067	0
787	1067	0
788	1067	0
789	1067	0
790	1067	0
791	1067	0
793	1067	0
794	1067	0
795	1067	0
796	1067	0
797	1067	0
798	1067	0
799	1067	1
800	1067	0
801	1067	0
802	1067	1
803	1067	0
804	1067	0
806	1067	0
807	1067	0
808	1067	0
809	1067	0
810	1067	0
811	1067	0
812	1067	1
813	1067	1
814	1067	1
816	1067	0
817	1067	1
818	1067	0
819	1067	0
820	1067	1
821	1067	0
822	1067	0
823	1067	0
824	1067	0
825	1067	0
826	1067	0
827	1067	1
828	1067	0
829	1067	1
831	1067	0
832	1067	1
833	1067	1
835	1067	0
836	1067	0
837	1067	1
839	1067	0
840	1067	1
841	1067	0
842	1067	0
843	1067	0
844	1067	0
845	1067	0
846	1067	0
847	1067	0
848	1067	0
849	1067	0
850	1067	0
851	1067	0
853	1067	0
854	1067	0
855	1067	0
856	1067	0
857	1067	0
858	1067	0
859	1067	0
860	1067	0
861	1067	0
862	1067	1
863	1067	0
864	1067	0
865	1067	0
866	1067	0
867	1067	0
868	1067	0
869	1067	0
870	1067	1
872	1067	0
873	1067	0
874	1067	0
875	1067	0
876	1067	0
877	1067	0
878	1067	0
879	1067	0
880	1067	0
881	1067	0
882	1067	0
883	1067	0
884	1067	0
885	1067	0
886	1067	0
887	1067	0
888	1067	0
889	1067	0
890	1067	0
891	1067	1
892	1067	0
893	1067	0
895	1067	0
896	1067	0
897	1067	0
898	1067	0
900	1067	0
901	1067	0
902	1067	0
904	1067	0
905	1067	0
906	1067	0
907	1067	0
908	1067	0
909	1067	0
910	1067	0
911	1067	0
913	1067	0
914	1067	0
916	1067	0
917	1067	1
918	1067	0
919	1067	0
920	1067	0
921	1067	0
922	1067	0
923	1067	0
924	1067	1
925	1067	0
926	1067	0
927	1067	0
928	1067	0
930	1067	0
931	1067	0
933	1067	1
934	1067	0
935	1067	1
936	1067	0
937	1067	1
938	1067	1
939	1067	0
940	1067	0
941	1067	1
942	1067	0
943	1067	0
944	1067	0
945	1067	0
946	1067	0
947	1067	0
948	1067	0
949	1067	0
950	1067	0
952	1067	1
953	1067	0
954	1067	0
955	1067	1
956	1067	1
958	1067	1
959	1067	0
960	1067	0
961	1067	0
962	1067	0
963	1067	1
964	1067	0
966	1067	1
967	1067	1
