1	1228	0
2	1228	0
3	1228	0
4	1228	1
5	1228	0
6	1228	0
7	1228	0
8	1228	0
9	1228	0
10	1228	0
11	1228	0
12	1228	0
13	1228	1
14	1228	0
16	1228	0
17	1228	0
18	1228	0
19	1228	1
20	1228	0
21	1228	0
22	1228	0
23	1228	0
24	1228	0
25	1228	1
26	1228	0
27	1228	0
28	1228	0
29	1228	0
31	1228	0
32	1228	0
33	1228	0
34	1228	0
35	1228	0
36	1228	0
37	1228	1
38	1228	0
39	1228	0
41	1228	0
42	1228	1
43	1228	1
44	1228	0
45	1228	0
46	1228	0
47	1228	0
48	1228	0
49	1228	0
50	1228	0
51	1228	0
52	1228	0
53	1228	1
54	1228	0
55	1228	0
56	1228	1
58	1228	1
59	1228	0
60	1228	0
61	1228	0
62	1228	0
63	1228	0
64	1228	0
65	1228	0
66	1228	0
67	1228	0
68	1228	1
69	1228	0
70	1228	0
71	1228	0
72	1228	0
73	1228	0
74	1228	0
75	1228	0
77	1228	1
78	1228	0
79	1228	1
80	1228	1
81	1228	0
82	1228	0
83	1228	1
84	1228	0
85	1228	0
86	1228	0
87	1228	0
88	1228	0
89	1228	0
91	1228	1
92	1228	0
93	1228	0
94	1228	0
95	1228	0
96	1228	0
97	1228	0
99	1228	0
100	1228	0
101	1228	0
103	1228	0
104	1228	0
105	1228	0
106	1228	1
107	1228	1
108	1228	0
109	1228	0
110	1228	0
111	1228	1
112	1228	0
113	1228	0
114	1228	0
115	1228	1
116	1228	0
117	1228	0
118	1228	0
119	1228	1
120	1228	0
121	1228	0
122	1228	0
123	1228	0
124	1228	0
125	1228	0
128	1228	0
129	1228	0
130	1228	0
131	1228	0
132	1228	1
133	1228	1
134	1228	0
135	1228	0
136	1228	0
137	1228	0
138	1228	0
139	1228	0
140	1228	0
141	1228	0
142	1228	0
143	1228	0
144	1228	0
145	1228	0
146	1228	0
147	1228	0
148	1228	0
149	1228	0
150	1228	0
151	1228	0
152	1228	0
153	1228	0
154	1228	0
155	1228	0
156	1228	0
157	1228	0
158	1228	0
159	1228	0
160	1228	0
161	1228	0
162	1228	0
163	1228	0
165	1228	1
166	1228	0
167	1228	0
168	1228	0
169	1228	0
170	1228	1
171	1228	0
172	1228	0
173	1228	1
174	1228	0
175	1228	0
177	1228	0
178	1228	0
179	1228	0
180	1228	1
181	1228	0
182	1228	0
183	1228	0
184	1228	1
185	1228	0
186	1228	0
187	1228	0
188	1228	0
189	1228	0
190	1228	1
191	1228	0
192	1228	0
193	1228	0
194	1228	0
195	1228	0
196	1228	0
197	1228	0
198	1228	0
199	1228	0
200	1228	0
201	1228	0
202	1228	0
203	1228	0
204	1228	0
206	1228	0
207	1228	0
208	1228	0
209	1228	0
210	1228	0
211	1228	0
212	1228	0
214	1228	0
215	1228	0
216	1228	0
217	1228	0
218	1228	0
219	1228	1
220	1228	1
221	1228	0
222	1228	1
223	1228	0
224	1228	0
226	1228	0
227	1228	0
228	1228	0
229	1228	0
230	1228	0
231	1228	0
232	1228	0
233	1228	0
234	1228	1
235	1228	0
236	1228	0
237	1228	0
238	1228	0
239	1228	0
240	1228	0
241	1228	0
243	1228	0
244	1228	0
245	1228	0
246	1228	0
247	1228	1
248	1228	0
249	1228	0
250	1228	0
251	1228	1
252	1228	0
253	1228	0
254	1228	0
255	1228	0
256	1228	1
257	1228	0
258	1228	0
259	1228	1
260	1228	0
261	1228	0
262	1228	0
263	1228	0
264	1228	0
265	1228	0
266	1228	0
267	1228	0
268	1228	0
270	1228	0
271	1228	0
272	1228	0
273	1228	0
274	1228	0
275	1228	0
276	1228	1
277	1228	0
278	1228	0
279	1228	0
280	1228	0
281	1228	0
282	1228	0
283	1228	0
284	1228	0
285	1228	0
286	1228	0
287	1228	0
288	1228	0
289	1228	0
290	1228	0
291	1228	0
292	1228	1
293	1228	0
294	1228	1
295	1228	0
296	1228	0
297	1228	0
298	1228	0
299	1228	0
300	1228	0
301	1228	0
302	1228	0
303	1228	1
304	1228	0
305	1228	0
306	1228	0
307	1228	0
308	1228	0
309	1228	1
310	1228	0
312	1228	0
313	1228	0
314	1228	0
315	1228	0
316	1228	1
317	1228	1
318	1228	0
319	1228	0
320	1228	1
321	1228	1
322	1228	0
323	1228	0
324	1228	0
325	1228	0
326	1228	1
328	1228	0
329	1228	0
331	1228	1
332	1228	0
333	1228	1
334	1228	0
335	1228	0
336	1228	0
337	1228	1
338	1228	0
339	1228	0
340	1228	0
341	1228	0
342	1228	0
343	1228	0
344	1228	0
345	1228	0
346	1228	1
347	1228	0
348	1228	0
349	1228	0
350	1228	0
351	1228	0
352	1228	0
353	1228	0
354	1228	0
355	1228	0
356	1228	0
357	1228	0
358	1228	0
359	1228	0
360	1228	0
361	1228	0
362	1228	0
363	1228	0
364	1228	0
365	1228	0
366	1228	1
367	1228	1
368	1228	0
369	1228	0
370	1228	0
371	1228	0
372	1228	0
373	1228	0
374	1228	1
375	1228	0
376	1228	0
377	1228	0
378	1228	0
379	1228	0
380	1228	0
381	1228	0
382	1228	0
383	1228	0
384	1228	0
385	1228	0
386	1228	1
387	1228	0
388	1228	0
389	1228	0
391	1228	0
392	1228	1
393	1228	0
394	1228	0
395	1228	0
396	1228	0
397	1228	0
398	1228	1
399	1228	0
400	1228	0
401	1228	0
402	1228	0
403	1228	1
404	1228	1
405	1228	0
406	1228	0
407	1228	0
408	1228	0
410	1228	0
411	1228	0
412	1228	0
413	1228	0
416	1228	0
417	1228	0
418	1228	0
419	1228	0
420	1228	0
421	1228	0
422	1228	0
423	1228	0
424	1228	0
425	1228	0
426	1228	0
427	1228	0
428	1228	1
429	1228	0
430	1228	0
431	1228	0
432	1228	0
433	1228	0
434	1228	0
435	1228	0
436	1228	0
437	1228	0
438	1228	0
439	1228	0
440	1228	0
441	1228	0
442	1228	0
443	1228	0
444	1228	0
445	1228	0
446	1228	0
447	1228	0
448	1228	1
449	1228	0
450	1228	0
451	1228	0
452	1228	1
453	1228	1
454	1228	0
455	1228	0
456	1228	0
457	1228	0
458	1228	0
459	1228	0
460	1228	0
461	1228	0
462	1228	0
463	1228	1
464	1228	0
465	1228	0
466	1228	0
467	1228	0
468	1228	0
469	1228	0
470	1228	0
471	1228	0
472	1228	0
473	1228	0
474	1228	0
475	1228	1
476	1228	0
477	1228	0
478	1228	0
479	1228	1
480	1228	1
481	1228	0
482	1228	0
483	1228	0
484	1228	0
485	1228	0
486	1228	0
487	1228	0
488	1228	0
489	1228	0
490	1228	0
491	1228	0
493	1228	0
494	1228	0
495	1228	0
496	1228	1
497	1228	0
499	1228	1
500	1228	0
501	1228	0
502	1228	0
503	1228	0
504	1228	0
505	1228	0
506	1228	1
507	1228	0
508	1228	0
509	1228	0
510	1228	0
511	1228	0
512	1228	0
513	1228	0
514	1228	0
515	1228	0
516	1228	0
517	1228	1
518	1228	0
519	1228	0
520	1228	1
521	1228	0
522	1228	0
523	1228	1
524	1228	0
525	1228	0
526	1228	0
527	1228	0
528	1228	0
529	1228	0
530	1228	0
531	1228	0
533	1228	0
534	1228	0
535	1228	0
536	1228	0
537	1228	0
538	1228	0
539	1228	0
540	1228	0
541	1228	0
542	1228	1
543	1228	0
544	1228	0
545	1228	0
546	1228	0
547	1228	0
548	1228	0
549	1228	0
550	1228	0
551	1228	0
552	1228	0
553	1228	0
554	1228	1
555	1228	0
556	1228	0
557	1228	0
558	1228	0
560	1228	0
561	1228	0
562	1228	0
563	1228	0
564	1228	0
565	1228	0
566	1228	0
567	1228	0
568	1228	0
569	1228	0
570	1228	1
571	1228	1
572	1228	0
574	1228	0
575	1228	0
576	1228	0
577	1228	0
578	1228	0
579	1228	0
581	1228	0
582	1228	0
583	1228	1
584	1228	0
585	1228	0
586	1228	0
587	1228	0
588	1228	0
589	1228	0
590	1228	0
591	1228	0
593	1228	0
594	1228	0
595	1228	0
596	1228	1
597	1228	0
598	1228	0
599	1228	1
600	1228	0
601	1228	0
602	1228	0
604	1228	0
605	1228	1
606	1228	0
607	1228	0
608	1228	0
609	1228	0
611	1228	0
612	1228	0
614	1228	0
615	1228	0
616	1228	0
617	1228	0
618	1228	0
619	1228	0
621	1228	0
622	1228	0
624	1228	0
625	1228	0
626	1228	0
627	1228	0
628	1228	1
630	1228	1
632	1228	0
633	1228	0
634	1228	0
635	1228	0
636	1228	0
637	1228	0
638	1228	0
639	1228	0
640	1228	0
642	1228	0
643	1228	0
644	1228	0
645	1228	0
646	1228	1
647	1228	0
648	1228	0
649	1228	1
650	1228	0
651	1228	0
652	1228	0
653	1228	0
654	1228	1
655	1228	0
656	1228	0
657	1228	0
658	1228	0
659	1228	0
660	1228	0
661	1228	1
662	1228	1
663	1228	0
664	1228	0
666	1228	0
667	1228	0
668	1228	1
669	1228	0
670	1228	0
671	1228	0
672	1228	1
673	1228	0
674	1228	0
675	1228	0
676	1228	0
677	1228	0
678	1228	0
679	1228	0
680	1228	1
681	1228	1
682	1228	0
683	1228	0
684	1228	1
685	1228	0
686	1228	0
687	1228	0
688	1228	0
689	1228	0
690	1228	0
691	1228	0
692	1228	0
693	1228	0
694	1228	0
696	1228	1
697	1228	1
698	1228	1
699	1228	0
700	1228	0
701	1228	0
702	1228	0
703	1228	0
704	1228	0
705	1228	0
706	1228	0
707	1228	0
708	1228	0
709	1228	1
710	1228	0
711	1228	0
712	1228	0
713	1228	0
715	1228	0
716	1228	0
717	1228	1
718	1228	1
719	1228	0
720	1228	0
721	1228	0
722	1228	0
723	1228	0
724	1228	0
725	1228	0
726	1228	0
727	1228	0
728	1228	0
729	1228	0
730	1228	0
731	1228	1
732	1228	0
733	1228	0
734	1228	0
735	1228	0
736	1228	0
737	1228	0
738	1228	0
739	1228	0
740	1228	1
741	1228	0
742	1228	0
743	1228	1
744	1228	1
745	1228	0
747	1228	0
748	1228	0
750	1228	0
751	1228	0
752	1228	0
753	1228	1
754	1228	0
755	1228	0
756	1228	0
757	1228	0
758	1228	0
759	1228	0
760	1228	0
761	1228	0
762	1228	0
764	1228	0
765	1228	1
766	1228	1
767	1228	0
768	1228	0
769	1228	0
770	1228	0
771	1228	0
772	1228	1
773	1228	0
775	1228	0
776	1228	0
777	1228	0
778	1228	0
779	1228	1
780	1228	0
781	1228	0
782	1228	1
783	1228	0
784	1228	0
785	1228	0
786	1228	1
787	1228	1
788	1228	1
789	1228	1
790	1228	1
791	1228	1
792	1228	0
793	1228	1
794	1228	0
795	1228	0
796	1228	0
797	1228	1
798	1228	0
799	1228	0
800	1228	0
801	1228	0
802	1228	0
803	1228	0
804	1228	0
805	1228	1
806	1228	0
807	1228	0
808	1228	0
809	1228	0
810	1228	0
811	1228	0
812	1228	0
814	1228	0
816	1228	0
817	1228	0
818	1228	0
819	1228	0
820	1228	0
822	1228	0
823	1228	0
824	1228	1
825	1228	0
826	1228	0
827	1228	0
829	1228	0
830	1228	0
831	1228	0
832	1228	0
833	1228	0
834	1228	0
835	1228	0
836	1228	1
838	1228	0
839	1228	0
840	1228	0
841	1228	0
842	1228	0
843	1228	1
844	1228	0
845	1228	0
846	1228	0
847	1228	0
848	1228	0
849	1228	0
850	1228	0
851	1228	0
852	1228	0
853	1228	1
854	1228	0
855	1228	0
856	1228	0
857	1228	1
858	1228	0
859	1228	1
860	1228	0
861	1228	0
862	1228	0
863	1228	0
864	1228	0
865	1228	0
866	1228	0
867	1228	0
868	1228	0
869	1228	0
870	1228	0
871	1228	0
872	1228	0
873	1228	0
874	1228	0
875	1228	0
876	1228	0
877	1228	0
878	1228	0
880	1228	0
881	1228	0
882	1228	0
883	1228	0
884	1228	0
885	1228	0
886	1228	0
887	1228	0
888	1228	0
889	1228	0
890	1228	0
891	1228	0
892	1228	0
893	1228	0
894	1228	0
895	1228	0
896	1228	0
897	1228	0
898	1228	0
899	1228	0
900	1228	0
901	1228	0
902	1228	0
903	1228	0
904	1228	1
905	1228	1
907	1228	0
908	1228	0
909	1228	0
910	1228	0
911	1228	0
912	1228	0
913	1228	0
914	1228	0
915	1228	0
916	1228	0
917	1228	0
918	1228	0
919	1228	0
920	1228	1
921	1228	1
922	1228	0
923	1228	0
924	1228	0
925	1228	0
926	1228	0
927	1228	0
928	1228	0
929	1228	0
930	1228	0
931	1228	0
933	1228	1
934	1228	0
935	1228	0
937	1228	0
939	1228	0
940	1228	0
941	1228	0
942	1228	0
943	1228	1
944	1228	0
945	1228	0
946	1228	0
947	1228	0
948	1228	0
949	1228	0
950	1228	0
953	1228	0
955	1228	0
957	1228	0
958	1228	0
959	1228	0
960	1228	0
961	1228	0
962	1228	0
963	1228	0
964	1228	0
965	1228	0
966	1228	0
967	1228	0
