0	1174	0
1	1174	0
2	1174	0
3	1174	0
4	1174	0
5	1174	0
6	1174	1
7	1174	0
8	1174	1
9	1174	0
10	1174	0
11	1174	0
12	1174	0
13	1174	1
16	1174	0
17	1174	0
18	1174	0
19	1174	0
20	1174	0
21	1174	1
22	1174	1
23	1174	0
24	1174	0
25	1174	0
26	1174	0
27	1174	1
30	1174	0
31	1174	1
32	1174	0
33	1174	0
34	1174	0
36	1174	0
37	1174	0
38	1174	0
39	1174	1
40	1174	0
41	1174	0
42	1174	0
43	1174	0
45	1174	0
46	1174	0
47	1174	1
48	1174	1
49	1174	0
51	1174	0
53	1174	0
54	1174	0
55	1174	1
56	1174	0
58	1174	0
59	1174	0
60	1174	0
61	1174	0
62	1174	0
63	1174	0
64	1174	1
65	1174	0
66	1174	0
67	1174	0
68	1174	0
69	1174	0
70	1174	0
71	1174	0
72	1174	0
74	1174	0
75	1174	0
77	1174	0
78	1174	0
79	1174	1
80	1174	0
81	1174	0
82	1174	0
83	1174	0
84	1174	1
85	1174	0
86	1174	0
87	1174	0
89	1174	0
90	1174	0
91	1174	0
92	1174	0
93	1174	0
94	1174	0
95	1174	0
96	1174	0
97	1174	0
98	1174	0
99	1174	0
100	1174	1
101	1174	0
102	1174	0
103	1174	1
104	1174	1
105	1174	0
106	1174	0
107	1174	0
108	1174	0
109	1174	0
110	1174	1
111	1174	1
112	1174	0
113	1174	0
114	1174	0
115	1174	0
116	1174	0
117	1174	0
118	1174	0
120	1174	0
121	1174	0
124	1174	0
125	1174	0
129	1174	0
130	1174	0
131	1174	0
132	1174	0
133	1174	0
134	1174	0
135	1174	1
136	1174	0
137	1174	0
138	1174	1
139	1174	0
140	1174	0
141	1174	1
142	1174	1
143	1174	0
144	1174	0
145	1174	0
146	1174	0
147	1174	0
148	1174	0
149	1174	0
151	1174	0
152	1174	1
153	1174	0
154	1174	0
155	1174	0
156	1174	1
157	1174	0
158	1174	0
159	1174	1
160	1174	0
162	1174	0
163	1174	0
164	1174	0
165	1174	0
166	1174	0
167	1174	0
168	1174	0
169	1174	1
170	1174	0
171	1174	0
172	1174	0
173	1174	0
174	1174	0
175	1174	1
178	1174	0
179	1174	0
180	1174	0
181	1174	0
182	1174	0
183	1174	0
184	1174	0
185	1174	0
186	1174	0
187	1174	0
188	1174	1
190	1174	0
191	1174	0
192	1174	0
193	1174	0
194	1174	1
195	1174	0
196	1174	0
197	1174	0
198	1174	0
199	1174	0
200	1174	0
201	1174	0
202	1174	0
203	1174	0
204	1174	0
206	1174	0
207	1174	0
208	1174	0
209	1174	0
210	1174	0
211	1174	0
212	1174	0
213	1174	0
214	1174	0
215	1174	0
216	1174	0
217	1174	0
218	1174	0
219	1174	0
221	1174	0
222	1174	0
223	1174	1
224	1174	0
225	1174	0
227	1174	0
228	1174	0
229	1174	0
230	1174	1
232	1174	1
233	1174	0
234	1174	1
235	1174	0
236	1174	1
237	1174	0
239	1174	0
240	1174	1
245	1174	0
246	1174	0
247	1174	0
248	1174	0
249	1174	0
250	1174	0
251	1174	0
252	1174	0
253	1174	1
254	1174	0
255	1174	0
256	1174	0
257	1174	0
258	1174	0
259	1174	0
260	1174	0
261	1174	0
262	1174	0
263	1174	0
264	1174	1
265	1174	0
266	1174	0
267	1174	0
268	1174	1
270	1174	0
271	1174	0
272	1174	0
273	1174	0
274	1174	0
275	1174	0
277	1174	0
280	1174	0
281	1174	0
282	1174	0
283	1174	0
284	1174	0
285	1174	0
286	1174	1
287	1174	0
288	1174	0
289	1174	0
290	1174	0
291	1174	0
293	1174	0
295	1174	0
296	1174	0
298	1174	1
302	1174	1
303	1174	0
304	1174	0
305	1174	0
306	1174	0
308	1174	0
310	1174	1
312	1174	0
313	1174	0
314	1174	0
315	1174	0
316	1174	0
317	1174	0
318	1174	0
319	1174	0
321	1174	0
322	1174	0
323	1174	1
324	1174	0
325	1174	1
326	1174	0
327	1174	0
328	1174	1
329	1174	0
330	1174	0
331	1174	0
332	1174	1
333	1174	0
334	1174	0
336	1174	0
337	1174	0
338	1174	0
340	1174	0
341	1174	0
343	1174	0
344	1174	0
345	1174	1
346	1174	0
347	1174	0
348	1174	0
350	1174	1
351	1174	0
352	1174	0
353	1174	0
354	1174	1
355	1174	0
356	1174	0
357	1174	0
358	1174	0
359	1174	0
360	1174	0
361	1174	0
362	1174	0
363	1174	1
364	1174	0
365	1174	0
366	1174	0
367	1174	0
369	1174	1
370	1174	0
371	1174	0
372	1174	0
373	1174	1
374	1174	0
376	1174	1
377	1174	0
378	1174	1
379	1174	0
380	1174	1
381	1174	0
382	1174	0
383	1174	0
384	1174	0
385	1174	0
386	1174	0
387	1174	0
388	1174	0
389	1174	0
391	1174	0
392	1174	0
393	1174	0
394	1174	1
395	1174	0
397	1174	0
398	1174	0
399	1174	0
401	1174	0
402	1174	0
403	1174	0
404	1174	1
405	1174	0
406	1174	0
407	1174	0
408	1174	1
409	1174	0
410	1174	0
412	1174	0
414	1174	0
415	1174	0
416	1174	0
417	1174	0
418	1174	0
420	1174	0
421	1174	1
422	1174	0
423	1174	0
424	1174	1
425	1174	0
426	1174	0
428	1174	0
429	1174	0
430	1174	1
431	1174	0
432	1174	0
433	1174	0
434	1174	0
435	1174	1
436	1174	0
437	1174	0
438	1174	0
439	1174	1
440	1174	0
441	1174	0
442	1174	0
443	1174	0
444	1174	0
445	1174	0
446	1174	1
447	1174	0
448	1174	0
449	1174	0
450	1174	0
452	1174	0
453	1174	0
454	1174	0
455	1174	0
456	1174	1
457	1174	1
458	1174	0
459	1174	0
461	1174	0
462	1174	0
464	1174	1
465	1174	0
466	1174	0
467	1174	0
468	1174	0
469	1174	0
470	1174	0
471	1174	0
472	1174	0
473	1174	0
474	1174	0
475	1174	0
476	1174	0
477	1174	0
478	1174	0
479	1174	0
480	1174	0
481	1174	0
483	1174	0
484	1174	1
485	1174	0
486	1174	0
487	1174	1
488	1174	0
489	1174	0
490	1174	0
491	1174	0
492	1174	0
494	1174	0
496	1174	0
497	1174	0
498	1174	0
499	1174	0
500	1174	0
501	1174	0
502	1174	0
503	1174	0
504	1174	1
505	1174	0
506	1174	0
507	1174	1
508	1174	1
509	1174	0
510	1174	0
511	1174	0
512	1174	0
513	1174	0
514	1174	1
515	1174	0
516	1174	0
517	1174	0
518	1174	0
519	1174	0
520	1174	0
521	1174	0
522	1174	0
523	1174	0
524	1174	0
525	1174	0
526	1174	0
527	1174	0
528	1174	0
529	1174	0
530	1174	0
531	1174	1
533	1174	0
534	1174	0
535	1174	0
536	1174	0
538	1174	0
539	1174	0
540	1174	0
541	1174	0
542	1174	0
543	1174	0
544	1174	0
545	1174	0
546	1174	0
547	1174	0
550	1174	0
551	1174	0
553	1174	0
555	1174	0
556	1174	0
557	1174	0
558	1174	0
560	1174	0
561	1174	0
562	1174	0
563	1174	0
565	1174	0
566	1174	0
567	1174	0
568	1174	0
569	1174	0
571	1174	0
574	1174	0
575	1174	0
576	1174	0
577	1174	0
579	1174	0
580	1174	0
581	1174	0
582	1174	0
583	1174	0
584	1174	1
585	1174	0
586	1174	1
588	1174	0
589	1174	0
591	1174	0
593	1174	0
595	1174	0
596	1174	0
597	1174	0
598	1174	0
599	1174	0
600	1174	0
601	1174	0
602	1174	0
604	1174	0
606	1174	0
607	1174	0
608	1174	0
609	1174	0
612	1174	0
613	1174	0
614	1174	0
615	1174	0
616	1174	0
617	1174	0
618	1174	0
619	1174	0
620	1174	0
621	1174	0
622	1174	0
624	1174	0
625	1174	0
627	1174	0
628	1174	0
630	1174	0
632	1174	0
633	1174	0
634	1174	0
635	1174	0
636	1174	0
637	1174	0
638	1174	1
639	1174	0
640	1174	0
641	1174	1
642	1174	0
643	1174	1
644	1174	0
645	1174	0
646	1174	0
648	1174	0
649	1174	1
650	1174	0
652	1174	0
653	1174	0
654	1174	0
655	1174	1
656	1174	0
657	1174	0
658	1174	0
659	1174	0
660	1174	0
661	1174	0
662	1174	1
663	1174	0
664	1174	0
665	1174	1
666	1174	0
667	1174	0
668	1174	0
669	1174	0
670	1174	0
671	1174	0
672	1174	0
673	1174	1
674	1174	0
675	1174	0
676	1174	0
677	1174	0
678	1174	0
679	1174	0
680	1174	0
681	1174	0
682	1174	0
683	1174	0
684	1174	0
685	1174	0
686	1174	0
687	1174	1
688	1174	0
689	1174	0
690	1174	0
691	1174	0
692	1174	1
693	1174	0
694	1174	0
695	1174	0
696	1174	0
698	1174	0
699	1174	0
700	1174	0
702	1174	0
703	1174	0
704	1174	0
705	1174	0
706	1174	1
707	1174	0
709	1174	0
710	1174	0
711	1174	0
712	1174	0
713	1174	0
714	1174	0
717	1174	0
718	1174	0
719	1174	0
720	1174	0
721	1174	0
722	1174	0
723	1174	0
724	1174	0
725	1174	0
726	1174	0
727	1174	0
728	1174	0
729	1174	1
730	1174	0
732	1174	0
733	1174	1
734	1174	0
735	1174	0
736	1174	0
737	1174	0
738	1174	0
739	1174	1
740	1174	0
741	1174	0
742	1174	0
745	1174	0
746	1174	0
747	1174	1
748	1174	0
749	1174	0
750	1174	1
752	1174	0
753	1174	0
754	1174	0
755	1174	0
756	1174	0
757	1174	0
758	1174	0
759	1174	1
760	1174	0
761	1174	0
762	1174	0
765	1174	0
766	1174	0
767	1174	0
768	1174	0
769	1174	0
770	1174	0
771	1174	0
772	1174	0
773	1174	0
775	1174	0
776	1174	0
777	1174	0
778	1174	0
779	1174	0
780	1174	0
781	1174	0
782	1174	0
783	1174	0
784	1174	0
785	1174	0
786	1174	0
787	1174	0
789	1174	0
790	1174	0
791	1174	0
792	1174	0
793	1174	0
794	1174	0
795	1174	0
796	1174	0
797	1174	0
799	1174	0
800	1174	0
801	1174	0
802	1174	0
803	1174	1
804	1174	0
805	1174	1
806	1174	1
807	1174	0
808	1174	0
810	1174	0
811	1174	0
814	1174	0
816	1174	0
818	1174	0
819	1174	0
820	1174	0
822	1174	0
823	1174	0
824	1174	0
825	1174	0
826	1174	0
827	1174	0
829	1174	0
830	1174	0
831	1174	0
832	1174	0
833	1174	0
834	1174	0
835	1174	1
836	1174	0
837	1174	0
838	1174	0
839	1174	0
840	1174	0
843	1174	0
844	1174	0
845	1174	0
848	1174	0
849	1174	0
850	1174	0
852	1174	0
853	1174	0
854	1174	0
855	1174	0
856	1174	0
857	1174	1
860	1174	0
861	1174	0
862	1174	0
863	1174	1
864	1174	0
866	1174	0
867	1174	0
868	1174	0
869	1174	0
870	1174	0
871	1174	0
872	1174	0
873	1174	0
874	1174	0
875	1174	0
876	1174	0
877	1174	0
880	1174	0
881	1174	1
882	1174	0
883	1174	0
884	1174	0
885	1174	0
887	1174	0
888	1174	0
889	1174	0
890	1174	0
891	1174	0
892	1174	0
893	1174	0
894	1174	0
895	1174	0
896	1174	0
897	1174	0
899	1174	0
900	1174	0
901	1174	0
902	1174	0
904	1174	0
905	1174	0
907	1174	0
910	1174	0
911	1174	0
912	1174	0
913	1174	0
914	1174	0
915	1174	0
916	1174	0
917	1174	0
918	1174	0
919	1174	0
921	1174	0
922	1174	0
923	1174	0
924	1174	0
925	1174	0
926	1174	0
927	1174	0
928	1174	0
929	1174	0
931	1174	1
933	1174	0
934	1174	0
935	1174	0
936	1174	1
937	1174	0
938	1174	1
939	1174	0
940	1174	1
941	1174	1
942	1174	0
943	1174	1
944	1174	0
945	1174	0
946	1174	0
948	1174	0
949	1174	0
950	1174	1
952	1174	0
953	1174	0
954	1174	1
955	1174	0
956	1174	0
957	1174	1
958	1174	0
959	1174	0
960	1174	1
961	1174	1
962	1174	0
963	1174	0
964	1174	0
965	1174	1
966	1174	1
967	1174	0
