0	1016	0
1	1016	0
2	1016	0
3	1016	0
4	1016	0
5	1016	1
6	1016	1
7	1016	0
8	1016	1
9	1016	1
10	1016	0
11	1016	1
12	1016	0
13	1016	0
14	1016	0
15	1016	0
16	1016	0
17	1016	0
18	1016	0
19	1016	0
20	1016	0
21	1016	0
22	1016	0
23	1016	1
24	1016	0
26	1016	0
27	1016	0
28	1016	0
29	1016	0
30	1016	0
31	1016	0
32	1016	0
33	1016	0
34	1016	0
35	1016	0
36	1016	0
37	1016	0
38	1016	0
39	1016	0
40	1016	0
42	1016	1
43	1016	0
44	1016	0
45	1016	0
46	1016	0
47	1016	0
48	1016	0
49	1016	0
50	1016	0
51	1016	0
52	1016	0
53	1016	0
54	1016	0
55	1016	0
56	1016	0
57	1016	0
58	1016	0
59	1016	1
60	1016	0
61	1016	0
62	1016	0
64	1016	0
65	1016	0
66	1016	0
67	1016	0
68	1016	0
69	1016	0
70	1016	0
71	1016	0
72	1016	0
73	1016	0
74	1016	0
75	1016	1
76	1016	0
77	1016	0
78	1016	0
79	1016	0
80	1016	0
81	1016	1
82	1016	0
83	1016	0
84	1016	0
85	1016	0
86	1016	0
87	1016	0
88	1016	0
89	1016	0
90	1016	0
91	1016	0
92	1016	0
93	1016	0
94	1016	0
95	1016	0
96	1016	0
97	1016	0
98	1016	0
99	1016	0
100	1016	0
101	1016	0
102	1016	0
103	1016	0
104	1016	0
105	1016	0
106	1016	0
109	1016	0
111	1016	1
112	1016	0
113	1016	0
114	1016	0
115	1016	0
116	1016	0
117	1016	0
118	1016	0
119	1016	0
120	1016	0
121	1016	0
122	1016	0
123	1016	0
124	1016	0
125	1016	0
130	1016	0
131	1016	0
132	1016	0
133	1016	0
134	1016	0
136	1016	0
137	1016	0
138	1016	0
139	1016	0
141	1016	0
142	1016	0
144	1016	0
146	1016	0
147	1016	0
149	1016	0
150	1016	1
151	1016	0
152	1016	0
153	1016	0
154	1016	0
155	1016	0
156	1016	0
157	1016	0
158	1016	0
159	1016	0
160	1016	0
161	1016	0
162	1016	0
163	1016	0
164	1016	0
165	1016	0
166	1016	0
168	1016	1
169	1016	0
170	1016	1
171	1016	0
172	1016	0
173	1016	0
174	1016	0
175	1016	0
177	1016	0
178	1016	0
179	1016	0
180	1016	0
181	1016	0
182	1016	0
183	1016	0
184	1016	0
187	1016	0
188	1016	1
189	1016	0
190	1016	0
191	1016	1
192	1016	0
193	1016	0
194	1016	0
195	1016	0
196	1016	0
197	1016	0
200	1016	0
201	1016	0
202	1016	0
203	1016	0
204	1016	0
206	1016	1
207	1016	0
208	1016	0
210	1016	0
211	1016	0
212	1016	0
213	1016	0
214	1016	0
216	1016	0
217	1016	0
218	1016	0
219	1016	1
220	1016	0
222	1016	0
223	1016	0
224	1016	0
225	1016	0
226	1016	0
227	1016	0
228	1016	0
229	1016	0
230	1016	0
231	1016	0
232	1016	0
233	1016	0
234	1016	0
235	1016	0
236	1016	0
237	1016	0
238	1016	0
239	1016	0
240	1016	0
241	1016	0
242	1016	0
244	1016	0
245	1016	0
246	1016	0
247	1016	0
248	1016	0
249	1016	1
250	1016	0
251	1016	0
252	1016	0
253	1016	0
254	1016	0
255	1016	0
256	1016	0
258	1016	1
259	1016	0
260	1016	0
261	1016	0
262	1016	0
263	1016	0
264	1016	0
265	1016	0
266	1016	0
267	1016	0
268	1016	0
269	1016	0
270	1016	0
271	1016	0
272	1016	0
273	1016	0
274	1016	0
275	1016	0
276	1016	0
277	1016	0
278	1016	0
279	1016	0
280	1016	0
281	1016	1
282	1016	0
283	1016	0
284	1016	0
285	1016	0
286	1016	1
288	1016	1
289	1016	0
290	1016	0
291	1016	0
292	1016	0
293	1016	0
294	1016	0
295	1016	0
296	1016	1
297	1016	0
298	1016	1
299	1016	0
300	1016	0
301	1016	0
302	1016	0
303	1016	1
304	1016	0
306	1016	0
307	1016	0
308	1016	0
309	1016	1
310	1016	0
311	1016	0
312	1016	0
313	1016	0
314	1016	0
315	1016	0
316	1016	0
317	1016	0
318	1016	0
319	1016	0
320	1016	0
321	1016	0
322	1016	0
323	1016	0
324	1016	0
325	1016	0
326	1016	0
327	1016	0
328	1016	1
329	1016	0
330	1016	0
331	1016	0
333	1016	1
334	1016	0
335	1016	0
336	1016	1
337	1016	0
338	1016	0
339	1016	0
340	1016	0
341	1016	0
342	1016	0
343	1016	0
344	1016	0
346	1016	0
347	1016	0
348	1016	0
349	1016	0
350	1016	0
354	1016	0
355	1016	0
356	1016	0
357	1016	0
358	1016	0
359	1016	0
360	1016	0
361	1016	0
363	1016	0
364	1016	0
365	1016	0
366	1016	0
367	1016	0
368	1016	0
370	1016	1
371	1016	0
372	1016	0
373	1016	0
374	1016	1
377	1016	0
378	1016	0
379	1016	0
380	1016	0
381	1016	0
382	1016	0
383	1016	0
384	1016	0
385	1016	0
386	1016	0
387	1016	0
390	1016	0
391	1016	0
393	1016	0
394	1016	0
395	1016	0
396	1016	0
397	1016	0
398	1016	0
399	1016	0
400	1016	0
401	1016	0
402	1016	0
403	1016	0
404	1016	1
405	1016	0
406	1016	0
408	1016	0
409	1016	0
410	1016	0
411	1016	0
412	1016	0
413	1016	1
414	1016	0
415	1016	0
416	1016	0
417	1016	1
418	1016	0
419	1016	0
420	1016	0
421	1016	0
422	1016	0
423	1016	0
424	1016	0
425	1016	0
426	1016	0
427	1016	0
428	1016	0
429	1016	0
430	1016	0
431	1016	0
432	1016	0
433	1016	0
434	1016	0
435	1016	0
436	1016	0
437	1016	1
438	1016	0
439	1016	0
440	1016	0
441	1016	0
442	1016	0
443	1016	0
444	1016	0
445	1016	0
446	1016	0
447	1016	0
448	1016	0
449	1016	0
450	1016	0
451	1016	0
452	1016	0
453	1016	0
454	1016	0
455	1016	0
456	1016	1
457	1016	0
458	1016	0
459	1016	0
460	1016	0
461	1016	0
462	1016	0
463	1016	0
464	1016	0
465	1016	0
466	1016	1
467	1016	0
468	1016	0
469	1016	0
470	1016	0
471	1016	0
472	1016	0
473	1016	0
474	1016	0
475	1016	0
476	1016	0
477	1016	0
478	1016	0
480	1016	0
481	1016	0
482	1016	0
483	1016	0
484	1016	0
485	1016	0
486	1016	1
487	1016	0
489	1016	0
490	1016	0
491	1016	0
492	1016	1
493	1016	0
495	1016	0
496	1016	0
497	1016	0
499	1016	0
500	1016	0
501	1016	0
502	1016	0
503	1016	0
505	1016	1
508	1016	0
509	1016	0
510	1016	0
511	1016	0
512	1016	0
513	1016	0
514	1016	0
515	1016	0
516	1016	0
517	1016	0
518	1016	1
519	1016	0
520	1016	1
521	1016	0
522	1016	0
523	1016	0
524	1016	0
525	1016	0
527	1016	0
528	1016	0
529	1016	0
533	1016	0
534	1016	0
536	1016	0
537	1016	0
538	1016	0
540	1016	0
541	1016	0
542	1016	0
543	1016	0
544	1016	0
546	1016	0
547	1016	0
548	1016	0
549	1016	0
550	1016	0
551	1016	0
553	1016	0
554	1016	0
555	1016	0
556	1016	0
557	1016	0
558	1016	0
559	1016	0
560	1016	0
561	1016	0
562	1016	0
563	1016	0
564	1016	0
565	1016	0
566	1016	0
567	1016	0
568	1016	0
569	1016	0
570	1016	0
571	1016	0
572	1016	0
573	1016	0
574	1016	0
575	1016	0
576	1016	0
577	1016	0
578	1016	0
579	1016	0
580	1016	0
582	1016	0
583	1016	0
584	1016	0
585	1016	0
586	1016	0
587	1016	1
588	1016	0
589	1016	0
590	1016	0
591	1016	0
592	1016	0
593	1016	0
594	1016	0
595	1016	0
596	1016	0
597	1016	0
598	1016	0
599	1016	0
600	1016	0
601	1016	0
602	1016	0
604	1016	0
605	1016	0
606	1016	0
607	1016	0
608	1016	0
609	1016	0
611	1016	0
612	1016	0
613	1016	0
614	1016	0
615	1016	0
616	1016	0
617	1016	0
618	1016	0
620	1016	0
621	1016	0
622	1016	0
624	1016	0
625	1016	0
626	1016	0
627	1016	0
628	1016	0
630	1016	0
631	1016	0
632	1016	1
633	1016	0
635	1016	0
636	1016	0
637	1016	0
640	1016	0
641	1016	0
642	1016	0
643	1016	0
644	1016	0
645	1016	0
646	1016	0
647	1016	0
648	1016	0
649	1016	0
650	1016	0
651	1016	0
652	1016	1
653	1016	0
654	1016	0
655	1016	0
658	1016	0
659	1016	0
661	1016	0
662	1016	0
663	1016	0
664	1016	1
666	1016	0
667	1016	0
668	1016	0
669	1016	0
670	1016	0
671	1016	0
672	1016	0
673	1016	0
674	1016	0
675	1016	0
676	1016	0
680	1016	0
682	1016	0
683	1016	0
684	1016	0
685	1016	0
686	1016	0
688	1016	0
689	1016	0
690	1016	0
691	1016	0
692	1016	0
693	1016	0
694	1016	0
695	1016	0
696	1016	0
697	1016	0
698	1016	0
699	1016	0
700	1016	0
701	1016	0
702	1016	0
703	1016	0
704	1016	0
705	1016	0
706	1016	0
707	1016	0
708	1016	0
709	1016	0
710	1016	0
711	1016	0
713	1016	0
714	1016	0
715	1016	0
716	1016	0
717	1016	0
718	1016	1
720	1016	0
721	1016	0
722	1016	0
728	1016	0
730	1016	0
731	1016	0
732	1016	0
733	1016	0
734	1016	0
735	1016	0
736	1016	0
737	1016	0
738	1016	0
739	1016	0
740	1016	0
741	1016	0
742	1016	0
744	1016	0
745	1016	0
746	1016	1
747	1016	0
748	1016	0
749	1016	0
750	1016	0
751	1016	0
752	1016	0
753	1016	0
754	1016	0
755	1016	0
756	1016	1
757	1016	0
758	1016	0
759	1016	0
760	1016	0
761	1016	0
762	1016	0
763	1016	0
764	1016	0
765	1016	0
766	1016	0
767	1016	0
768	1016	0
769	1016	0
770	1016	1
771	1016	0
772	1016	0
773	1016	0
774	1016	1
775	1016	0
776	1016	0
777	1016	0
778	1016	1
779	1016	0
780	1016	0
783	1016	0
784	1016	1
785	1016	0
786	1016	0
787	1016	0
788	1016	0
789	1016	0
790	1016	0
791	1016	0
794	1016	0
796	1016	0
797	1016	0
798	1016	1
799	1016	0
800	1016	0
801	1016	0
802	1016	0
803	1016	0
804	1016	0
806	1016	0
807	1016	0
808	1016	0
809	1016	0
810	1016	0
811	1016	0
814	1016	0
816	1016	0
817	1016	0
819	1016	0
820	1016	1
821	1016	0
824	1016	0
825	1016	0
827	1016	0
828	1016	0
830	1016	0
831	1016	0
832	1016	1
833	1016	0
834	1016	1
835	1016	0
836	1016	0
837	1016	0
839	1016	0
840	1016	0
841	1016	0
843	1016	0
844	1016	0
845	1016	0
846	1016	0
847	1016	0
848	1016	0
849	1016	1
850	1016	0
851	1016	0
852	1016	0
853	1016	1
854	1016	0
855	1016	0
856	1016	0
857	1016	0
858	1016	0
859	1016	0
860	1016	0
861	1016	0
862	1016	0
863	1016	0
864	1016	0
865	1016	0
866	1016	0
867	1016	0
868	1016	0
869	1016	0
870	1016	0
872	1016	0
873	1016	0
874	1016	0
875	1016	0
876	1016	0
877	1016	0
879	1016	0
880	1016	0
881	1016	0
882	1016	1
883	1016	0
884	1016	0
885	1016	0
886	1016	0
887	1016	0
888	1016	0
889	1016	0
890	1016	0
891	1016	0
892	1016	1
893	1016	0
894	1016	0
895	1016	0
896	1016	0
897	1016	0
898	1016	0
900	1016	0
901	1016	0
902	1016	0
903	1016	0
904	1016	0
905	1016	0
906	1016	0
907	1016	0
908	1016	0
909	1016	0
911	1016	0
912	1016	0
913	1016	0
914	1016	0
916	1016	0
917	1016	0
918	1016	0
919	1016	0
920	1016	0
921	1016	0
922	1016	0
923	1016	0
924	1016	0
925	1016	0
927	1016	0
928	1016	0
930	1016	0
931	1016	0
933	1016	0
934	1016	0
936	1016	0
937	1016	0
939	1016	0
940	1016	0
941	1016	0
942	1016	0
943	1016	0
944	1016	0
945	1016	0
946	1016	0
947	1016	1
948	1016	0
949	1016	0
950	1016	0
952	1016	0
953	1016	0
954	1016	0
955	1016	0
956	1016	0
958	1016	1
961	1016	0
962	1016	0
963	1016	0
964	1016	0
965	1016	0
966	1016	0
967	1016	0
