1	1203	0
2	1203	0
3	1203	0
4	1203	0
5	1203	0
6	1203	1
7	1203	0
8	1203	0
9	1203	0
10	1203	0
11	1203	0
12	1203	0
13	1203	0
14	1203	0
15	1203	0
16	1203	0
17	1203	0
18	1203	1
19	1203	1
20	1203	0
21	1203	0
22	1203	0
23	1203	0
24	1203	0
25	1203	0
26	1203	1
27	1203	0
28	1203	0
29	1203	0
31	1203	0
32	1203	0
33	1203	0
34	1203	0
35	1203	0
36	1203	0
37	1203	1
38	1203	1
39	1203	0
40	1203	0
41	1203	0
43	1203	0
44	1203	0
45	1203	1
46	1203	0
47	1203	0
48	1203	1
49	1203	0
50	1203	0
51	1203	0
52	1203	0
53	1203	0
54	1203	0
55	1203	0
56	1203	0
58	1203	0
59	1203	1
60	1203	0
61	1203	0
62	1203	0
63	1203	0
64	1203	0
65	1203	0
66	1203	1
67	1203	0
68	1203	0
69	1203	0
70	1203	0
71	1203	0
72	1203	0
73	1203	0
74	1203	0
75	1203	0
77	1203	1
78	1203	1
79	1203	0
80	1203	0
81	1203	1
82	1203	1
83	1203	0
84	1203	0
85	1203	0
86	1203	0
87	1203	0
88	1203	0
89	1203	0
90	1203	0
91	1203	0
92	1203	0
93	1203	0
94	1203	0
95	1203	0
96	1203	0
97	1203	0
98	1203	0
99	1203	0
100	1203	1
101	1203	0
102	1203	0
103	1203	0
104	1203	0
105	1203	0
106	1203	0
107	1203	0
108	1203	0
109	1203	0
110	1203	0
111	1203	0
112	1203	0
113	1203	0
114	1203	0
115	1203	0
116	1203	0
117	1203	0
118	1203	0
119	1203	0
120	1203	0
121	1203	0
122	1203	0
123	1203	0
124	1203	0
125	1203	0
128	1203	0
129	1203	0
130	1203	0
131	1203	0
132	1203	0
133	1203	0
134	1203	1
135	1203	1
136	1203	0
137	1203	0
138	1203	0
139	1203	0
140	1203	0
141	1203	0
142	1203	0
143	1203	0
144	1203	0
145	1203	0
146	1203	0
147	1203	0
148	1203	1
149	1203	0
150	1203	0
151	1203	0
152	1203	0
153	1203	0
154	1203	1
155	1203	0
156	1203	0
158	1203	0
159	1203	0
160	1203	0
161	1203	0
162	1203	0
163	1203	0
165	1203	0
166	1203	0
167	1203	1
168	1203	0
169	1203	0
170	1203	0
171	1203	0
172	1203	0
173	1203	0
174	1203	0
175	1203	1
177	1203	0
178	1203	0
179	1203	0
180	1203	0
181	1203	0
182	1203	0
183	1203	0
184	1203	0
185	1203	0
186	1203	0
187	1203	0
188	1203	0
189	1203	0
190	1203	0
191	1203	1
192	1203	0
193	1203	0
194	1203	0
195	1203	0
196	1203	0
197	1203	1
198	1203	1
199	1203	0
200	1203	0
201	1203	0
202	1203	1
203	1203	0
204	1203	0
206	1203	0
207	1203	1
208	1203	0
209	1203	0
210	1203	0
211	1203	0
212	1203	0
213	1203	0
214	1203	0
215	1203	0
216	1203	0
217	1203	0
218	1203	0
219	1203	0
220	1203	1
221	1203	1
222	1203	0
223	1203	0
224	1203	0
226	1203	0
227	1203	0
228	1203	0
229	1203	0
230	1203	0
231	1203	0
232	1203	1
233	1203	1
235	1203	0
236	1203	0
237	1203	0
238	1203	0
239	1203	0
240	1203	0
241	1203	0
242	1203	0
243	1203	0
244	1203	0
245	1203	0
246	1203	0
247	1203	0
248	1203	0
249	1203	0
250	1203	0
251	1203	0
252	1203	0
253	1203	0
254	1203	0
255	1203	0
256	1203	0
257	1203	0
258	1203	0
259	1203	0
260	1203	0
261	1203	0
262	1203	0
263	1203	0
264	1203	0
265	1203	0
266	1203	0
267	1203	0
268	1203	0
270	1203	0
271	1203	0
272	1203	0
273	1203	0
274	1203	0
275	1203	0
276	1203	0
277	1203	1
278	1203	0
279	1203	0
280	1203	0
281	1203	0
282	1203	0
283	1203	0
284	1203	0
285	1203	0
286	1203	1
287	1203	0
288	1203	1
289	1203	0
290	1203	0
291	1203	0
292	1203	0
293	1203	0
294	1203	0
295	1203	0
296	1203	0
297	1203	0
298	1203	0
299	1203	0
300	1203	0
301	1203	0
302	1203	0
303	1203	0
304	1203	0
305	1203	0
306	1203	0
307	1203	0
308	1203	1
309	1203	0
310	1203	0
311	1203	1
312	1203	0
313	1203	0
314	1203	0
315	1203	0
316	1203	0
317	1203	0
318	1203	0
319	1203	0
320	1203	0
321	1203	0
322	1203	0
323	1203	1
324	1203	0
325	1203	0
326	1203	0
327	1203	0
328	1203	1
329	1203	1
330	1203	1
331	1203	1
332	1203	0
333	1203	1
334	1203	0
335	1203	0
336	1203	0
337	1203	0
338	1203	0
339	1203	0
340	1203	0
341	1203	0
342	1203	0
343	1203	1
344	1203	0
345	1203	0
346	1203	0
347	1203	0
348	1203	0
349	1203	1
350	1203	1
351	1203	0
352	1203	0
354	1203	0
355	1203	0
356	1203	0
357	1203	0
358	1203	0
359	1203	0
360	1203	0
362	1203	0
363	1203	1
364	1203	0
365	1203	0
366	1203	0
367	1203	0
368	1203	0
369	1203	0
370	1203	0
371	1203	0
372	1203	0
373	1203	0
374	1203	0
375	1203	0
376	1203	0
377	1203	0
378	1203	0
379	1203	1
380	1203	0
381	1203	1
382	1203	0
383	1203	0
384	1203	0
385	1203	0
386	1203	0
387	1203	0
388	1203	0
389	1203	0
391	1203	0
392	1203	0
393	1203	0
394	1203	0
395	1203	0
396	1203	0
397	1203	0
398	1203	0
399	1203	0
400	1203	0
401	1203	1
402	1203	0
403	1203	0
404	1203	0
405	1203	0
406	1203	0
407	1203	0
408	1203	1
410	1203	0
411	1203	0
412	1203	0
413	1203	0
414	1203	0
415	1203	0
416	1203	0
417	1203	0
418	1203	0
419	1203	0
420	1203	0
421	1203	0
422	1203	0
423	1203	0
424	1203	0
425	1203	0
426	1203	0
427	1203	0
428	1203	0
429	1203	0
430	1203	0
431	1203	0
432	1203	0
433	1203	0
434	1203	0
435	1203	0
436	1203	0
437	1203	0
438	1203	0
439	1203	0
440	1203	0
441	1203	0
442	1203	0
443	1203	1
444	1203	1
445	1203	0
446	1203	0
447	1203	0
448	1203	0
449	1203	0
450	1203	0
451	1203	0
452	1203	0
453	1203	0
454	1203	0
455	1203	0
456	1203	0
457	1203	0
458	1203	0
459	1203	0
460	1203	0
461	1203	1
462	1203	0
463	1203	0
464	1203	0
465	1203	1
466	1203	0
467	1203	0
468	1203	0
469	1203	0
470	1203	0
471	1203	0
472	1203	0
473	1203	0
474	1203	0
475	1203	0
476	1203	0
477	1203	1
478	1203	0
479	1203	1
480	1203	0
481	1203	0
482	1203	0
483	1203	0
484	1203	0
485	1203	0
486	1203	0
487	1203	0
488	1203	1
489	1203	0
491	1203	0
493	1203	0
494	1203	0
495	1203	0
496	1203	0
497	1203	0
499	1203	0
500	1203	0
501	1203	0
502	1203	0
503	1203	0
504	1203	0
505	1203	1
506	1203	0
507	1203	1
508	1203	0
509	1203	0
510	1203	0
511	1203	0
512	1203	0
513	1203	0
514	1203	0
515	1203	0
516	1203	0
517	1203	0
518	1203	0
519	1203	0
520	1203	0
521	1203	0
522	1203	0
523	1203	0
524	1203	0
525	1203	0
527	1203	0
528	1203	0
529	1203	1
530	1203	0
531	1203	0
533	1203	0
534	1203	0
535	1203	0
536	1203	0
537	1203	0
538	1203	0
539	1203	1
540	1203	0
541	1203	0
542	1203	1
543	1203	0
544	1203	0
545	1203	0
546	1203	0
547	1203	0
548	1203	0
549	1203	0
550	1203	0
551	1203	0
552	1203	0
553	1203	0
554	1203	0
555	1203	0
556	1203	0
557	1203	0
558	1203	0
560	1203	0
561	1203	0
562	1203	0
563	1203	0
564	1203	0
565	1203	0
566	1203	0
567	1203	0
568	1203	0
569	1203	0
570	1203	0
571	1203	0
572	1203	0
574	1203	0
575	1203	0
576	1203	0
577	1203	0
578	1203	0
579	1203	0
581	1203	0
582	1203	0
583	1203	0
584	1203	0
585	1203	0
586	1203	0
587	1203	0
588	1203	0
589	1203	1
590	1203	0
591	1203	0
593	1203	0
594	1203	0
595	1203	0
596	1203	0
597	1203	0
598	1203	0
599	1203	0
600	1203	0
601	1203	0
602	1203	0
604	1203	0
605	1203	1
607	1203	0
608	1203	0
609	1203	0
611	1203	0
612	1203	1
614	1203	0
615	1203	0
616	1203	1
617	1203	0
618	1203	0
619	1203	0
622	1203	0
624	1203	1
625	1203	0
626	1203	0
627	1203	0
628	1203	0
630	1203	0
632	1203	0
633	1203	0
634	1203	0
635	1203	0
636	1203	0
637	1203	0
638	1203	0
639	1203	0
640	1203	0
641	1203	1
642	1203	0
643	1203	0
644	1203	0
645	1203	0
646	1203	1
647	1203	0
648	1203	0
649	1203	0
650	1203	0
651	1203	0
652	1203	0
653	1203	0
654	1203	0
655	1203	0
656	1203	0
657	1203	0
658	1203	0
659	1203	0
660	1203	0
661	1203	0
662	1203	0
663	1203	0
664	1203	0
665	1203	0
666	1203	0
667	1203	0
669	1203	0
670	1203	0
671	1203	0
672	1203	0
673	1203	0
674	1203	0
675	1203	0
676	1203	0
677	1203	0
678	1203	0
679	1203	0
680	1203	0
681	1203	0
682	1203	0
683	1203	0
684	1203	0
685	1203	0
686	1203	0
687	1203	0
688	1203	0
689	1203	0
690	1203	0
691	1203	0
692	1203	1
693	1203	0
694	1203	0
696	1203	0
697	1203	1
698	1203	0
699	1203	0
700	1203	0
701	1203	0
702	1203	0
703	1203	0
704	1203	0
705	1203	0
706	1203	0
707	1203	0
708	1203	0
709	1203	0
710	1203	0
711	1203	0
712	1203	0
713	1203	0
714	1203	1
715	1203	0
716	1203	0
717	1203	0
718	1203	0
719	1203	0
720	1203	0
721	1203	1
722	1203	0
723	1203	0
724	1203	0
725	1203	0
726	1203	0
727	1203	0
729	1203	0
730	1203	0
731	1203	0
732	1203	0
733	1203	0
734	1203	0
735	1203	0
736	1203	0
737	1203	0
738	1203	1
739	1203	1
740	1203	1
741	1203	1
742	1203	1
743	1203	0
744	1203	0
745	1203	0
746	1203	0
747	1203	0
748	1203	0
749	1203	1
750	1203	0
751	1203	0
752	1203	0
753	1203	0
754	1203	0
755	1203	0
756	1203	0
758	1203	0
759	1203	0
760	1203	0
761	1203	0
762	1203	0
764	1203	0
765	1203	0
766	1203	0
767	1203	0
768	1203	0
769	1203	0
770	1203	0
771	1203	0
772	1203	0
773	1203	0
775	1203	0
776	1203	0
777	1203	0
778	1203	0
779	1203	0
780	1203	0
781	1203	0
782	1203	0
783	1203	0
784	1203	0
785	1203	0
786	1203	0
787	1203	0
788	1203	0
789	1203	0
790	1203	1
791	1203	0
792	1203	0
793	1203	0
794	1203	0
795	1203	0
796	1203	0
797	1203	0
798	1203	0
799	1203	0
800	1203	0
801	1203	0
802	1203	0
803	1203	0
804	1203	0
805	1203	0
806	1203	0
807	1203	0
808	1203	0
809	1203	0
810	1203	0
811	1203	0
812	1203	0
814	1203	0
816	1203	0
817	1203	0
818	1203	0
819	1203	0
820	1203	0
822	1203	0
823	1203	0
824	1203	0
825	1203	0
826	1203	0
827	1203	0
829	1203	1
830	1203	1
831	1203	0
832	1203	1
833	1203	0
834	1203	0
835	1203	0
836	1203	0
838	1203	0
839	1203	0
840	1203	0
841	1203	0
842	1203	0
843	1203	0
844	1203	1
845	1203	0
846	1203	0
847	1203	1
848	1203	0
849	1203	1
850	1203	1
851	1203	0
852	1203	0
853	1203	0
854	1203	0
855	1203	0
856	1203	0
857	1203	0
858	1203	0
859	1203	0
860	1203	0
861	1203	0
863	1203	0
864	1203	1
865	1203	1
866	1203	1
867	1203	0
868	1203	0
869	1203	0
870	1203	0
871	1203	1
872	1203	0
873	1203	0
874	1203	0
875	1203	0
876	1203	0
877	1203	0
878	1203	0
880	1203	0
881	1203	0
882	1203	1
883	1203	0
884	1203	0
885	1203	0
886	1203	0
887	1203	0
888	1203	0
889	1203	0
890	1203	0
891	1203	1
892	1203	0
893	1203	0
894	1203	0
895	1203	0
896	1203	1
897	1203	0
898	1203	0
899	1203	0
900	1203	1
901	1203	0
902	1203	0
903	1203	1
904	1203	1
905	1203	0
907	1203	0
908	1203	0
909	1203	0
910	1203	0
911	1203	1
912	1203	0
913	1203	0
914	1203	0
915	1203	0
916	1203	0
917	1203	0
918	1203	0
919	1203	0
920	1203	0
921	1203	0
922	1203	0
923	1203	1
924	1203	0
925	1203	0
926	1203	0
927	1203	0
928	1203	0
929	1203	0
930	1203	0
931	1203	0
933	1203	1
934	1203	0
935	1203	0
936	1203	0
937	1203	0
939	1203	0
940	1203	0
941	1203	0
942	1203	1
943	1203	0
944	1203	0
945	1203	0
946	1203	0
947	1203	0
948	1203	1
949	1203	0
950	1203	0
953	1203	0
954	1203	0
955	1203	0
957	1203	0
958	1203	0
959	1203	0
960	1203	0
961	1203	0
962	1203	1
963	1203	0
964	1203	0
965	1203	1
966	1203	0
967	1203	1
