0	1185	0
1	1185	0
2	1185	1
3	1185	0
4	1185	0
5	1185	0
6	1185	0
7	1185	0
8	1185	0
9	1185	1
10	1185	0
11	1185	0
12	1185	0
13	1185	0
14	1185	0
16	1185	0
17	1185	0
18	1185	0
19	1185	0
20	1185	0
21	1185	0
22	1185	0
23	1185	0
24	1185	1
25	1185	0
26	1185	0
27	1185	1
28	1185	0
29	1185	1
30	1185	0
31	1185	1
32	1185	0
33	1185	0
34	1185	0
36	1185	0
37	1185	0
38	1185	0
39	1185	0
40	1185	0
41	1185	0
42	1185	0
43	1185	1
44	1185	0
45	1185	0
46	1185	0
47	1185	0
48	1185	0
49	1185	1
50	1185	0
51	1185	0
52	1185	0
53	1185	1
54	1185	0
55	1185	0
56	1185	0
58	1185	0
59	1185	0
60	1185	1
61	1185	0
63	1185	0
64	1185	0
65	1185	0
66	1185	0
67	1185	0
68	1185	0
69	1185	0
70	1185	0
71	1185	0
72	1185	0
73	1185	0
74	1185	0
75	1185	0
77	1185	0
78	1185	1
79	1185	0
80	1185	0
81	1185	1
82	1185	1
83	1185	0
84	1185	0
86	1185	0
88	1185	0
89	1185	0
90	1185	0
91	1185	0
92	1185	0
94	1185	0
95	1185	0
96	1185	0
97	1185	0
98	1185	0
100	1185	0
101	1185	0
102	1185	0
103	1185	0
104	1185	0
105	1185	0
106	1185	0
107	1185	0
108	1185	0
109	1185	0
110	1185	0
111	1185	0
112	1185	0
113	1185	0
114	1185	0
115	1185	0
116	1185	0
117	1185	0
118	1185	0
120	1185	0
121	1185	0
122	1185	0
123	1185	0
124	1185	0
125	1185	0
129	1185	0
130	1185	0
131	1185	0
132	1185	0
133	1185	0
134	1185	0
135	1185	0
136	1185	0
137	1185	0
138	1185	0
139	1185	0
140	1185	0
141	1185	1
142	1185	0
143	1185	1
144	1185	0
145	1185	1
146	1185	0
147	1185	0
148	1185	1
149	1185	0
150	1185	0
151	1185	0
153	1185	0
154	1185	0
155	1185	0
156	1185	1
157	1185	0
158	1185	1
159	1185	0
160	1185	1
161	1185	0
162	1185	0
163	1185	0
165	1185	1
166	1185	0
167	1185	0
168	1185	0
169	1185	1
170	1185	0
171	1185	0
172	1185	0
173	1185	0
174	1185	0
175	1185	0
177	1185	0
178	1185	0
179	1185	0
180	1185	0
181	1185	0
182	1185	0
183	1185	0
184	1185	0
186	1185	0
187	1185	0
189	1185	0
190	1185	0
191	1185	0
192	1185	0
194	1185	0
195	1185	0
196	1185	1
197	1185	0
198	1185	0
199	1185	0
200	1185	0
201	1185	0
202	1185	1
203	1185	0
204	1185	0
206	1185	0
207	1185	0
208	1185	0
209	1185	0
210	1185	0
211	1185	0
212	1185	1
213	1185	0
214	1185	1
215	1185	1
216	1185	0
217	1185	0
218	1185	1
219	1185	0
220	1185	0
221	1185	0
223	1185	1
224	1185	0
225	1185	0
226	1185	0
227	1185	0
228	1185	0
229	1185	0
230	1185	0
231	1185	0
232	1185	0
233	1185	0
234	1185	0
235	1185	0
236	1185	0
237	1185	0
238	1185	0
239	1185	0
240	1185	0
241	1185	0
242	1185	0
244	1185	0
245	1185	0
246	1185	0
247	1185	0
248	1185	0
249	1185	1
250	1185	0
251	1185	0
252	1185	0
253	1185	1
254	1185	0
255	1185	0
256	1185	0
257	1185	0
258	1185	1
259	1185	0
262	1185	0
263	1185	0
264	1185	0
265	1185	0
266	1185	0
267	1185	0
268	1185	0
270	1185	0
271	1185	0
272	1185	0
273	1185	0
274	1185	1
275	1185	0
276	1185	0
277	1185	0
278	1185	0
279	1185	0
280	1185	0
281	1185	0
282	1185	0
283	1185	0
284	1185	0
285	1185	0
286	1185	0
287	1185	0
288	1185	0
289	1185	0
290	1185	1
291	1185	0
292	1185	0
293	1185	0
294	1185	0
295	1185	0
296	1185	0
297	1185	0
298	1185	0
299	1185	0
300	1185	0
302	1185	0
303	1185	0
304	1185	0
305	1185	0
306	1185	0
307	1185	0
308	1185	1
309	1185	0
310	1185	1
311	1185	0
312	1185	0
313	1185	0
314	1185	0
316	1185	0
317	1185	0
318	1185	0
319	1185	0
320	1185	0
321	1185	1
322	1185	0
323	1185	0
324	1185	0
325	1185	0
326	1185	0
327	1185	0
328	1185	0
329	1185	0
330	1185	0
331	1185	0
332	1185	0
333	1185	0
334	1185	0
335	1185	0
336	1185	0
337	1185	1
338	1185	1
339	1185	0
340	1185	0
341	1185	0
342	1185	0
343	1185	0
344	1185	0
345	1185	1
346	1185	1
347	1185	1
348	1185	0
349	1185	0
350	1185	0
351	1185	0
352	1185	0
353	1185	0
354	1185	0
355	1185	0
356	1185	0
357	1185	0
358	1185	0
359	1185	0
360	1185	0
361	1185	0
362	1185	0
363	1185	0
364	1185	0
365	1185	0
366	1185	0
367	1185	0
368	1185	0
369	1185	1
370	1185	1
371	1185	0
372	1185	1
373	1185	1
374	1185	0
375	1185	1
376	1185	0
377	1185	0
378	1185	0
379	1185	0
380	1185	0
381	1185	0
382	1185	0
383	1185	0
384	1185	0
385	1185	0
386	1185	0
387	1185	0
388	1185	0
389	1185	0
390	1185	0
391	1185	0
392	1185	0
393	1185	0
394	1185	0
395	1185	0
396	1185	0
397	1185	0
398	1185	0
399	1185	0
400	1185	0
402	1185	0
403	1185	0
404	1185	0
405	1185	0
406	1185	0
407	1185	0
408	1185	0
409	1185	0
410	1185	0
411	1185	0
412	1185	0
413	1185	0
414	1185	0
416	1185	0
417	1185	0
418	1185	0
419	1185	0
420	1185	0
421	1185	0
422	1185	0
423	1185	0
424	1185	0
425	1185	0
426	1185	0
427	1185	1
428	1185	0
429	1185	0
430	1185	0
431	1185	0
432	1185	0
433	1185	1
434	1185	0
435	1185	0
436	1185	0
437	1185	0
439	1185	0
440	1185	0
441	1185	0
442	1185	1
443	1185	0
444	1185	0
445	1185	0
446	1185	0
449	1185	0
450	1185	0
451	1185	0
452	1185	0
453	1185	0
454	1185	0
455	1185	0
456	1185	0
457	1185	0
458	1185	0
459	1185	0
460	1185	0
461	1185	0
462	1185	0
463	1185	0
464	1185	0
465	1185	0
466	1185	0
467	1185	0
468	1185	0
470	1185	0
471	1185	1
472	1185	0
473	1185	1
474	1185	0
475	1185	0
476	1185	0
477	1185	0
478	1185	0
479	1185	0
480	1185	0
481	1185	0
482	1185	0
483	1185	0
484	1185	0
485	1185	0
486	1185	0
487	1185	0
488	1185	0
489	1185	0
490	1185	0
491	1185	0
492	1185	0
493	1185	0
494	1185	0
495	1185	0
496	1185	0
497	1185	0
498	1185	0
500	1185	0
501	1185	0
502	1185	0
503	1185	0
504	1185	1
505	1185	0
506	1185	0
508	1185	0
509	1185	1
510	1185	0
511	1185	0
512	1185	0
513	1185	0
514	1185	0
515	1185	0
516	1185	0
517	1185	0
518	1185	0
519	1185	0
520	1185	0
521	1185	0
522	1185	0
523	1185	1
525	1185	0
526	1185	1
527	1185	0
528	1185	0
529	1185	0
530	1185	0
531	1185	1
533	1185	1
534	1185	0
535	1185	0
536	1185	0
537	1185	0
538	1185	0
539	1185	0
540	1185	0
541	1185	1
542	1185	0
543	1185	0
544	1185	0
545	1185	0
546	1185	0
547	1185	0
548	1185	0
549	1185	0
550	1185	0
551	1185	0
552	1185	0
553	1185	0
554	1185	0
555	1185	0
556	1185	0
557	1185	0
558	1185	0
559	1185	0
560	1185	0
561	1185	0
562	1185	0
563	1185	0
564	1185	0
565	1185	0
567	1185	0
568	1185	0
569	1185	0
570	1185	0
571	1185	0
572	1185	0
573	1185	0
574	1185	0
575	1185	0
576	1185	0
577	1185	0
578	1185	0
579	1185	1
580	1185	1
581	1185	0
582	1185	0
583	1185	0
584	1185	0
585	1185	0
586	1185	0
587	1185	0
588	1185	0
589	1185	0
590	1185	0
591	1185	0
593	1185	0
595	1185	0
596	1185	1
597	1185	0
599	1185	0
600	1185	0
601	1185	0
602	1185	1
604	1185	0
605	1185	1
606	1185	0
607	1185	0
608	1185	0
609	1185	0
612	1185	0
613	1185	0
614	1185	0
615	1185	0
616	1185	0
617	1185	0
618	1185	0
619	1185	0
620	1185	0
621	1185	0
622	1185	0
624	1185	0
625	1185	0
627	1185	0
628	1185	0
633	1185	0
634	1185	0
635	1185	0
636	1185	0
637	1185	0
638	1185	1
639	1185	0
640	1185	0
641	1185	0
642	1185	0
643	1185	0
644	1185	0
645	1185	0
646	1185	0
647	1185	0
648	1185	0
649	1185	0
650	1185	1
651	1185	0
653	1185	0
654	1185	0
655	1185	0
656	1185	0
657	1185	0
658	1185	0
659	1185	0
660	1185	0
661	1185	0
662	1185	0
663	1185	0
664	1185	0
665	1185	1
666	1185	0
667	1185	1
668	1185	0
669	1185	0
670	1185	0
671	1185	0
672	1185	0
673	1185	0
674	1185	0
675	1185	0
676	1185	0
677	1185	0
678	1185	0
679	1185	0
680	1185	0
681	1185	0
682	1185	0
683	1185	0
684	1185	0
685	1185	0
686	1185	0
687	1185	0
688	1185	0
689	1185	1
690	1185	1
691	1185	0
692	1185	1
693	1185	0
694	1185	0
695	1185	0
696	1185	0
697	1185	1
698	1185	0
699	1185	0
700	1185	0
701	1185	0
702	1185	0
703	1185	0
704	1185	0
705	1185	0
706	1185	0
707	1185	0
708	1185	0
709	1185	0
710	1185	0
711	1185	0
712	1185	0
713	1185	0
714	1185	0
716	1185	0
717	1185	0
718	1185	0
719	1185	0
720	1185	0
721	1185	0
722	1185	0
723	1185	0
724	1185	0
725	1185	1
726	1185	1
727	1185	1
728	1185	1
729	1185	1
730	1185	0
731	1185	0
732	1185	0
734	1185	0
735	1185	0
736	1185	0
737	1185	0
738	1185	0
739	1185	0
740	1185	0
741	1185	0
742	1185	0
745	1185	0
746	1185	0
747	1185	0
748	1185	0
749	1185	1
750	1185	1
751	1185	0
752	1185	0
753	1185	0
754	1185	1
755	1185	0
756	1185	0
757	1185	0
758	1185	0
759	1185	0
760	1185	0
761	1185	0
762	1185	0
764	1185	0
765	1185	1
766	1185	0
767	1185	0
768	1185	0
769	1185	0
770	1185	0
771	1185	0
772	1185	0
773	1185	0
775	1185	0
779	1185	0
780	1185	0
781	1185	0
782	1185	0
783	1185	0
784	1185	1
785	1185	0
786	1185	0
787	1185	0
790	1185	0
792	1185	0
793	1185	0
794	1185	0
795	1185	0
796	1185	0
797	1185	0
798	1185	0
799	1185	0
800	1185	0
801	1185	0
802	1185	0
803	1185	0
804	1185	0
805	1185	1
806	1185	1
807	1185	0
808	1185	0
809	1185	0
810	1185	0
811	1185	0
814	1185	0
816	1185	0
817	1185	0
818	1185	0
819	1185	0
820	1185	0
822	1185	0
823	1185	0
824	1185	0
826	1185	0
827	1185	0
829	1185	1
830	1185	0
831	1185	0
832	1185	1
833	1185	1
835	1185	0
836	1185	0
837	1185	0
838	1185	0
839	1185	0
840	1185	0
841	1185	1
842	1185	0
843	1185	0
844	1185	0
845	1185	0
846	1185	0
847	1185	0
848	1185	0
849	1185	1
850	1185	0
851	1185	0
852	1185	0
853	1185	0
854	1185	0
855	1185	0
857	1185	0
858	1185	0
859	1185	0
860	1185	0
861	1185	0
862	1185	0
863	1185	1
864	1185	0
865	1185	0
866	1185	0
867	1185	1
868	1185	0
869	1185	0
870	1185	0
871	1185	0
872	1185	0
873	1185	0
874	1185	0
875	1185	0
876	1185	0
877	1185	0
878	1185	0
880	1185	0
881	1185	0
882	1185	0
883	1185	0
884	1185	0
885	1185	1
886	1185	0
887	1185	0
888	1185	0
889	1185	0
890	1185	0
891	1185	0
892	1185	0
893	1185	0
894	1185	0
895	1185	0
896	1185	0
897	1185	0
898	1185	0
900	1185	0
902	1185	1
903	1185	0
904	1185	0
905	1185	1
907	1185	1
908	1185	0
909	1185	0
910	1185	0
911	1185	0
912	1185	0
914	1185	0
915	1185	0
916	1185	0
917	1185	0
918	1185	0
920	1185	0
922	1185	0
923	1185	0
924	1185	1
925	1185	0
926	1185	1
927	1185	0
928	1185	1
930	1185	0
931	1185	0
933	1185	0
934	1185	0
935	1185	0
936	1185	0
937	1185	0
939	1185	0
940	1185	1
941	1185	0
942	1185	0
943	1185	0
944	1185	0
945	1185	0
946	1185	0
947	1185	0
948	1185	0
949	1185	1
950	1185	1
953	1185	0
954	1185	0
955	1185	0
956	1185	0
957	1185	0
958	1185	0
959	1185	1
960	1185	0
961	1185	0
962	1185	0
963	1185	1
964	1185	0
965	1185	0
966	1185	0
967	1185	0
