0	1183	0
1	1183	0
2	1183	0
3	1183	0
4	1183	1
5	1183	0
6	1183	0
7	1183	0
8	1183	1
9	1183	0
10	1183	0
11	1183	1
12	1183	0
13	1183	1
16	1183	0
17	1183	0
18	1183	0
19	1183	1
20	1183	0
21	1183	0
22	1183	1
23	1183	1
24	1183	0
25	1183	0
26	1183	0
27	1183	0
30	1183	1
31	1183	0
32	1183	0
33	1183	0
34	1183	0
36	1183	0
37	1183	0
38	1183	1
39	1183	1
40	1183	0
41	1183	0
42	1183	1
43	1183	0
45	1183	0
46	1183	0
47	1183	1
48	1183	0
49	1183	0
51	1183	1
53	1183	1
54	1183	0
55	1183	0
56	1183	0
58	1183	0
59	1183	0
60	1183	0
61	1183	0
62	1183	0
63	1183	0
64	1183	1
65	1183	0
66	1183	0
67	1183	1
68	1183	1
69	1183	0
71	1183	0
72	1183	0
74	1183	0
75	1183	0
77	1183	0
78	1183	0
79	1183	0
80	1183	0
81	1183	0
82	1183	0
83	1183	0
84	1183	0
85	1183	0
86	1183	0
87	1183	0
89	1183	0
90	1183	0
91	1183	0
92	1183	0
93	1183	0
94	1183	0
95	1183	1
96	1183	1
97	1183	0
98	1183	0
99	1183	0
100	1183	0
101	1183	0
102	1183	0
103	1183	0
104	1183	0
105	1183	0
106	1183	0
107	1183	1
108	1183	0
109	1183	0
110	1183	1
111	1183	1
112	1183	0
113	1183	0
114	1183	0
115	1183	1
116	1183	0
117	1183	0
118	1183	1
120	1183	0
121	1183	0
124	1183	0
125	1183	0
129	1183	0
130	1183	0
131	1183	0
132	1183	1
133	1183	0
134	1183	0
135	1183	0
136	1183	1
137	1183	0
138	1183	1
139	1183	0
140	1183	0
141	1183	0
142	1183	0
144	1183	0
145	1183	0
146	1183	0
147	1183	0
148	1183	0
149	1183	0
151	1183	0
152	1183	1
153	1183	1
154	1183	0
155	1183	0
156	1183	0
157	1183	0
158	1183	0
159	1183	0
160	1183	0
162	1183	0
163	1183	1
164	1183	0
165	1183	1
166	1183	0
167	1183	0
168	1183	1
169	1183	0
170	1183	1
171	1183	0
172	1183	0
173	1183	0
174	1183	0
175	1183	0
178	1183	0
179	1183	0
180	1183	0
181	1183	0
182	1183	0
183	1183	0
184	1183	0
185	1183	0
187	1183	0
188	1183	1
190	1183	1
191	1183	0
192	1183	0
193	1183	0
194	1183	0
195	1183	0
196	1183	0
197	1183	1
198	1183	0
199	1183	0
200	1183	0
201	1183	0
202	1183	0
203	1183	0
204	1183	0
206	1183	0
207	1183	1
208	1183	0
209	1183	0
210	1183	0
211	1183	0
212	1183	0
213	1183	0
214	1183	0
215	1183	0
216	1183	0
217	1183	0
218	1183	0
219	1183	1
221	1183	0
222	1183	0
223	1183	1
224	1183	0
225	1183	0
227	1183	0
228	1183	0
229	1183	0
230	1183	0
232	1183	0
233	1183	0
234	1183	1
235	1183	0
236	1183	0
237	1183	0
239	1183	0
240	1183	1
245	1183	0
246	1183	0
247	1183	0
248	1183	0
249	1183	0
250	1183	0
251	1183	0
252	1183	0
253	1183	0
254	1183	0
255	1183	0
256	1183	0
257	1183	0
258	1183	0
259	1183	0
260	1183	0
261	1183	0
262	1183	0
263	1183	0
264	1183	0
265	1183	0
266	1183	0
267	1183	0
268	1183	0
270	1183	0
271	1183	0
272	1183	0
273	1183	0
274	1183	0
275	1183	0
277	1183	0
280	1183	0
281	1183	0
282	1183	0
283	1183	0
284	1183	0
285	1183	0
286	1183	1
287	1183	1
288	1183	1
289	1183	0
290	1183	1
291	1183	0
293	1183	0
295	1183	0
296	1183	0
298	1183	1
302	1183	0
303	1183	1
304	1183	0
305	1183	0
306	1183	0
308	1183	0
310	1183	0
312	1183	0
313	1183	0
314	1183	0
315	1183	0
316	1183	1
317	1183	1
318	1183	0
319	1183	0
321	1183	0
322	1183	0
323	1183	1
324	1183	0
325	1183	0
326	1183	0
327	1183	0
328	1183	0
329	1183	0
330	1183	1
331	1183	1
332	1183	0
333	1183	1
334	1183	0
336	1183	0
337	1183	0
338	1183	1
340	1183	0
341	1183	0
343	1183	0
344	1183	0
345	1183	1
346	1183	0
347	1183	0
348	1183	0
350	1183	1
351	1183	0
352	1183	0
353	1183	0
354	1183	1
355	1183	0
356	1183	0
357	1183	1
358	1183	0
359	1183	0
360	1183	1
361	1183	0
362	1183	1
363	1183	0
364	1183	0
365	1183	0
366	1183	1
369	1183	0
370	1183	0
371	1183	0
372	1183	0
373	1183	0
374	1183	0
376	1183	0
377	1183	0
378	1183	1
379	1183	0
380	1183	0
381	1183	0
382	1183	0
383	1183	0
384	1183	0
385	1183	0
386	1183	1
387	1183	0
388	1183	0
389	1183	0
391	1183	0
392	1183	1
393	1183	0
394	1183	1
395	1183	1
397	1183	0
398	1183	0
399	1183	0
401	1183	0
402	1183	0
403	1183	0
404	1183	1
405	1183	0
406	1183	0
407	1183	0
409	1183	0
410	1183	0
412	1183	0
414	1183	0
415	1183	0
416	1183	0
417	1183	0
418	1183	0
420	1183	0
421	1183	0
422	1183	0
423	1183	0
424	1183	0
425	1183	0
426	1183	0
428	1183	0
429	1183	0
430	1183	0
431	1183	1
432	1183	0
433	1183	0
434	1183	0
435	1183	0
436	1183	0
437	1183	0
438	1183	1
439	1183	0
440	1183	0
441	1183	0
442	1183	0
443	1183	0
444	1183	0
445	1183	0
446	1183	0
447	1183	0
448	1183	1
449	1183	0
450	1183	0
452	1183	0
453	1183	1
454	1183	0
455	1183	0
456	1183	0
457	1183	1
458	1183	0
459	1183	0
461	1183	0
462	1183	0
464	1183	1
465	1183	1
466	1183	0
467	1183	0
468	1183	0
469	1183	0
470	1183	0
471	1183	0
472	1183	0
473	1183	0
474	1183	0
475	1183	0
476	1183	0
477	1183	0
478	1183	0
479	1183	1
480	1183	0
481	1183	0
483	1183	0
484	1183	0
486	1183	0
487	1183	0
488	1183	0
489	1183	0
490	1183	0
492	1183	0
494	1183	0
496	1183	0
497	1183	0
498	1183	0
500	1183	0
501	1183	0
502	1183	0
503	1183	0
504	1183	0
505	1183	0
506	1183	0
507	1183	1
508	1183	1
509	1183	0
510	1183	0
511	1183	0
512	1183	0
513	1183	0
514	1183	1
515	1183	0
517	1183	1
518	1183	0
519	1183	0
520	1183	1
521	1183	1
522	1183	0
523	1183	0
524	1183	0
525	1183	0
526	1183	0
527	1183	0
528	1183	0
529	1183	0
530	1183	0
531	1183	0
533	1183	0
534	1183	0
535	1183	0
536	1183	0
538	1183	0
539	1183	0
540	1183	0
541	1183	0
543	1183	0
544	1183	0
545	1183	0
546	1183	0
547	1183	0
550	1183	0
553	1183	0
555	1183	0
556	1183	0
557	1183	0
558	1183	0
560	1183	0
561	1183	0
562	1183	0
563	1183	0
565	1183	0
566	1183	0
567	1183	0
568	1183	0
569	1183	0
571	1183	0
574	1183	0
575	1183	0
576	1183	0
577	1183	0
579	1183	0
580	1183	0
581	1183	0
582	1183	0
583	1183	0
584	1183	0
585	1183	0
586	1183	1
588	1183	0
589	1183	0
591	1183	0
593	1183	0
595	1183	0
596	1183	0
597	1183	0
598	1183	0
599	1183	0
600	1183	0
601	1183	0
602	1183	0
604	1183	0
606	1183	1
607	1183	0
608	1183	0
612	1183	0
613	1183	0
614	1183	0
615	1183	0
616	1183	0
617	1183	0
618	1183	0
619	1183	0
620	1183	0
621	1183	0
622	1183	0
624	1183	0
625	1183	0
627	1183	0
628	1183	1
630	1183	0
632	1183	0
633	1183	0
634	1183	0
635	1183	0
636	1183	0
637	1183	0
638	1183	1
639	1183	0
640	1183	0
641	1183	0
642	1183	0
643	1183	1
644	1183	0
645	1183	1
646	1183	0
648	1183	0
649	1183	0
650	1183	0
652	1183	0
653	1183	0
654	1183	0
655	1183	0
656	1183	0
657	1183	0
658	1183	0
659	1183	0
660	1183	0
661	1183	0
662	1183	1
663	1183	0
664	1183	0
665	1183	1
666	1183	0
667	1183	0
668	1183	0
669	1183	1
670	1183	0
671	1183	0
672	1183	1
673	1183	0
674	1183	0
675	1183	0
676	1183	0
677	1183	0
678	1183	0
679	1183	1
680	1183	1
681	1183	0
682	1183	0
683	1183	0
684	1183	1
685	1183	0
686	1183	1
687	1183	0
688	1183	0
689	1183	0
690	1183	0
691	1183	1
692	1183	0
693	1183	0
694	1183	0
695	1183	0
696	1183	0
698	1183	0
699	1183	0
700	1183	0
702	1183	0
703	1183	0
704	1183	0
705	1183	0
706	1183	0
707	1183	0
709	1183	1
710	1183	0
711	1183	0
712	1183	0
713	1183	0
714	1183	0
717	1183	0
718	1183	1
719	1183	0
720	1183	0
721	1183	1
722	1183	0
723	1183	0
724	1183	0
725	1183	0
726	1183	0
727	1183	0
728	1183	0
729	1183	0
730	1183	0
732	1183	0
734	1183	0
735	1183	0
736	1183	0
737	1183	0
738	1183	0
739	1183	0
740	1183	1
741	1183	1
742	1183	0
745	1183	0
746	1183	0
747	1183	0
748	1183	0
749	1183	1
750	1183	0
752	1183	0
753	1183	1
754	1183	0
755	1183	0
756	1183	0
757	1183	0
758	1183	0
759	1183	0
760	1183	0
761	1183	0
762	1183	0
765	1183	0
766	1183	0
767	1183	0
768	1183	0
769	1183	0
770	1183	0
771	1183	0
772	1183	1
773	1183	0
775	1183	0
776	1183	0
777	1183	0
778	1183	0
779	1183	1
780	1183	0
781	1183	0
782	1183	0
783	1183	1
784	1183	0
785	1183	0
786	1183	1
787	1183	1
790	1183	1
792	1183	0
793	1183	1
794	1183	0
795	1183	0
796	1183	0
797	1183	0
799	1183	0
800	1183	0
801	1183	0
802	1183	0
804	1183	0
805	1183	0
806	1183	0
807	1183	0
808	1183	0
810	1183	0
814	1183	0
816	1183	0
818	1183	0
819	1183	0
820	1183	0
822	1183	0
823	1183	0
824	1183	0
825	1183	0
826	1183	0
827	1183	0
829	1183	1
830	1183	0
831	1183	0
832	1183	1
833	1183	0
834	1183	0
836	1183	0
837	1183	0
838	1183	0
839	1183	0
840	1183	0
843	1183	1
845	1183	0
848	1183	0
849	1183	0
850	1183	0
852	1183	0
853	1183	0
854	1183	0
855	1183	0
856	1183	0
857	1183	0
860	1183	0
861	1183	0
862	1183	0
863	1183	0
864	1183	1
866	1183	0
867	1183	0
868	1183	0
869	1183	0
870	1183	0
871	1183	0
872	1183	0
873	1183	0
874	1183	0
875	1183	0
876	1183	0
877	1183	0
878	1183	0
880	1183	0
881	1183	0
882	1183	0
883	1183	1
884	1183	0
885	1183	0
887	1183	0
888	1183	0
889	1183	0
890	1183	0
891	1183	0
892	1183	0
893	1183	0
894	1183	1
895	1183	0
896	1183	1
897	1183	0
899	1183	0
900	1183	0
901	1183	0
902	1183	0
904	1183	1
905	1183	0
910	1183	0
911	1183	0
912	1183	0
913	1183	0
914	1183	0
915	1183	0
916	1183	0
917	1183	0
918	1183	1
919	1183	1
921	1183	1
922	1183	1
923	1183	0
924	1183	0
925	1183	0
926	1183	0
927	1183	0
928	1183	0
929	1183	0
933	1183	0
934	1183	0
935	1183	0
936	1183	0
937	1183	0
938	1183	0
939	1183	0
940	1183	0
941	1183	0
942	1183	0
943	1183	0
944	1183	0
945	1183	0
946	1183	0
948	1183	0
949	1183	0
950	1183	0
952	1183	0
953	1183	0
954	1183	0
955	1183	0
956	1183	0
957	1183	0
958	1183	0
959	1183	0
960	1183	0
961	1183	0
962	1183	0
963	1183	1
964	1183	0
965	1183	1
966	1183	0
967	1183	0
