8	970	1
10	970	0
13	970	0
16	970	0
18	970	0
20	970	0
21	970	1
24	970	0
27	970	0
31	970	1
32	970	1
33	970	0
34	970	0
36	970	0
39	970	0
42	970	0
43	970	0
44	970	0
45	970	0
47	970	0
48	970	0
49	970	0
59	970	0
61	970	0
64	970	0
67	970	0
71	970	0
76	970	0
87	970	0
93	970	0
96	970	0
98	970	1
101	970	0
106	970	0
109	970	0
112	970	0
113	970	0
117	970	0
120	970	0
121	970	0
122	970	0
125	970	0
130	970	0
131	970	0
133	970	0
134	970	0
137	970	0
138	970	0
139	970	0
140	970	0
141	970	0
142	970	0
143	970	0
146	970	0
151	970	0
152	970	0
154	970	0
156	970	0
157	970	0
159	970	0
162	970	0
163	970	0
164	970	0
168	970	0
170	970	0
171	970	0
172	970	0
174	970	0
181	970	0
182	970	0
183	970	0
184	970	0
188	970	1
190	970	0
191	970	0
192	970	0
193	970	0
194	970	0
195	970	1
196	970	0
197	970	0
201	970	1
202	970	0
203	970	0
204	970	0
205	970	0
206	970	0
207	970	0
208	970	0
210	970	0
211	970	0
214	970	0
221	970	1
222	970	0
224	970	1
225	970	0
227	970	1
228	970	0
230	970	0
232	970	0
233	970	0
234	970	0
251	970	0
252	970	0
253	970	0
255	970	0
263	970	0
269	970	0
274	970	0
275	970	0
279	970	0
282	970	0
283	970	0
289	970	0
290	970	0
296	970	0
301	970	0
310	970	0
316	970	0
328	970	0
329	970	0
334	970	0
336	970	0
338	970	0
339	970	0
340	970	0
341	970	0
343	970	0
358	970	0
359	970	0
360	970	0
361	970	0
364	970	0
365	970	0
367	970	0
368	970	0
370	970	0
371	970	0
372	970	0
373	970	0
374	970	0
375	970	0
377	970	0
378	970	0
379	970	0
380	970	0
381	970	0
382	970	0
383	970	0
384	970	0
385	970	1
386	970	0
390	970	0
391	970	0
393	970	0
395	970	0
401	970	0
402	970	0
404	970	0
405	970	0
406	970	0
420	970	0
421	970	0
422	970	0
423	970	0
424	970	0
425	970	0
426	970	1
427	970	0
428	970	0
429	970	0
430	970	0
431	970	0
432	970	0
433	970	0
435	970	1
436	970	0
443	970	0
446	970	0
448	970	0
449	970	0
450	970	0
451	970	0
453	970	0
454	970	0
455	970	0
457	970	0
458	970	0
459	970	0
461	970	0
464	970	0
465	970	0
475	970	0
476	970	0
478	970	0
486	970	0
487	970	0
489	970	0
496	970	0
497	970	0
499	970	0
500	970	0
503	970	1
505	970	0
508	970	0
509	970	1
510	970	0
511	970	0
512	970	0
514	970	1
515	970	0
516	970	0
517	970	0
518	970	0
519	970	0
520	970	0
521	970	0
522	970	0
524	970	0
525	970	0
526	970	0
527	970	0
528	970	0
529	970	0
534	970	0
536	970	0
538	970	0
540	970	0
541	970	0
542	970	0
544	970	0
549	970	0
551	970	0
554	970	0
557	970	0
561	970	0
565	970	0
566	970	0
567	970	0
568	970	0
569	970	0
573	970	0
574	970	0
584	970	0
585	970	0
588	970	0
589	970	0
592	970	0
595	970	0
597	970	0
607	970	0
608	970	0
612	970	0
613	970	0
616	970	0
617	970	0
620	970	0
625	970	0
626	970	0
627	970	0
630	970	0
631	970	0
633	970	0
637	970	0
640	970	0
641	970	0
642	970	0
643	970	0
644	970	0
645	970	1
646	970	0
647	970	0
648	970	0
649	970	0
650	970	1
651	970	0
652	970	0
661	970	1
662	970	0
663	970	1
664	970	1
666	970	0
667	970	0
672	970	0
673	970	0
674	970	0
683	970	0
692	970	0
693	970	0
694	970	0
713	970	0
715	970	0
718	970	0
720	970	0
721	970	0
728	970	0
732	970	0
737	970	0
738	970	0
741	970	0
742	970	0
743	970	0
745	970	0
747	970	0
748	970	0
749	970	0
750	970	0
754	970	0
758	970	0
761	970	0
763	970	0
767	970	0
768	970	0
769	970	0
771	970	0
772	970	0
773	970	0
774	970	1
778	970	0
780	970	0
784	970	0
786	970	0
787	970	0
796	970	0
798	970	0
799	970	0
802	970	0
803	970	0
805	970	0
808	970	0
810	970	0
824	970	0
825	970	0
827	970	0
828	970	0
830	970	0
831	970	0
833	970	0
834	970	0
837	970	0
839	970	0
840	970	0
855	970	0
859	970	0
862	970	0
863	970	0
864	970	0
870	970	0
873	970	0
874	970	0
875	970	0
876	970	1
877	970	1
879	970	0
880	970	0
881	970	0
882	970	0
883	970	0
885	970	0
886	970	0
887	970	0
888	970	0
890	970	0
895	970	0
900	970	0
901	970	0
904	970	0
911	970	0
913	970	0
917	970	0
923	970	0
924	970	0
928	970	0
937	970	0
943	970	0
944	970	0
947	970	0
949	970	0
952	970	0
953	970	0
954	970	0
955	970	0
956	970	0
958	970	0
963	970	0
964	970	0
965	970	1
967	970	0
