8	1000	1
10	1000	0
13	1000	0
16	1000	0
18	1000	1
20	1000	0
21	1000	0
24	1000	0
31	1000	0
32	1000	1
33	1000	0
34	1000	0
36	1000	0
39	1000	0
42	1000	0
43	1000	0
44	1000	0
45	1000	0
47	1000	0
48	1000	0
49	1000	0
59	1000	1
61	1000	0
64	1000	0
67	1000	0
71	1000	0
76	1000	0
87	1000	0
93	1000	0
96	1000	0
98	1000	0
101	1000	0
106	1000	0
109	1000	0
112	1000	0
113	1000	0
117	1000	0
120	1000	0
121	1000	0
122	1000	0
125	1000	0
130	1000	0
131	1000	0
133	1000	0
134	1000	0
137	1000	0
138	1000	0
139	1000	0
140	1000	0
141	1000	0
142	1000	0
143	1000	0
144	1000	0
146	1000	0
147	1000	0
151	1000	0
152	1000	0
154	1000	1
156	1000	0
157	1000	0
159	1000	0
162	1000	0
163	1000	0
164	1000	0
168	1000	0
170	1000	0
171	1000	0
172	1000	0
174	1000	0
176	1000	0
182	1000	0
183	1000	0
184	1000	1
188	1000	0
190	1000	0
191	1000	0
192	1000	0
193	1000	0
194	1000	0
195	1000	0
196	1000	0
197	1000	0
201	1000	0
202	1000	0
203	1000	0
204	1000	0
205	1000	0
206	1000	0
207	1000	0
208	1000	0
209	1000	0
210	1000	0
211	1000	0
214	1000	1
221	1000	1
222	1000	0
224	1000	0
225	1000	1
227	1000	0
228	1000	0
230	1000	0
232	1000	0
233	1000	0
234	1000	0
251	1000	1
252	1000	0
253	1000	0
255	1000	0
263	1000	0
267	1000	0
269	1000	0
274	1000	0
275	1000	0
276	1000	0
282	1000	1
283	1000	0
289	1000	0
290	1000	0
296	1000	0
301	1000	0
310	1000	0
316	1000	0
328	1000	0
334	1000	0
336	1000	0
338	1000	0
339	1000	0
340	1000	0
341	1000	0
343	1000	0
358	1000	0
359	1000	1
360	1000	1
363	1000	0
364	1000	0
365	1000	0
367	1000	0
368	1000	0
370	1000	1
371	1000	0
372	1000	0
373	1000	0
375	1000	0
377	1000	0
378	1000	0
379	1000	0
380	1000	0
381	1000	1
382	1000	0
384	1000	0
385	1000	0
386	1000	0
390	1000	0
391	1000	0
393	1000	0
401	1000	0
402	1000	0
404	1000	0
405	1000	0
406	1000	0
420	1000	0
421	1000	0
422	1000	0
423	1000	0
424	1000	0
425	1000	0
426	1000	0
427	1000	0
428	1000	0
429	1000	0
430	1000	0
431	1000	0
432	1000	0
433	1000	0
435	1000	0
436	1000	0
443	1000	0
446	1000	1
448	1000	0
449	1000	0
450	1000	0
451	1000	0
453	1000	0
454	1000	0
455	1000	0
457	1000	0
458	1000	0
459	1000	0
461	1000	0
464	1000	0
465	1000	0
475	1000	0
476	1000	0
478	1000	0
486	1000	0
487	1000	0
489	1000	1
496	1000	0
497	1000	0
499	1000	0
500	1000	0
503	1000	0
505	1000	1
508	1000	0
509	1000	0
510	1000	0
511	1000	1
512	1000	0
514	1000	1
515	1000	0
516	1000	0
517	1000	0
518	1000	0
519	1000	0
520	1000	0
521	1000	0
522	1000	0
523	1000	0
524	1000	1
525	1000	0
526	1000	1
527	1000	0
528	1000	0
529	1000	0
534	1000	0
536	1000	0
537	1000	0
538	1000	0
540	1000	0
541	1000	0
542	1000	0
544	1000	0
549	1000	0
551	1000	0
554	1000	0
557	1000	0
561	1000	0
565	1000	0
566	1000	0
567	1000	0
568	1000	0
569	1000	0
573	1000	0
574	1000	0
584	1000	0
585	1000	0
588	1000	0
589	1000	0
592	1000	0
593	1000	0
595	1000	0
597	1000	0
603	1000	0
607	1000	0
608	1000	0
610	1000	0
612	1000	0
613	1000	0
616	1000	1
617	1000	0
620	1000	0
625	1000	0
626	1000	0
627	1000	0
630	1000	0
631	1000	0
633	1000	0
637	1000	0
640	1000	0
641	1000	0
642	1000	0
643	1000	0
644	1000	0
645	1000	0
646	1000	0
647	1000	1
648	1000	0
649	1000	0
650	1000	0
651	1000	0
652	1000	1
661	1000	0
662	1000	0
663	1000	0
664	1000	1
666	1000	0
667	1000	0
672	1000	0
673	1000	0
674	1000	0
683	1000	0
692	1000	0
693	1000	0
694	1000	1
713	1000	0
715	1000	0
718	1000	0
720	1000	0
721	1000	0
722	1000	0
728	1000	0
732	1000	0
737	1000	0
738	1000	0
741	1000	1
742	1000	0
743	1000	0
745	1000	0
747	1000	0
748	1000	0
749	1000	0
750	1000	0
754	1000	0
758	1000	0
763	1000	1
767	1000	0
768	1000	0
769	1000	0
771	1000	1
772	1000	0
773	1000	0
774	1000	0
778	1000	0
780	1000	0
784	1000	0
786	1000	0
787	1000	0
796	1000	0
798	1000	0
799	1000	0
802	1000	0
803	1000	1
805	1000	0
808	1000	0
810	1000	0
824	1000	0
827	1000	0
828	1000	0
830	1000	1
831	1000	0
833	1000	1
834	1000	1
837	1000	0
839	1000	1
840	1000	0
855	1000	0
859	1000	0
862	1000	0
863	1000	0
870	1000	0
871	1000	0
873	1000	0
874	1000	0
876	1000	0
877	1000	0
879	1000	0
880	1000	0
881	1000	0
882	1000	0
883	1000	0
885	1000	0
887	1000	0
888	1000	0
889	1000	0
890	1000	0
895	1000	0
900	1000	0
901	1000	0
904	1000	0
906	1000	0
911	1000	0
912	1000	1
913	1000	0
917	1000	1
923	1000	0
924	1000	0
928	1000	0
937	1000	0
943	1000	0
944	1000	0
947	1000	1
949	1000	0
952	1000	0
953	1000	0
954	1000	0
955	1000	1
956	1000	0
958	1000	0
963	1000	0
964	1000	0
965	1000	0
967	1000	0
