0	1165	0
1	1165	0
2	1165	0
3	1165	0
4	1165	1
5	1165	0
6	1165	1
7	1165	0
8	1165	1
10	1165	0
11	1165	0
12	1165	1
13	1165	1
15	1165	0
16	1165	0
17	1165	0
18	1165	0
19	1165	1
20	1165	0
21	1165	0
22	1165	0
23	1165	0
24	1165	0
25	1165	0
27	1165	0
28	1165	0
29	1165	0
30	1165	0
31	1165	1
32	1165	0
33	1165	0
34	1165	0
35	1165	1
36	1165	0
37	1165	0
38	1165	1
39	1165	0
40	1165	0
41	1165	1
42	1165	0
43	1165	0
44	1165	0
45	1165	0
47	1165	0
48	1165	0
49	1165	0
51	1165	1
53	1165	1
55	1165	0
56	1165	0
58	1165	0
59	1165	1
60	1165	0
61	1165	0
62	1165	0
63	1165	0
64	1165	1
65	1165	0
66	1165	0
67	1165	1
68	1165	0
69	1165	0
70	1165	0
71	1165	0
72	1165	0
73	1165	0
74	1165	0
75	1165	0
77	1165	1
78	1165	0
79	1165	0
80	1165	0
81	1165	1
83	1165	0
84	1165	0
85	1165	0
86	1165	0
87	1165	0
89	1165	0
90	1165	0
91	1165	0
92	1165	0
93	1165	0
94	1165	0
95	1165	0
96	1165	1
97	1165	0
98	1165	0
100	1165	1
101	1165	0
102	1165	0
103	1165	0
104	1165	0
105	1165	0
106	1165	0
107	1165	0
108	1165	0
109	1165	0
110	1165	1
111	1165	0
112	1165	0
113	1165	0
114	1165	0
115	1165	0
116	1165	0
117	1165	0
118	1165	0
120	1165	1
121	1165	0
124	1165	0
125	1165	0
129	1165	1
130	1165	0
131	1165	0
132	1165	0
133	1165	0
134	1165	0
135	1165	1
136	1165	0
137	1165	0
138	1165	1
139	1165	0
140	1165	0
141	1165	0
142	1165	0
143	1165	0
144	1165	0
145	1165	1
146	1165	0
147	1165	0
148	1165	1
149	1165	0
150	1165	0
151	1165	0
152	1165	1
153	1165	0
154	1165	1
155	1165	0
156	1165	1
157	1165	0
158	1165	0
159	1165	0
160	1165	1
161	1165	0
162	1165	0
163	1165	0
164	1165	0
165	1165	1
166	1165	0
167	1165	0
168	1165	0
169	1165	1
170	1165	0
171	1165	0
172	1165	0
173	1165	0
174	1165	0
175	1165	0
177	1165	0
178	1165	0
179	1165	0
180	1165	0
181	1165	0
182	1165	0
183	1165	0
184	1165	0
185	1165	0
186	1165	0
187	1165	0
188	1165	1
189	1165	0
190	1165	0
191	1165	0
193	1165	0
194	1165	0
195	1165	0
196	1165	0
197	1165	0
198	1165	0
199	1165	0
200	1165	0
201	1165	0
202	1165	0
203	1165	0
204	1165	0
206	1165	0
207	1165	1
208	1165	1
209	1165	0
210	1165	0
211	1165	0
212	1165	0
213	1165	0
214	1165	0
215	1165	0
216	1165	0
217	1165	0
218	1165	0
219	1165	0
220	1165	1
221	1165	0
222	1165	0
224	1165	0
225	1165	0
227	1165	0
228	1165	0
229	1165	0
230	1165	0
232	1165	0
233	1165	0
235	1165	0
237	1165	0
238	1165	0
239	1165	0
240	1165	1
245	1165	0
246	1165	0
247	1165	0
248	1165	0
249	1165	0
250	1165	0
251	1165	0
252	1165	0
253	1165	1
254	1165	0
255	1165	0
256	1165	0
257	1165	0
258	1165	1
259	1165	0
260	1165	0
261	1165	0
262	1165	0
263	1165	0
264	1165	0
265	1165	0
266	1165	0
267	1165	0
268	1165	0
271	1165	0
272	1165	0
273	1165	0
274	1165	1
275	1165	0
276	1165	0
277	1165	0
278	1165	0
280	1165	0
281	1165	0
282	1165	0
283	1165	0
284	1165	0
285	1165	0
286	1165	0
287	1165	0
288	1165	1
289	1165	0
290	1165	0
292	1165	0
293	1165	1
295	1165	0
296	1165	0
297	1165	0
298	1165	1
302	1165	0
303	1165	1
304	1165	0
305	1165	0
306	1165	0
308	1165	0
310	1165	1
311	1165	0
312	1165	1
313	1165	0
314	1165	0
315	1165	0
317	1165	0
318	1165	0
319	1165	0
321	1165	0
322	1165	0
323	1165	0
324	1165	0
325	1165	0
326	1165	0
327	1165	0
328	1165	0
329	1165	0
330	1165	0
331	1165	0
332	1165	0
333	1165	1
334	1165	0
336	1165	0
337	1165	0
338	1165	0
340	1165	0
341	1165	0
344	1165	0
345	1165	1
346	1165	0
347	1165	0
348	1165	0
349	1165	0
350	1165	0
351	1165	0
352	1165	0
353	1165	0
354	1165	0
355	1165	0
356	1165	0
357	1165	0
358	1165	0
359	1165	1
360	1165	0
361	1165	0
362	1165	0
363	1165	1
364	1165	1
365	1165	0
366	1165	0
367	1165	0
369	1165	0
370	1165	1
371	1165	0
372	1165	0
373	1165	0
374	1165	0
375	1165	0
376	1165	0
377	1165	0
378	1165	0
379	1165	0
381	1165	0
382	1165	0
383	1165	0
384	1165	0
385	1165	0
386	1165	0
387	1165	0
388	1165	0
389	1165	0
390	1165	1
391	1165	0
392	1165	0
393	1165	0
394	1165	0
395	1165	0
397	1165	0
398	1165	0
399	1165	0
401	1165	0
402	1165	0
403	1165	0
404	1165	0
405	1165	0
406	1165	0
407	1165	0
408	1165	0
409	1165	0
410	1165	1
412	1165	0
414	1165	0
415	1165	0
416	1165	0
417	1165	1
418	1165	0
419	1165	0
420	1165	0
421	1165	0
422	1165	0
423	1165	0
424	1165	1
425	1165	0
426	1165	0
427	1165	1
428	1165	0
429	1165	0
430	1165	0
431	1165	0
432	1165	0
434	1165	0
436	1165	0
437	1165	0
438	1165	0
439	1165	0
440	1165	0
441	1165	0
442	1165	0
444	1165	0
445	1165	0
446	1165	0
447	1165	0
449	1165	0
450	1165	0
451	1165	0
452	1165	0
453	1165	0
454	1165	0
455	1165	0
456	1165	1
457	1165	0
458	1165	0
459	1165	0
461	1165	0
462	1165	0
463	1165	0
464	1165	0
465	1165	1
466	1165	0
468	1165	0
469	1165	0
470	1165	0
471	1165	0
472	1165	0
473	1165	0
474	1165	0
475	1165	0
476	1165	0
477	1165	1
478	1165	1
479	1165	0
480	1165	0
481	1165	0
482	1165	0
483	1165	0
484	1165	0
486	1165	0
487	1165	0
488	1165	0
489	1165	0
490	1165	0
492	1165	0
493	1165	0
494	1165	0
496	1165	0
497	1165	0
498	1165	0
499	1165	0
500	1165	0
501	1165	0
502	1165	1
503	1165	0
504	1165	1
505	1165	0
507	1165	1
508	1165	0
509	1165	0
510	1165	0
511	1165	0
512	1165	0
513	1165	0
514	1165	1
515	1165	0
516	1165	0
518	1165	1
519	1165	1
520	1165	0
521	1165	1
522	1165	0
523	1165	0
524	1165	1
525	1165	0
526	1165	0
527	1165	0
528	1165	0
530	1165	0
531	1165	0
533	1165	0
534	1165	0
535	1165	0
536	1165	1
538	1165	0
539	1165	0
541	1165	0
542	1165	0
543	1165	0
544	1165	0
545	1165	0
546	1165	0
547	1165	0
549	1165	0
550	1165	0
551	1165	0
553	1165	0
554	1165	0
555	1165	0
556	1165	0
557	1165	0
558	1165	0
559	1165	0
560	1165	0
561	1165	0
562	1165	0
563	1165	0
565	1165	0
566	1165	0
567	1165	0
568	1165	0
569	1165	0
571	1165	0
573	1165	0
574	1165	0
575	1165	0
576	1165	0
577	1165	1
578	1165	0
580	1165	0
583	1165	0
584	1165	0
585	1165	0
586	1165	0
587	1165	0
588	1165	0
589	1165	0
591	1165	0
593	1165	0
595	1165	0
596	1165	0
597	1165	0
598	1165	0
599	1165	0
600	1165	0
601	1165	0
602	1165	0
604	1165	0
605	1165	0
606	1165	0
607	1165	0
608	1165	0
609	1165	0
611	1165	0
612	1165	0
613	1165	0
614	1165	0
616	1165	1
617	1165	0
618	1165	0
619	1165	0
620	1165	0
621	1165	0
622	1165	0
624	1165	0
625	1165	0
626	1165	1
627	1165	0
628	1165	0
630	1165	0
632	1165	0
633	1165	0
634	1165	0
635	1165	0
636	1165	0
637	1165	0
638	1165	1
639	1165	0
640	1165	0
641	1165	0
642	1165	0
643	1165	0
644	1165	0
645	1165	1
646	1165	0
647	1165	0
648	1165	0
649	1165	1
650	1165	1
651	1165	0
652	1165	1
654	1165	0
655	1165	0
656	1165	0
657	1165	0
659	1165	0
660	1165	0
661	1165	0
662	1165	0
663	1165	0
664	1165	0
665	1165	1
666	1165	0
667	1165	0
668	1165	0
669	1165	0
670	1165	0
671	1165	0
672	1165	1
673	1165	0
674	1165	0
676	1165	0
677	1165	0
678	1165	0
679	1165	0
680	1165	0
681	1165	0
683	1165	0
684	1165	0
685	1165	0
686	1165	0
687	1165	0
688	1165	0
689	1165	0
690	1165	0
691	1165	1
692	1165	0
693	1165	0
694	1165	1
695	1165	0
696	1165	0
697	1165	0
698	1165	0
699	1165	0
700	1165	0
701	1165	0
703	1165	0
705	1165	0
706	1165	0
707	1165	0
709	1165	1
710	1165	0
711	1165	0
712	1165	0
713	1165	0
714	1165	0
715	1165	0
717	1165	0
718	1165	1
719	1165	0
720	1165	1
721	1165	1
722	1165	0
723	1165	0
724	1165	0
725	1165	0
726	1165	0
727	1165	0
728	1165	0
729	1165	0
730	1165	0
732	1165	0
734	1165	0
735	1165	0
736	1165	0
737	1165	0
738	1165	0
739	1165	0
740	1165	0
741	1165	0
742	1165	0
743	1165	0
744	1165	0
745	1165	0
746	1165	0
747	1165	1
748	1165	0
749	1165	1
752	1165	0
753	1165	0
754	1165	0
755	1165	0
756	1165	0
757	1165	0
758	1165	0
759	1165	0
760	1165	0
762	1165	0
764	1165	0
765	1165	0
766	1165	0
767	1165	0
768	1165	0
769	1165	0
770	1165	1
771	1165	0
772	1165	0
773	1165	0
775	1165	0
776	1165	0
777	1165	0
778	1165	0
780	1165	0
781	1165	0
782	1165	0
783	1165	0
784	1165	0
786	1165	0
787	1165	0
788	1165	0
790	1165	0
791	1165	0
792	1165	0
793	1165	0
794	1165	0
795	1165	0
796	1165	0
797	1165	0
798	1165	0
799	1165	0
800	1165	0
801	1165	0
802	1165	1
803	1165	0
804	1165	0
806	1165	0
807	1165	0
808	1165	0
810	1165	0
811	1165	0
814	1165	0
816	1165	0
818	1165	0
819	1165	0
820	1165	0
822	1165	0
823	1165	0
824	1165	0
825	1165	0
826	1165	0
827	1165	0
830	1165	1
831	1165	0
832	1165	1
833	1165	1
835	1165	0
836	1165	0
837	1165	1
838	1165	0
839	1165	0
840	1165	0
843	1165	0
844	1165	0
845	1165	0
848	1165	0
849	1165	0
850	1165	0
851	1165	0
852	1165	0
853	1165	0
854	1165	0
855	1165	0
856	1165	0
857	1165	0
861	1165	0
862	1165	0
863	1165	0
864	1165	0
866	1165	0
867	1165	0
868	1165	0
869	1165	0
871	1165	0
873	1165	0
875	1165	0
876	1165	0
877	1165	0
878	1165	0
880	1165	0
881	1165	0
882	1165	0
883	1165	0
884	1165	0
885	1165	0
887	1165	0
888	1165	0
889	1165	0
890	1165	0
891	1165	0
892	1165	0
893	1165	0
894	1165	0
895	1165	0
896	1165	0
897	1165	0
898	1165	0
899	1165	0
900	1165	0
901	1165	0
903	1165	0
904	1165	0
905	1165	0
907	1165	0
908	1165	0
909	1165	0
910	1165	0
911	1165	0
912	1165	0
913	1165	0
915	1165	0
916	1165	0
917	1165	0
918	1165	1
919	1165	0
920	1165	0
921	1165	1
922	1165	0
923	1165	0
924	1165	1
925	1165	0
926	1165	0
927	1165	0
928	1165	1
929	1165	0
934	1165	0
935	1165	0
936	1165	0
937	1165	0
939	1165	0
940	1165	0
941	1165	0
942	1165	0
943	1165	0
944	1165	0
945	1165	0
946	1165	0
948	1165	0
949	1165	0
950	1165	0
952	1165	0
953	1165	1
954	1165	0
955	1165	0
956	1165	0
957	1165	0
958	1165	0
959	1165	0
960	1165	0
961	1165	0
962	1165	0
963	1165	0
964	1165	0
965	1165	0
966	1165	0
967	1165	1
