0	1040	0
1	1040	0
2	1040	0
3	1040	0
4	1040	0
5	1040	0
6	1040	0
7	1040	0
8	1040	0
9	1040	1
10	1040	0
11	1040	0
12	1040	1
13	1040	1
14	1040	0
15	1040	0
16	1040	0
17	1040	0
18	1040	0
19	1040	1
20	1040	0
21	1040	0
22	1040	0
23	1040	0
24	1040	0
26	1040	0
27	1040	0
28	1040	0
29	1040	0
30	1040	0
31	1040	0
32	1040	0
33	1040	0
34	1040	0
35	1040	0
36	1040	0
37	1040	0
38	1040	0
39	1040	0
40	1040	0
42	1040	1
43	1040	0
44	1040	0
45	1040	0
46	1040	0
47	1040	0
48	1040	0
49	1040	0
50	1040	0
51	1040	0
52	1040	0
53	1040	1
54	1040	1
55	1040	0
56	1040	0
57	1040	0
58	1040	0
59	1040	0
60	1040	0
61	1040	0
62	1040	0
64	1040	0
65	1040	0
66	1040	1
67	1040	0
68	1040	0
69	1040	0
70	1040	0
71	1040	0
72	1040	0
73	1040	0
74	1040	0
75	1040	1
76	1040	0
77	1040	0
78	1040	0
79	1040	0
80	1040	0
81	1040	0
82	1040	0
83	1040	0
84	1040	0
85	1040	1
86	1040	0
87	1040	0
88	1040	0
89	1040	0
90	1040	0
91	1040	0
92	1040	0
93	1040	0
94	1040	0
95	1040	0
96	1040	0
97	1040	0
98	1040	0
99	1040	0
100	1040	0
101	1040	0
102	1040	0
103	1040	0
104	1040	0
106	1040	0
109	1040	0
111	1040	0
112	1040	0
113	1040	0
114	1040	0
115	1040	0
116	1040	0
117	1040	0
118	1040	0
119	1040	0
120	1040	0
121	1040	0
122	1040	0
123	1040	0
124	1040	0
125	1040	0
130	1040	0
131	1040	0
132	1040	0
133	1040	0
134	1040	0
136	1040	0
137	1040	0
138	1040	0
139	1040	0
141	1040	0
142	1040	0
144	1040	0
146	1040	0
147	1040	0
149	1040	0
150	1040	1
151	1040	0
152	1040	0
153	1040	0
154	1040	0
155	1040	0
156	1040	0
157	1040	0
158	1040	0
159	1040	0
160	1040	0
161	1040	0
162	1040	0
163	1040	0
164	1040	0
165	1040	0
166	1040	1
168	1040	0
169	1040	0
170	1040	0
171	1040	0
172	1040	1
173	1040	0
174	1040	0
175	1040	0
177	1040	0
178	1040	0
179	1040	0
180	1040	0
181	1040	0
182	1040	0
183	1040	0
184	1040	0
187	1040	0
188	1040	0
189	1040	0
190	1040	0
191	1040	0
192	1040	0
193	1040	0
194	1040	0
195	1040	0
196	1040	0
197	1040	0
200	1040	0
201	1040	0
202	1040	0
203	1040	0
204	1040	0
206	1040	0
207	1040	0
208	1040	0
210	1040	0
211	1040	0
212	1040	0
213	1040	0
214	1040	0
216	1040	0
217	1040	0
218	1040	0
219	1040	1
220	1040	0
222	1040	1
223	1040	0
224	1040	0
225	1040	0
226	1040	0
227	1040	0
228	1040	0
229	1040	0
230	1040	0
231	1040	0
232	1040	1
233	1040	0
234	1040	0
235	1040	0
236	1040	0
237	1040	0
238	1040	0
239	1040	0
240	1040	0
241	1040	0
242	1040	0
244	1040	0
245	1040	0
246	1040	0
247	1040	1
248	1040	0
249	1040	0
250	1040	0
251	1040	0
252	1040	0
253	1040	1
254	1040	0
255	1040	0
256	1040	0
258	1040	0
259	1040	0
260	1040	0
261	1040	0
262	1040	0
263	1040	0
264	1040	0
265	1040	0
266	1040	0
267	1040	0
268	1040	0
269	1040	0
270	1040	0
271	1040	0
272	1040	0
273	1040	0
274	1040	0
275	1040	0
276	1040	1
277	1040	0
278	1040	0
279	1040	0
280	1040	0
281	1040	0
282	1040	0
283	1040	0
284	1040	0
285	1040	0
286	1040	1
288	1040	1
289	1040	0
290	1040	0
291	1040	0
292	1040	0
293	1040	0
294	1040	0
295	1040	0
296	1040	0
297	1040	0
298	1040	0
299	1040	0
300	1040	0
301	1040	0
302	1040	0
303	1040	0
304	1040	0
306	1040	0
307	1040	1
308	1040	1
309	1040	1
310	1040	0
311	1040	0
312	1040	0
313	1040	0
314	1040	0
315	1040	0
316	1040	1
317	1040	0
318	1040	0
319	1040	0
320	1040	0
321	1040	0
322	1040	0
323	1040	0
324	1040	0
325	1040	0
326	1040	0
327	1040	0
328	1040	0
329	1040	0
330	1040	1
331	1040	0
333	1040	0
334	1040	0
335	1040	0
336	1040	0
337	1040	0
338	1040	1
339	1040	0
340	1040	0
341	1040	0
342	1040	0
343	1040	0
344	1040	0
346	1040	0
347	1040	0
348	1040	1
349	1040	0
350	1040	0
354	1040	1
355	1040	0
356	1040	1
357	1040	0
358	1040	0
359	1040	0
360	1040	0
361	1040	0
363	1040	0
364	1040	0
365	1040	0
366	1040	0
367	1040	0
368	1040	0
370	1040	0
371	1040	0
372	1040	0
373	1040	1
374	1040	0
377	1040	0
378	1040	1
379	1040	0
380	1040	0
381	1040	0
382	1040	0
383	1040	0
384	1040	0
385	1040	0
386	1040	0
387	1040	0
388	1040	0
390	1040	0
391	1040	0
393	1040	0
394	1040	1
395	1040	1
396	1040	0
397	1040	0
398	1040	0
399	1040	0
400	1040	0
401	1040	0
402	1040	0
403	1040	0
404	1040	0
405	1040	0
408	1040	0
409	1040	1
410	1040	0
411	1040	0
412	1040	0
413	1040	0
414	1040	0
415	1040	1
416	1040	1
417	1040	1
418	1040	0
419	1040	0
420	1040	0
421	1040	0
422	1040	0
423	1040	0
424	1040	0
425	1040	0
426	1040	0
427	1040	0
428	1040	0
429	1040	0
431	1040	0
432	1040	0
433	1040	0
434	1040	0
435	1040	0
436	1040	0
437	1040	1
438	1040	0
439	1040	0
440	1040	0
441	1040	0
442	1040	0
443	1040	0
444	1040	0
445	1040	0
446	1040	1
447	1040	0
448	1040	0
449	1040	0
450	1040	0
451	1040	0
452	1040	0
453	1040	0
454	1040	0
455	1040	0
456	1040	0
457	1040	0
458	1040	0
459	1040	0
460	1040	0
461	1040	0
462	1040	0
463	1040	0
464	1040	0
465	1040	0
466	1040	1
467	1040	0
468	1040	0
469	1040	0
470	1040	0
471	1040	0
472	1040	0
473	1040	0
474	1040	0
475	1040	0
476	1040	0
477	1040	0
478	1040	0
480	1040	1
481	1040	0
482	1040	0
483	1040	0
484	1040	0
485	1040	0
486	1040	0
487	1040	0
489	1040	0
490	1040	0
491	1040	0
492	1040	0
493	1040	0
495	1040	0
496	1040	0
497	1040	0
499	1040	0
500	1040	0
501	1040	0
502	1040	0
503	1040	0
505	1040	0
508	1040	0
509	1040	0
510	1040	0
511	1040	0
512	1040	0
513	1040	0
514	1040	0
515	1040	0
516	1040	1
517	1040	0
518	1040	1
519	1040	0
520	1040	0
521	1040	0
522	1040	0
523	1040	0
524	1040	0
525	1040	0
527	1040	0
528	1040	0
529	1040	0
533	1040	0
534	1040	0
536	1040	0
537	1040	0
538	1040	0
540	1040	0
541	1040	0
542	1040	0
543	1040	0
544	1040	0
546	1040	0
547	1040	0
548	1040	0
549	1040	0
550	1040	0
551	1040	0
553	1040	0
554	1040	0
555	1040	0
556	1040	0
557	1040	0
558	1040	0
559	1040	0
560	1040	0
561	1040	0
562	1040	0
563	1040	0
564	1040	0
565	1040	0
566	1040	0
567	1040	0
568	1040	0
569	1040	0
570	1040	0
571	1040	0
572	1040	0
573	1040	0
574	1040	0
575	1040	0
576	1040	0
577	1040	0
578	1040	0
579	1040	0
580	1040	0
582	1040	0
583	1040	0
584	1040	0
585	1040	0
586	1040	0
587	1040	0
588	1040	0
589	1040	0
590	1040	0
591	1040	0
592	1040	0
593	1040	0
594	1040	0
595	1040	0
596	1040	0
597	1040	0
598	1040	0
599	1040	0
600	1040	0
601	1040	0
602	1040	0
604	1040	0
605	1040	0
606	1040	0
607	1040	0
608	1040	0
609	1040	0
611	1040	0
612	1040	0
613	1040	0
614	1040	0
615	1040	0
616	1040	0
617	1040	0
618	1040	0
620	1040	0
621	1040	0
624	1040	0
625	1040	0
626	1040	0
627	1040	0
628	1040	0
630	1040	0
631	1040	0
632	1040	0
633	1040	0
635	1040	0
636	1040	0
637	1040	0
640	1040	0
641	1040	0
642	1040	0
643	1040	0
644	1040	0
645	1040	0
646	1040	0
647	1040	0
648	1040	0
649	1040	0
650	1040	0
651	1040	0
652	1040	0
653	1040	0
654	1040	1
655	1040	0
658	1040	0
659	1040	0
661	1040	0
662	1040	0
663	1040	0
664	1040	0
666	1040	0
667	1040	0
668	1040	0
669	1040	0
670	1040	1
671	1040	0
672	1040	0
673	1040	0
674	1040	0
675	1040	0
676	1040	0
680	1040	0
682	1040	0
683	1040	0
684	1040	0
685	1040	0
686	1040	0
688	1040	0
689	1040	0
690	1040	0
691	1040	0
692	1040	0
694	1040	1
695	1040	0
696	1040	0
697	1040	0
698	1040	0
699	1040	0
700	1040	0
701	1040	0
702	1040	0
703	1040	0
704	1040	0
705	1040	0
706	1040	0
707	1040	0
708	1040	0
709	1040	1
710	1040	0
711	1040	0
713	1040	0
714	1040	0
715	1040	0
716	1040	0
717	1040	0
718	1040	1
720	1040	0
721	1040	0
722	1040	0
728	1040	0
730	1040	0
731	1040	0
732	1040	0
734	1040	0
735	1040	0
736	1040	0
737	1040	0
738	1040	0
739	1040	0
740	1040	0
741	1040	1
742	1040	0
744	1040	0
745	1040	0
746	1040	0
747	1040	0
748	1040	0
749	1040	0
750	1040	0
751	1040	0
752	1040	0
753	1040	0
754	1040	0
755	1040	0
756	1040	0
757	1040	0
758	1040	0
759	1040	0
760	1040	0
761	1040	0
762	1040	0
763	1040	0
764	1040	0
765	1040	0
766	1040	0
767	1040	0
768	1040	0
769	1040	0
770	1040	0
771	1040	0
772	1040	1
773	1040	0
774	1040	0
775	1040	0
776	1040	0
777	1040	0
778	1040	0
779	1040	0
780	1040	0
783	1040	0
784	1040	0
785	1040	0
786	1040	0
787	1040	0
788	1040	0
789	1040	0
790	1040	1
791	1040	1
794	1040	0
796	1040	0
797	1040	0
798	1040	0
799	1040	0
800	1040	0
801	1040	0
802	1040	0
803	1040	0
804	1040	0
806	1040	0
807	1040	0
808	1040	0
809	1040	0
810	1040	0
811	1040	1
814	1040	0
816	1040	0
817	1040	0
819	1040	0
820	1040	0
821	1040	0
824	1040	0
825	1040	0
827	1040	1
828	1040	0
830	1040	0
831	1040	0
832	1040	1
833	1040	0
834	1040	1
835	1040	0
836	1040	1
837	1040	1
839	1040	0
840	1040	0
841	1040	0
843	1040	1
844	1040	0
845	1040	0
846	1040	0
847	1040	0
848	1040	0
849	1040	0
850	1040	0
851	1040	0
852	1040	0
853	1040	1
854	1040	0
855	1040	0
856	1040	0
857	1040	0
858	1040	0
859	1040	0
860	1040	0
861	1040	0
862	1040	0
863	1040	0
864	1040	0
865	1040	0
866	1040	0
867	1040	0
868	1040	0
869	1040	0
870	1040	0
872	1040	0
873	1040	0
874	1040	0
875	1040	0
876	1040	0
877	1040	0
879	1040	0
880	1040	0
881	1040	0
882	1040	0
883	1040	0
884	1040	0
885	1040	0
886	1040	0
887	1040	0
888	1040	0
889	1040	0
890	1040	0
891	1040	0
892	1040	0
893	1040	0
894	1040	0
896	1040	0
897	1040	0
898	1040	0
900	1040	0
901	1040	0
902	1040	0
903	1040	0
904	1040	0
905	1040	0
906	1040	0
907	1040	0
908	1040	0
909	1040	0
911	1040	0
912	1040	0
913	1040	0
914	1040	0
916	1040	0
917	1040	0
918	1040	0
919	1040	1
920	1040	0
921	1040	1
922	1040	1
923	1040	0
924	1040	0
925	1040	0
927	1040	0
928	1040	0
930	1040	0
931	1040	0
933	1040	0
934	1040	0
936	1040	0
937	1040	0
939	1040	0
941	1040	0
942	1040	0
943	1040	0
944	1040	0
945	1040	0
946	1040	0
947	1040	0
948	1040	0
949	1040	0
950	1040	0
952	1040	0
953	1040	0
954	1040	0
955	1040	0
956	1040	0
958	1040	0
961	1040	0
962	1040	1
963	1040	0
964	1040	0
965	1040	0
966	1040	0
967	1040	0
