0	1150	0
1	1150	0
2	1150	0
3	1150	0
4	1150	0
5	1150	1
6	1150	1
7	1150	0
8	1150	1
10	1150	1
11	1150	0
12	1150	0
13	1150	1
15	1150	1
16	1150	0
17	1150	0
18	1150	0
19	1150	1
20	1150	0
21	1150	0
22	1150	0
23	1150	0
24	1150	0
25	1150	0
27	1150	0
28	1150	0
29	1150	0
30	1150	0
31	1150	1
32	1150	0
33	1150	0
34	1150	0
35	1150	0
36	1150	0
37	1150	0
38	1150	0
39	1150	0
40	1150	0
41	1150	0
42	1150	1
43	1150	0
44	1150	0
45	1150	0
47	1150	0
48	1150	0
49	1150	0
51	1150	0
53	1150	0
55	1150	0
56	1150	0
58	1150	0
59	1150	0
60	1150	0
61	1150	0
62	1150	0
63	1150	0
64	1150	1
65	1150	0
66	1150	0
67	1150	0
68	1150	0
69	1150	0
70	1150	0
71	1150	0
72	1150	0
73	1150	0
74	1150	0
75	1150	0
77	1150	1
78	1150	0
79	1150	0
80	1150	0
81	1150	0
83	1150	0
84	1150	0
85	1150	0
86	1150	0
87	1150	0
89	1150	0
90	1150	0
91	1150	0
92	1150	0
93	1150	0
94	1150	0
95	1150	0
96	1150	1
97	1150	0
98	1150	0
100	1150	0
101	1150	0
102	1150	1
103	1150	0
104	1150	0
105	1150	0
106	1150	0
107	1150	0
108	1150	0
109	1150	0
110	1150	1
111	1150	0
112	1150	0
113	1150	0
114	1150	0
115	1150	0
116	1150	0
117	1150	0
118	1150	0
120	1150	1
121	1150	0
124	1150	0
125	1150	0
129	1150	0
130	1150	0
131	1150	0
132	1150	0
133	1150	0
134	1150	0
135	1150	0
136	1150	0
137	1150	0
138	1150	1
139	1150	0
140	1150	0
141	1150	0
142	1150	1
143	1150	0
144	1150	0
145	1150	0
146	1150	0
147	1150	0
148	1150	1
149	1150	0
150	1150	0
151	1150	0
152	1150	1
153	1150	0
154	1150	0
155	1150	0
156	1150	0
157	1150	0
158	1150	0
159	1150	0
160	1150	0
161	1150	0
162	1150	0
163	1150	0
164	1150	1
165	1150	0
166	1150	1
167	1150	0
168	1150	0
169	1150	0
170	1150	0
171	1150	0
172	1150	0
173	1150	0
174	1150	0
175	1150	0
177	1150	0
178	1150	0
179	1150	0
180	1150	0
181	1150	0
182	1150	0
183	1150	0
184	1150	0
185	1150	0
186	1150	0
187	1150	0
188	1150	1
189	1150	0
190	1150	0
191	1150	1
193	1150	1
194	1150	1
195	1150	0
196	1150	1
197	1150	1
198	1150	0
199	1150	0
200	1150	0
201	1150	0
202	1150	0
203	1150	1
204	1150	1
206	1150	0
207	1150	1
208	1150	0
209	1150	1
210	1150	0
211	1150	0
212	1150	0
213	1150	0
214	1150	0
215	1150	0
216	1150	0
217	1150	0
218	1150	0
219	1150	0
220	1150	1
221	1150	0
222	1150	0
224	1150	0
225	1150	0
227	1150	0
228	1150	0
229	1150	0
230	1150	0
232	1150	0
233	1150	0
235	1150	0
237	1150	0
238	1150	0
239	1150	0
240	1150	1
245	1150	0
246	1150	0
247	1150	0
248	1150	0
249	1150	1
250	1150	0
251	1150	0
252	1150	0
253	1150	1
254	1150	0
255	1150	0
256	1150	0
257	1150	0
258	1150	1
259	1150	0
260	1150	0
261	1150	0
262	1150	0
263	1150	1
264	1150	0
265	1150	0
266	1150	0
267	1150	0
268	1150	0
271	1150	0
272	1150	0
273	1150	0
274	1150	0
275	1150	0
276	1150	0
277	1150	0
278	1150	0
280	1150	0
281	1150	0
282	1150	1
283	1150	0
284	1150	0
285	1150	0
286	1150	0
287	1150	0
288	1150	1
289	1150	0
290	1150	0
292	1150	0
293	1150	0
295	1150	1
296	1150	0
297	1150	0
298	1150	1
302	1150	0
303	1150	1
304	1150	0
305	1150	0
306	1150	0
308	1150	0
310	1150	0
311	1150	0
312	1150	1
313	1150	0
314	1150	0
315	1150	0
317	1150	0
318	1150	0
319	1150	0
321	1150	0
322	1150	0
323	1150	0
324	1150	0
325	1150	0
326	1150	0
327	1150	0
328	1150	1
329	1150	0
330	1150	0
331	1150	0
332	1150	0
333	1150	1
334	1150	0
336	1150	0
337	1150	0
338	1150	0
340	1150	0
341	1150	0
344	1150	0
345	1150	0
346	1150	0
347	1150	0
348	1150	0
349	1150	0
350	1150	1
351	1150	0
352	1150	0
353	1150	0
354	1150	0
355	1150	0
356	1150	0
357	1150	0
358	1150	0
359	1150	0
360	1150	0
361	1150	0
362	1150	0
363	1150	1
364	1150	1
365	1150	0
366	1150	0
367	1150	0
369	1150	1
370	1150	1
371	1150	0
372	1150	0
373	1150	0
374	1150	0
375	1150	0
376	1150	0
377	1150	0
378	1150	0
379	1150	0
381	1150	0
382	1150	0
383	1150	0
384	1150	0
385	1150	0
386	1150	0
387	1150	0
388	1150	0
389	1150	0
390	1150	0
391	1150	0
392	1150	0
393	1150	0
394	1150	0
395	1150	1
397	1150	0
398	1150	0
399	1150	0
401	1150	0
402	1150	0
403	1150	0
404	1150	0
405	1150	0
406	1150	0
407	1150	0
408	1150	1
409	1150	0
410	1150	0
412	1150	0
414	1150	0
415	1150	0
416	1150	0
417	1150	0
418	1150	0
419	1150	0
420	1150	0
421	1150	0
422	1150	0
423	1150	0
424	1150	0
425	1150	0
426	1150	0
427	1150	0
428	1150	0
429	1150	0
430	1150	1
431	1150	0
432	1150	0
434	1150	0
436	1150	0
437	1150	0
438	1150	0
439	1150	0
440	1150	0
441	1150	0
442	1150	0
444	1150	0
445	1150	0
446	1150	0
447	1150	0
449	1150	0
450	1150	0
451	1150	0
452	1150	0
453	1150	0
454	1150	0
455	1150	0
456	1150	0
457	1150	1
458	1150	0
459	1150	0
461	1150	0
462	1150	0
463	1150	0
464	1150	0
465	1150	0
466	1150	0
468	1150	0
469	1150	0
470	1150	0
471	1150	0
472	1150	0
473	1150	0
474	1150	0
475	1150	0
476	1150	0
477	1150	0
478	1150	0
479	1150	0
480	1150	0
481	1150	0
482	1150	0
483	1150	0
484	1150	0
486	1150	1
487	1150	0
488	1150	0
489	1150	0
490	1150	0
492	1150	0
493	1150	0
494	1150	0
496	1150	0
497	1150	0
498	1150	0
499	1150	0
500	1150	0
501	1150	0
502	1150	1
503	1150	0
504	1150	1
505	1150	0
506	1150	1
507	1150	1
508	1150	1
509	1150	0
510	1150	0
511	1150	0
512	1150	0
513	1150	0
514	1150	1
515	1150	0
516	1150	1
518	1150	1
519	1150	0
520	1150	0
521	1150	1
522	1150	0
523	1150	0
524	1150	0
525	1150	1
526	1150	0
527	1150	0
528	1150	0
530	1150	0
531	1150	0
533	1150	1
534	1150	0
535	1150	1
536	1150	0
538	1150	0
539	1150	0
541	1150	0
542	1150	1
543	1150	0
544	1150	0
545	1150	0
546	1150	0
547	1150	0
549	1150	0
550	1150	0
551	1150	0
553	1150	0
554	1150	0
555	1150	0
556	1150	0
557	1150	0
558	1150	0
559	1150	0
560	1150	0
561	1150	0
562	1150	0
563	1150	0
565	1150	0
566	1150	0
567	1150	0
568	1150	0
569	1150	1
571	1150	0
573	1150	0
574	1150	0
575	1150	0
576	1150	0
577	1150	1
578	1150	0
580	1150	0
583	1150	0
584	1150	1
585	1150	1
586	1150	0
587	1150	0
588	1150	0
589	1150	0
591	1150	0
593	1150	0
595	1150	0
596	1150	0
597	1150	0
598	1150	0
599	1150	0
600	1150	0
601	1150	0
602	1150	0
604	1150	0
605	1150	0
606	1150	0
607	1150	0
608	1150	0
609	1150	0
611	1150	0
612	1150	0
613	1150	0
614	1150	0
616	1150	0
617	1150	0
618	1150	0
619	1150	0
620	1150	0
621	1150	0
622	1150	0
624	1150	0
625	1150	0
626	1150	1
627	1150	0
628	1150	0
630	1150	0
632	1150	0
633	1150	0
634	1150	0
635	1150	0
636	1150	0
637	1150	0
638	1150	0
639	1150	0
640	1150	0
641	1150	0
642	1150	0
643	1150	1
644	1150	0
645	1150	1
646	1150	0
647	1150	0
648	1150	0
649	1150	1
650	1150	0
651	1150	1
652	1150	1
655	1150	0
656	1150	0
657	1150	0
659	1150	0
660	1150	0
661	1150	1
662	1150	0
663	1150	0
664	1150	1
665	1150	0
666	1150	0
667	1150	0
668	1150	0
669	1150	0
670	1150	0
671	1150	0
672	1150	1
673	1150	0
674	1150	0
676	1150	0
677	1150	0
678	1150	0
679	1150	0
680	1150	0
681	1150	0
683	1150	0
684	1150	0
685	1150	0
686	1150	0
687	1150	1
688	1150	0
689	1150	0
690	1150	0
691	1150	0
692	1150	0
693	1150	0
694	1150	0
695	1150	1
696	1150	0
697	1150	0
698	1150	0
699	1150	0
700	1150	0
701	1150	0
703	1150	0
705	1150	0
706	1150	0
707	1150	0
709	1150	1
710	1150	1
711	1150	0
712	1150	0
713	1150	0
714	1150	1
715	1150	0
717	1150	0
718	1150	0
719	1150	0
720	1150	0
721	1150	1
722	1150	0
723	1150	0
724	1150	0
725	1150	0
726	1150	1
727	1150	0
728	1150	0
729	1150	1
730	1150	0
732	1150	0
734	1150	0
735	1150	0
736	1150	0
737	1150	0
738	1150	0
739	1150	0
740	1150	0
741	1150	0
742	1150	0
743	1150	0
744	1150	0
745	1150	0
746	1150	0
747	1150	1
748	1150	0
749	1150	1
752	1150	0
753	1150	0
754	1150	0
755	1150	0
756	1150	0
757	1150	1
758	1150	0
759	1150	1
760	1150	0
762	1150	0
764	1150	0
765	1150	0
766	1150	0
767	1150	0
768	1150	0
769	1150	0
770	1150	0
771	1150	1
772	1150	0
773	1150	0
775	1150	0
776	1150	0
777	1150	0
778	1150	0
780	1150	1
781	1150	0
782	1150	0
783	1150	0
784	1150	0
786	1150	0
787	1150	0
788	1150	0
790	1150	0
791	1150	0
792	1150	0
793	1150	0
794	1150	0
795	1150	0
796	1150	0
797	1150	0
798	1150	0
799	1150	0
800	1150	0
801	1150	0
802	1150	1
803	1150	0
804	1150	0
806	1150	0
807	1150	1
808	1150	0
810	1150	0
811	1150	1
814	1150	0
816	1150	0
818	1150	0
819	1150	0
820	1150	0
822	1150	0
823	1150	0
824	1150	0
825	1150	0
826	1150	0
827	1150	0
830	1150	1
831	1150	0
832	1150	1
833	1150	0
835	1150	0
836	1150	0
837	1150	1
838	1150	0
839	1150	0
840	1150	0
843	1150	0
844	1150	0
845	1150	0
848	1150	0
849	1150	0
850	1150	0
851	1150	0
852	1150	0
853	1150	0
854	1150	0
855	1150	0
856	1150	0
857	1150	0
861	1150	0
862	1150	0
863	1150	0
864	1150	1
866	1150	0
867	1150	0
868	1150	0
869	1150	0
871	1150	0
873	1150	0
875	1150	0
876	1150	0
877	1150	0
878	1150	0
880	1150	0
881	1150	0
882	1150	0
883	1150	0
884	1150	0
885	1150	0
887	1150	0
888	1150	0
889	1150	0
890	1150	0
891	1150	0
892	1150	1
893	1150	0
894	1150	0
895	1150	0
896	1150	0
897	1150	0
898	1150	0
899	1150	0
900	1150	0
901	1150	0
903	1150	1
904	1150	0
905	1150	0
907	1150	0
908	1150	0
909	1150	0
910	1150	0
911	1150	1
912	1150	0
913	1150	0
915	1150	0
916	1150	0
917	1150	0
918	1150	0
919	1150	0
920	1150	0
921	1150	0
922	1150	0
923	1150	0
924	1150	0
925	1150	0
926	1150	0
927	1150	0
928	1150	0
929	1150	0
934	1150	0
935	1150	0
936	1150	0
937	1150	0
939	1150	0
940	1150	0
941	1150	0
942	1150	0
943	1150	0
944	1150	0
945	1150	0
946	1150	0
948	1150	0
949	1150	1
950	1150	0
952	1150	0
953	1150	0
954	1150	0
955	1150	1
956	1150	1
957	1150	0
958	1150	0
959	1150	0
960	1150	0
961	1150	0
962	1150	0
963	1150	0
964	1150	0
965	1150	0
966	1150	0
967	1150	1
