0	1030	0
1	1030	0
2	1030	0
3	1030	0
4	1030	0
5	1030	0
6	1030	0
7	1030	0
8	1030	0
9	1030	0
10	1030	1
11	1030	0
12	1030	0
13	1030	1
14	1030	1
15	1030	0
16	1030	1
17	1030	0
18	1030	0
19	1030	0
20	1030	0
21	1030	1
22	1030	1
23	1030	1
24	1030	1
26	1030	0
27	1030	0
28	1030	0
29	1030	0
30	1030	0
31	1030	0
32	1030	0
33	1030	0
34	1030	0
35	1030	0
36	1030	0
37	1030	0
38	1030	0
39	1030	0
40	1030	0
42	1030	1
43	1030	0
44	1030	0
45	1030	0
46	1030	0
47	1030	0
48	1030	0
49	1030	0
50	1030	0
51	1030	0
52	1030	0
53	1030	0
54	1030	0
55	1030	0
56	1030	0
57	1030	0
58	1030	0
59	1030	0
60	1030	0
61	1030	1
62	1030	0
64	1030	0
65	1030	0
66	1030	0
67	1030	0
68	1030	0
69	1030	0
70	1030	0
71	1030	1
72	1030	0
73	1030	0
74	1030	0
75	1030	0
76	1030	0
77	1030	0
78	1030	0
79	1030	0
80	1030	0
81	1030	1
82	1030	0
83	1030	0
84	1030	0
85	1030	1
86	1030	0
87	1030	0
88	1030	0
89	1030	0
90	1030	0
91	1030	0
92	1030	0
93	1030	0
94	1030	0
95	1030	0
96	1030	0
97	1030	0
98	1030	0
99	1030	0
100	1030	1
101	1030	0
102	1030	0
103	1030	0
104	1030	0
105	1030	0
106	1030	0
109	1030	0
111	1030	0
112	1030	0
113	1030	0
114	1030	0
115	1030	1
116	1030	0
117	1030	0
118	1030	0
119	1030	0
120	1030	0
121	1030	0
122	1030	0
123	1030	0
124	1030	0
125	1030	0
130	1030	0
131	1030	0
132	1030	0
133	1030	0
134	1030	0
136	1030	0
137	1030	0
138	1030	0
139	1030	0
140	1030	0
141	1030	0
142	1030	0
143	1030	0
144	1030	0
146	1030	0
147	1030	0
149	1030	0
150	1030	1
151	1030	0
152	1030	0
153	1030	0
154	1030	1
155	1030	0
156	1030	0
157	1030	0
158	1030	0
159	1030	0
160	1030	0
161	1030	0
162	1030	0
163	1030	0
164	1030	0
165	1030	0
166	1030	0
168	1030	0
169	1030	1
170	1030	1
171	1030	0
172	1030	0
173	1030	0
174	1030	0
175	1030	0
176	1030	0
177	1030	0
178	1030	0
179	1030	0
180	1030	0
181	1030	0
182	1030	0
183	1030	0
184	1030	0
187	1030	0
188	1030	0
189	1030	0
190	1030	0
191	1030	0
192	1030	0
193	1030	0
194	1030	0
195	1030	0
196	1030	0
197	1030	0
200	1030	0
201	1030	0
202	1030	0
203	1030	0
204	1030	0
206	1030	0
207	1030	0
208	1030	0
210	1030	0
211	1030	0
212	1030	0
213	1030	0
214	1030	1
216	1030	0
217	1030	0
218	1030	0
219	1030	0
220	1030	0
221	1030	1
222	1030	0
223	1030	0
224	1030	0
225	1030	1
226	1030	0
227	1030	0
228	1030	0
229	1030	0
230	1030	0
231	1030	0
232	1030	1
233	1030	0
234	1030	0
235	1030	0
236	1030	0
237	1030	0
238	1030	0
239	1030	0
240	1030	0
241	1030	0
242	1030	0
244	1030	0
245	1030	0
246	1030	0
247	1030	0
248	1030	0
249	1030	0
250	1030	0
251	1030	0
252	1030	0
253	1030	1
254	1030	0
255	1030	0
256	1030	0
258	1030	0
259	1030	0
260	1030	0
261	1030	0
262	1030	0
263	1030	0
264	1030	0
265	1030	0
266	1030	0
267	1030	0
268	1030	0
269	1030	0
270	1030	0
271	1030	0
272	1030	0
274	1030	0
275	1030	0
276	1030	0
277	1030	0
278	1030	0
279	1030	0
280	1030	0
281	1030	0
282	1030	0
283	1030	0
284	1030	0
285	1030	0
286	1030	0
288	1030	1
289	1030	0
290	1030	0
291	1030	1
292	1030	1
293	1030	0
294	1030	0
295	1030	0
296	1030	0
297	1030	0
298	1030	1
299	1030	0
300	1030	0
301	1030	0
302	1030	0
303	1030	1
304	1030	0
305	1030	0
306	1030	0
307	1030	1
308	1030	1
309	1030	0
310	1030	0
311	1030	0
312	1030	1
313	1030	0
314	1030	0
315	1030	0
316	1030	0
317	1030	0
318	1030	0
319	1030	0
320	1030	0
321	1030	0
322	1030	0
323	1030	0
324	1030	0
325	1030	0
326	1030	0
327	1030	0
328	1030	0
329	1030	0
330	1030	1
331	1030	0
333	1030	1
334	1030	0
335	1030	0
336	1030	0
337	1030	0
338	1030	0
339	1030	0
340	1030	0
341	1030	1
342	1030	1
343	1030	0
344	1030	0
346	1030	0
347	1030	0
348	1030	0
349	1030	0
350	1030	0
354	1030	0
355	1030	0
356	1030	1
357	1030	0
358	1030	0
359	1030	0
360	1030	1
361	1030	0
363	1030	0
364	1030	0
365	1030	0
366	1030	0
367	1030	0
368	1030	0
370	1030	0
371	1030	0
372	1030	0
373	1030	0
374	1030	0
375	1030	1
377	1030	0
378	1030	0
379	1030	0
380	1030	0
381	1030	0
382	1030	0
383	1030	0
384	1030	0
385	1030	0
386	1030	0
387	1030	0
388	1030	0
390	1030	0
391	1030	0
393	1030	0
394	1030	0
395	1030	0
396	1030	0
397	1030	0
398	1030	0
399	1030	0
400	1030	0
401	1030	0
402	1030	1
403	1030	0
404	1030	1
405	1030	0
406	1030	0
408	1030	0
409	1030	0
410	1030	0
411	1030	0
412	1030	0
413	1030	1
414	1030	0
415	1030	1
416	1030	0
417	1030	0
418	1030	0
419	1030	0
420	1030	0
421	1030	0
422	1030	0
423	1030	0
424	1030	0
425	1030	0
426	1030	0
427	1030	0
428	1030	0
429	1030	0
430	1030	1
431	1030	0
432	1030	0
433	1030	0
434	1030	0
435	1030	0
436	1030	0
437	1030	0
438	1030	0
439	1030	0
440	1030	0
441	1030	0
442	1030	0
443	1030	0
444	1030	0
445	1030	0
446	1030	0
447	1030	0
448	1030	0
449	1030	0
450	1030	0
451	1030	0
452	1030	0
453	1030	0
454	1030	0
455	1030	0
456	1030	0
457	1030	0
458	1030	0
459	1030	0
460	1030	0
461	1030	0
462	1030	1
463	1030	0
464	1030	0
465	1030	0
466	1030	0
467	1030	0
468	1030	0
469	1030	0
470	1030	0
471	1030	0
472	1030	0
473	1030	0
474	1030	0
475	1030	0
476	1030	0
477	1030	0
478	1030	0
480	1030	0
481	1030	0
482	1030	0
483	1030	0
484	1030	0
485	1030	0
486	1030	0
487	1030	0
489	1030	0
490	1030	0
491	1030	0
492	1030	0
493	1030	0
495	1030	1
496	1030	0
497	1030	0
499	1030	0
500	1030	0
501	1030	0
502	1030	0
503	1030	0
505	1030	1
508	1030	0
509	1030	0
510	1030	0
511	1030	1
512	1030	0
513	1030	0
514	1030	0
515	1030	1
516	1030	0
517	1030	1
518	1030	1
519	1030	0
520	1030	0
521	1030	0
522	1030	0
523	1030	0
524	1030	0
525	1030	1
526	1030	1
527	1030	0
528	1030	0
529	1030	0
533	1030	0
534	1030	0
536	1030	0
537	1030	0
538	1030	0
540	1030	0
541	1030	0
542	1030	0
543	1030	0
544	1030	0
546	1030	0
547	1030	0
548	1030	0
549	1030	0
550	1030	0
551	1030	0
553	1030	0
554	1030	0
555	1030	0
556	1030	0
557	1030	0
558	1030	0
559	1030	0
560	1030	0
561	1030	1
562	1030	0
563	1030	0
564	1030	0
565	1030	0
566	1030	0
567	1030	0
568	1030	0
569	1030	0
570	1030	0
571	1030	0
572	1030	0
573	1030	1
574	1030	0
575	1030	0
576	1030	1
577	1030	0
578	1030	0
579	1030	0
580	1030	0
582	1030	0
583	1030	0
584	1030	0
585	1030	0
586	1030	0
587	1030	0
588	1030	0
589	1030	0
590	1030	0
591	1030	0
592	1030	0
593	1030	0
594	1030	0
595	1030	0
596	1030	0
597	1030	0
598	1030	1
599	1030	0
600	1030	0
601	1030	0
602	1030	0
604	1030	0
605	1030	0
606	1030	0
607	1030	0
608	1030	0
609	1030	0
611	1030	0
612	1030	0
613	1030	0
614	1030	0
615	1030	0
616	1030	0
617	1030	0
618	1030	0
619	1030	0
620	1030	0
621	1030	0
622	1030	0
624	1030	0
625	1030	0
626	1030	0
627	1030	0
628	1030	0
630	1030	0
631	1030	0
632	1030	0
633	1030	0
635	1030	0
636	1030	0
637	1030	0
640	1030	0
641	1030	0
642	1030	0
643	1030	0
644	1030	0
645	1030	1
646	1030	0
647	1030	0
648	1030	0
649	1030	0
650	1030	0
651	1030	1
652	1030	1
653	1030	0
654	1030	0
655	1030	0
658	1030	0
659	1030	0
661	1030	0
662	1030	0
663	1030	0
664	1030	1
666	1030	0
667	1030	0
668	1030	0
669	1030	0
670	1030	0
671	1030	0
672	1030	0
673	1030	0
674	1030	0
675	1030	0
676	1030	1
680	1030	0
682	1030	0
683	1030	0
684	1030	0
685	1030	0
686	1030	0
689	1030	0
690	1030	0
691	1030	0
692	1030	1
693	1030	0
694	1030	0
695	1030	0
696	1030	0
697	1030	0
698	1030	0
699	1030	0
700	1030	0
701	1030	0
702	1030	0
703	1030	0
704	1030	0
705	1030	0
706	1030	0
707	1030	0
708	1030	0
709	1030	0
710	1030	0
711	1030	0
713	1030	0
714	1030	0
715	1030	0
716	1030	0
717	1030	0
718	1030	0
720	1030	0
721	1030	0
722	1030	0
728	1030	0
730	1030	0
731	1030	0
732	1030	1
733	1030	0
734	1030	0
735	1030	0
736	1030	0
737	1030	0
738	1030	0
739	1030	0
740	1030	0
741	1030	0
742	1030	0
743	1030	0
744	1030	0
745	1030	0
746	1030	1
747	1030	0
748	1030	0
749	1030	0
750	1030	0
751	1030	0
752	1030	0
753	1030	0
754	1030	0
755	1030	0
756	1030	0
758	1030	0
759	1030	0
760	1030	0
761	1030	0
762	1030	0
763	1030	0
764	1030	0
765	1030	1
766	1030	0
767	1030	0
768	1030	0
769	1030	0
770	1030	0
771	1030	0
772	1030	0
773	1030	0
774	1030	1
775	1030	0
776	1030	0
777	1030	0
778	1030	0
779	1030	0
780	1030	0
783	1030	0
784	1030	1
785	1030	0
786	1030	0
787	1030	0
788	1030	0
789	1030	0
790	1030	0
791	1030	0
794	1030	0
796	1030	0
797	1030	0
798	1030	0
799	1030	0
800	1030	0
801	1030	0
802	1030	1
803	1030	1
804	1030	0
806	1030	0
807	1030	0
808	1030	0
809	1030	0
810	1030	0
811	1030	0
814	1030	0
816	1030	0
817	1030	1
819	1030	0
820	1030	0
821	1030	0
825	1030	0
827	1030	1
828	1030	0
829	1030	1
830	1030	0
831	1030	0
832	1030	1
833	1030	0
834	1030	0
835	1030	0
836	1030	0
837	1030	0
839	1030	0
840	1030	0
841	1030	0
843	1030	0
844	1030	0
845	1030	0
846	1030	0
847	1030	0
848	1030	0
849	1030	1
850	1030	0
851	1030	0
852	1030	0
853	1030	0
854	1030	0
855	1030	0
856	1030	0
857	1030	0
858	1030	0
859	1030	0
860	1030	0
861	1030	0
862	1030	0
863	1030	0
864	1030	1
865	1030	0
866	1030	0
867	1030	0
868	1030	0
869	1030	0
870	1030	0
872	1030	0
873	1030	0
874	1030	0
875	1030	0
876	1030	0
877	1030	0
879	1030	1
880	1030	0
881	1030	0
882	1030	0
883	1030	0
884	1030	0
885	1030	0
886	1030	0
887	1030	0
888	1030	0
889	1030	0
890	1030	0
891	1030	1
892	1030	0
893	1030	0
894	1030	0
895	1030	0
896	1030	0
897	1030	0
898	1030	0
900	1030	0
901	1030	0
902	1030	0
903	1030	0
904	1030	0
905	1030	0
906	1030	0
907	1030	0
908	1030	0
909	1030	0
911	1030	0
912	1030	0
913	1030	0
914	1030	0
916	1030	0
917	1030	0
918	1030	0
919	1030	0
920	1030	0
921	1030	0
922	1030	0
923	1030	0
924	1030	0
925	1030	0
927	1030	1
928	1030	0
930	1030	0
931	1030	0
933	1030	0
934	1030	0
936	1030	0
937	1030	0
939	1030	0
940	1030	0
941	1030	0
942	1030	0
943	1030	0
944	1030	0
945	1030	0
946	1030	0
947	1030	0
948	1030	0
949	1030	0
950	1030	1
952	1030	0
953	1030	0
954	1030	0
955	1030	0
956	1030	1
961	1030	0
962	1030	0
963	1030	0
964	1030	0
965	1030	1
966	1030	0
967	1030	0
