0	1102	0
1	1102	0
2	1102	0
3	1102	0
4	1102	0
5	1102	0
6	1102	0
7	1102	0
8	1102	1
9	1102	1
10	1102	0
11	1102	0
12	1102	0
13	1102	0
14	1102	0
15	1102	0
16	1102	0
17	1102	0
18	1102	1
19	1102	0
20	1102	0
21	1102	0
22	1102	0
23	1102	0
24	1102	0
26	1102	0
27	1102	0
28	1102	0
29	1102	0
30	1102	0
31	1102	1
32	1102	1
33	1102	0
34	1102	1
35	1102	0
36	1102	0
37	1102	0
38	1102	0
39	1102	0
40	1102	0
42	1102	0
43	1102	0
44	1102	0
45	1102	1
46	1102	0
47	1102	1
48	1102	0
49	1102	0
50	1102	0
51	1102	1
52	1102	0
53	1102	0
54	1102	0
55	1102	0
56	1102	0
57	1102	0
58	1102	0
59	1102	1
60	1102	0
61	1102	0
62	1102	0
64	1102	1
65	1102	0
66	1102	1
67	1102	0
68	1102	0
69	1102	0
70	1102	0
71	1102	0
72	1102	0
73	1102	0
74	1102	0
75	1102	0
76	1102	0
77	1102	0
78	1102	0
79	1102	0
80	1102	0
81	1102	0
82	1102	0
83	1102	0
84	1102	0
85	1102	0
86	1102	0
87	1102	0
88	1102	0
89	1102	0
90	1102	0
91	1102	0
92	1102	0
93	1102	0
94	1102	0
95	1102	0
96	1102	1
97	1102	0
98	1102	0
99	1102	0
100	1102	0
101	1102	0
102	1102	0
103	1102	0
104	1102	0
105	1102	0
106	1102	0
109	1102	1
111	1102	0
112	1102	0
113	1102	0
114	1102	0
115	1102	0
116	1102	0
117	1102	0
118	1102	0
119	1102	0
120	1102	0
121	1102	0
122	1102	0
123	1102	0
124	1102	0
125	1102	0
126	1102	1
127	1102	0
129	1102	0
130	1102	0
131	1102	0
132	1102	0
133	1102	0
134	1102	0
136	1102	0
137	1102	0
138	1102	1
139	1102	0
140	1102	0
141	1102	0
142	1102	0
143	1102	0
144	1102	0
145	1102	0
146	1102	0
147	1102	0
148	1102	0
149	1102	0
150	1102	0
151	1102	0
152	1102	1
153	1102	0
154	1102	0
155	1102	0
156	1102	0
157	1102	0
158	1102	0
159	1102	0
160	1102	1
161	1102	0
162	1102	0
163	1102	1
165	1102	0
166	1102	0
167	1102	0
168	1102	0
169	1102	0
170	1102	1
171	1102	1
172	1102	1
173	1102	0
174	1102	0
175	1102	0
177	1102	0
178	1102	0
179	1102	0
180	1102	0
182	1102	0
183	1102	0
184	1102	1
185	1102	0
186	1102	0
187	1102	0
188	1102	1
189	1102	0
190	1102	1
191	1102	0
192	1102	0
193	1102	1
194	1102	0
195	1102	0
196	1102	0
197	1102	1
198	1102	0
199	1102	0
200	1102	0
201	1102	1
202	1102	0
203	1102	1
204	1102	0
206	1102	1
207	1102	0
208	1102	0
210	1102	1
211	1102	0
212	1102	1
213	1102	0
214	1102	0
215	1102	0
216	1102	0
217	1102	0
218	1102	0
219	1102	1
220	1102	0
222	1102	0
223	1102	1
224	1102	0
225	1102	0
226	1102	0
227	1102	1
228	1102	0
229	1102	0
230	1102	0
231	1102	0
232	1102	1
233	1102	0
234	1102	0
235	1102	0
236	1102	0
237	1102	0
238	1102	0
239	1102	1
240	1102	0
241	1102	0
242	1102	0
244	1102	0
245	1102	0
247	1102	0
248	1102	0
249	1102	0
250	1102	0
251	1102	1
252	1102	0
253	1102	1
254	1102	0
255	1102	1
256	1102	0
258	1102	0
259	1102	0
260	1102	0
261	1102	0
262	1102	0
263	1102	0
264	1102	0
265	1102	0
266	1102	0
267	1102	0
268	1102	0
269	1102	0
270	1102	0
271	1102	0
272	1102	0
273	1102	0
274	1102	0
275	1102	0
276	1102	0
277	1102	0
278	1102	0
279	1102	0
280	1102	0
281	1102	0
282	1102	1
283	1102	0
284	1102	0
285	1102	0
286	1102	0
287	1102	0
288	1102	0
289	1102	1
290	1102	1
291	1102	0
292	1102	0
293	1102	0
294	1102	0
295	1102	0
296	1102	1
297	1102	0
298	1102	0
299	1102	0
300	1102	0
301	1102	0
302	1102	0
303	1102	1
304	1102	0
305	1102	0
306	1102	0
307	1102	0
308	1102	0
309	1102	0
310	1102	0
311	1102	0
312	1102	0
313	1102	0
314	1102	0
315	1102	0
316	1102	0
317	1102	0
318	1102	0
319	1102	0
320	1102	0
321	1102	0
322	1102	0
323	1102	0
324	1102	0
325	1102	0
326	1102	0
327	1102	1
328	1102	0
329	1102	0
330	1102	0
331	1102	0
333	1102	0
335	1102	0
336	1102	0
337	1102	0
338	1102	0
339	1102	0
340	1102	0
342	1102	0
343	1102	0
344	1102	0
346	1102	1
347	1102	0
348	1102	1
349	1102	0
350	1102	0
351	1102	0
352	1102	0
354	1102	0
355	1102	0
357	1102	0
358	1102	1
359	1102	1
360	1102	0
361	1102	1
363	1102	0
364	1102	0
365	1102	0
366	1102	0
367	1102	0
368	1102	0
371	1102	0
372	1102	1
373	1102	1
374	1102	1
377	1102	0
378	1102	1
379	1102	1
380	1102	1
381	1102	1
382	1102	0
383	1102	0
384	1102	1
385	1102	0
386	1102	0
387	1102	0
388	1102	0
389	1102	0
390	1102	0
391	1102	0
393	1102	0
394	1102	0
395	1102	1
396	1102	0
398	1102	0
399	1102	0
400	1102	0
401	1102	0
402	1102	0
403	1102	0
404	1102	0
405	1102	0
406	1102	0
407	1102	0
408	1102	0
409	1102	0
410	1102	0
411	1102	0
412	1102	0
413	1102	0
414	1102	0
415	1102	0
416	1102	0
417	1102	0
418	1102	0
419	1102	0
420	1102	0
421	1102	0
422	1102	0
423	1102	1
424	1102	0
425	1102	0
426	1102	0
427	1102	0
428	1102	0
429	1102	0
431	1102	0
432	1102	0
433	1102	0
434	1102	0
435	1102	1
436	1102	1
437	1102	0
438	1102	1
439	1102	0
440	1102	0
441	1102	0
442	1102	0
443	1102	0
444	1102	0
445	1102	0
446	1102	1
447	1102	0
448	1102	0
449	1102	1
450	1102	0
451	1102	0
452	1102	0
453	1102	0
454	1102	0
455	1102	0
456	1102	0
457	1102	0
458	1102	0
459	1102	0
460	1102	0
461	1102	0
462	1102	0
463	1102	0
464	1102	0
465	1102	1
466	1102	0
467	1102	0
468	1102	0
469	1102	0
470	1102	0
471	1102	0
472	1102	0
473	1102	0
474	1102	0
475	1102	0
476	1102	0
477	1102	0
478	1102	0
480	1102	0
481	1102	0
482	1102	0
483	1102	0
484	1102	0
485	1102	0
486	1102	0
487	1102	0
489	1102	1
490	1102	0
491	1102	0
492	1102	0
493	1102	0
495	1102	0
496	1102	1
497	1102	1
499	1102	0
500	1102	0
501	1102	0
502	1102	0
503	1102	1
505	1102	0
506	1102	1
508	1102	1
509	1102	0
510	1102	0
511	1102	0
512	1102	0
513	1102	0
514	1102	1
515	1102	0
516	1102	0
517	1102	1
518	1102	1
519	1102	0
520	1102	1
521	1102	0
522	1102	0
523	1102	0
524	1102	1
525	1102	1
526	1102	0
527	1102	0
528	1102	0
529	1102	0
531	1102	0
533	1102	0
534	1102	0
536	1102	0
537	1102	0
538	1102	0
540	1102	0
541	1102	0
542	1102	0
543	1102	0
544	1102	0
546	1102	0
547	1102	0
548	1102	0
549	1102	0
550	1102	0
551	1102	1
553	1102	0
554	1102	0
555	1102	1
556	1102	0
557	1102	0
558	1102	0
559	1102	0
560	1102	0
561	1102	0
562	1102	0
563	1102	0
564	1102	0
565	1102	0
566	1102	0
567	1102	0
568	1102	0
569	1102	0
570	1102	0
571	1102	0
572	1102	0
573	1102	0
574	1102	0
575	1102	0
576	1102	0
577	1102	0
578	1102	0
579	1102	0
580	1102	0
582	1102	0
583	1102	0
584	1102	0
585	1102	0
586	1102	0
587	1102	0
588	1102	0
589	1102	0
590	1102	0
591	1102	0
592	1102	0
593	1102	0
594	1102	0
595	1102	0
596	1102	0
597	1102	0
598	1102	0
599	1102	0
600	1102	0
601	1102	0
602	1102	0
604	1102	0
605	1102	0
606	1102	0
607	1102	0
608	1102	0
609	1102	0
611	1102	0
612	1102	0
613	1102	0
614	1102	0
615	1102	0
616	1102	0
617	1102	0
618	1102	0
619	1102	0
620	1102	0
621	1102	0
622	1102	0
624	1102	0
625	1102	0
626	1102	0
627	1102	0
628	1102	0
630	1102	0
631	1102	0
632	1102	0
633	1102	0
635	1102	0
636	1102	0
637	1102	1
640	1102	0
641	1102	0
642	1102	0
643	1102	1
644	1102	0
645	1102	1
646	1102	0
647	1102	0
648	1102	0
649	1102	0
650	1102	0
651	1102	0
652	1102	1
653	1102	0
654	1102	1
655	1102	0
656	1102	1
657	1102	1
658	1102	0
659	1102	0
660	1102	0
661	1102	1
662	1102	0
663	1102	0
664	1102	1
666	1102	1
667	1102	0
668	1102	0
669	1102	0
670	1102	0
671	1102	0
672	1102	0
673	1102	1
674	1102	0
675	1102	0
676	1102	0
677	1102	0
678	1102	0
679	1102	0
680	1102	0
681	1102	0
682	1102	0
683	1102	0
684	1102	0
685	1102	0
686	1102	0
687	1102	0
688	1102	0
689	1102	0
690	1102	0
691	1102	1
692	1102	1
693	1102	0
694	1102	1
695	1102	0
696	1102	0
697	1102	0
698	1102	0
699	1102	0
700	1102	0
701	1102	0
702	1102	0
703	1102	1
704	1102	0
705	1102	0
706	1102	0
707	1102	0
708	1102	0
709	1102	1
710	1102	0
711	1102	0
712	1102	0
713	1102	1
714	1102	0
715	1102	1
716	1102	0
717	1102	0
718	1102	0
719	1102	0
720	1102	0
721	1102	1
722	1102	0
723	1102	0
724	1102	0
725	1102	0
726	1102	0
727	1102	0
728	1102	0
730	1102	0
731	1102	0
732	1102	1
733	1102	0
734	1102	0
735	1102	0
736	1102	0
737	1102	1
738	1102	1
739	1102	0
740	1102	0
741	1102	0
742	1102	1
743	1102	0
744	1102	0
745	1102	0
746	1102	0
747	1102	1
748	1102	1
749	1102	0
750	1102	1
751	1102	0
752	1102	1
753	1102	0
754	1102	0
755	1102	0
756	1102	0
757	1102	0
758	1102	0
759	1102	0
760	1102	0
761	1102	0
762	1102	0
763	1102	0
764	1102	0
765	1102	0
767	1102	0
768	1102	0
769	1102	0
770	1102	0
771	1102	0
772	1102	0
773	1102	0
774	1102	1
775	1102	0
776	1102	0
777	1102	0
778	1102	0
779	1102	0
780	1102	0
782	1102	0
783	1102	0
784	1102	1
785	1102	0
786	1102	0
787	1102	0
788	1102	0
789	1102	0
790	1102	0
791	1102	0
793	1102	0
794	1102	0
795	1102	0
796	1102	0
797	1102	0
798	1102	0
799	1102	0
800	1102	0
801	1102	0
802	1102	0
803	1102	0
804	1102	0
806	1102	0
807	1102	0
808	1102	0
809	1102	0
810	1102	0
811	1102	0
812	1102	0
813	1102	0
814	1102	0
816	1102	0
817	1102	0
818	1102	0
819	1102	0
820	1102	0
821	1102	0
822	1102	0
823	1102	0
824	1102	0
825	1102	0
826	1102	0
827	1102	1
828	1102	0
829	1102	1
830	1102	1
831	1102	1
832	1102	0
833	1102	1
834	1102	1
835	1102	0
836	1102	0
837	1102	0
839	1102	1
840	1102	0
841	1102	0
842	1102	0
843	1102	0
844	1102	0
845	1102	0
846	1102	0
847	1102	0
848	1102	0
849	1102	0
850	1102	0
851	1102	0
852	1102	0
853	1102	0
854	1102	0
855	1102	0
856	1102	0
857	1102	0
858	1102	0
859	1102	0
860	1102	0
861	1102	0
862	1102	0
863	1102	0
864	1102	0
865	1102	0
866	1102	0
867	1102	0
868	1102	0
869	1102	0
870	1102	1
872	1102	0
873	1102	0
874	1102	0
875	1102	0
876	1102	0
877	1102	0
878	1102	0
879	1102	0
880	1102	0
881	1102	0
882	1102	0
883	1102	0
884	1102	0
885	1102	0
886	1102	0
887	1102	0
888	1102	1
889	1102	1
890	1102	0
891	1102	0
892	1102	0
893	1102	0
894	1102	0
895	1102	1
896	1102	0
897	1102	0
898	1102	0
900	1102	0
901	1102	0
902	1102	0
903	1102	0
904	1102	0
905	1102	0
906	1102	0
907	1102	0
908	1102	0
909	1102	0
910	1102	0
911	1102	0
912	1102	1
913	1102	0
914	1102	0
916	1102	0
917	1102	0
918	1102	0
919	1102	0
920	1102	0
921	1102	1
922	1102	0
923	1102	0
924	1102	0
925	1102	0
926	1102	0
927	1102	0
928	1102	0
930	1102	0
931	1102	0
933	1102	0
934	1102	0
935	1102	0
936	1102	0
937	1102	1
938	1102	0
939	1102	0
940	1102	0
941	1102	0
942	1102	0
943	1102	0
944	1102	0
945	1102	0
946	1102	0
947	1102	0
948	1102	0
949	1102	0
950	1102	0
952	1102	0
953	1102	0
954	1102	0
955	1102	0
956	1102	1
958	1102	1
959	1102	0
961	1102	0
962	1102	0
963	1102	1
964	1102	0
965	1102	1
967	1102	0
