0	1142	0
1	1142	0
2	1142	0
3	1142	0
4	1142	0
5	1142	0
6	1142	0
7	1142	0
8	1142	1
10	1142	0
11	1142	0
12	1142	0
13	1142	1
15	1142	0
16	1142	0
17	1142	1
18	1142	0
19	1142	0
20	1142	0
21	1142	1
22	1142	0
23	1142	0
24	1142	0
25	1142	0
27	1142	0
28	1142	0
29	1142	0
30	1142	0
31	1142	1
32	1142	0
33	1142	0
34	1142	0
35	1142	0
36	1142	0
37	1142	0
38	1142	0
39	1142	1
40	1142	1
41	1142	0
42	1142	0
43	1142	0
44	1142	0
45	1142	0
47	1142	0
48	1142	0
49	1142	0
51	1142	0
53	1142	0
55	1142	0
56	1142	0
58	1142	0
59	1142	0
60	1142	0
61	1142	0
62	1142	0
63	1142	0
64	1142	1
65	1142	0
66	1142	0
67	1142	0
68	1142	0
69	1142	0
70	1142	0
71	1142	0
72	1142	0
73	1142	0
74	1142	0
75	1142	0
78	1142	0
80	1142	0
81	1142	0
83	1142	0
84	1142	0
85	1142	0
86	1142	0
87	1142	0
89	1142	0
90	1142	0
91	1142	0
92	1142	0
93	1142	0
94	1142	0
95	1142	0
96	1142	0
97	1142	0
98	1142	0
100	1142	1
101	1142	0
103	1142	0
104	1142	1
105	1142	0
106	1142	0
107	1142	0
108	1142	0
109	1142	0
110	1142	1
111	1142	0
112	1142	0
113	1142	0
114	1142	0
115	1142	0
116	1142	0
117	1142	0
118	1142	0
120	1142	0
121	1142	0
124	1142	0
125	1142	0
129	1142	0
130	1142	0
131	1142	0
132	1142	1
133	1142	0
134	1142	0
135	1142	0
136	1142	0
137	1142	0
138	1142	0
139	1142	0
140	1142	0
141	1142	0
142	1142	1
143	1142	0
144	1142	0
145	1142	0
146	1142	0
147	1142	0
148	1142	0
149	1142	0
150	1142	0
151	1142	0
152	1142	0
153	1142	0
154	1142	0
155	1142	0
156	1142	0
157	1142	0
158	1142	0
159	1142	0
160	1142	0
161	1142	0
162	1142	0
163	1142	0
164	1142	1
166	1142	0
167	1142	0
168	1142	0
169	1142	0
170	1142	0
171	1142	0
172	1142	0
173	1142	0
174	1142	0
175	1142	1
177	1142	0
178	1142	1
179	1142	0
180	1142	0
181	1142	1
182	1142	0
183	1142	0
184	1142	1
185	1142	0
186	1142	0
187	1142	0
188	1142	1
189	1142	0
190	1142	0
191	1142	0
193	1142	0
194	1142	0
195	1142	0
196	1142	1
197	1142	0
198	1142	0
199	1142	0
200	1142	0
201	1142	0
202	1142	0
203	1142	0
204	1142	1
206	1142	0
207	1142	0
208	1142	0
209	1142	0
210	1142	0
211	1142	0
212	1142	0
213	1142	0
214	1142	0
215	1142	0
216	1142	0
217	1142	0
218	1142	0
219	1142	0
220	1142	1
221	1142	0
222	1142	0
224	1142	0
225	1142	0
227	1142	0
228	1142	0
229	1142	0
230	1142	0
232	1142	0
233	1142	0
235	1142	0
237	1142	0
238	1142	0
239	1142	0
240	1142	1
245	1142	0
246	1142	0
247	1142	1
248	1142	0
249	1142	0
250	1142	0
251	1142	0
252	1142	0
253	1142	1
254	1142	0
255	1142	0
256	1142	0
257	1142	0
258	1142	0
259	1142	0
260	1142	0
261	1142	0
262	1142	0
263	1142	0
264	1142	0
265	1142	1
266	1142	1
267	1142	0
268	1142	0
271	1142	0
272	1142	0
273	1142	0
274	1142	1
275	1142	0
276	1142	0
277	1142	0
278	1142	0
280	1142	0
281	1142	0
282	1142	0
283	1142	1
284	1142	0
285	1142	0
286	1142	0
287	1142	0
288	1142	0
289	1142	1
290	1142	1
292	1142	0
293	1142	0
295	1142	1
296	1142	0
297	1142	0
298	1142	0
302	1142	0
303	1142	1
304	1142	0
305	1142	0
306	1142	0
308	1142	0
310	1142	0
311	1142	0
312	1142	0
313	1142	0
314	1142	0
315	1142	0
317	1142	0
318	1142	0
319	1142	0
321	1142	0
322	1142	0
323	1142	0
324	1142	1
325	1142	1
326	1142	0
327	1142	0
328	1142	0
329	1142	0
330	1142	0
331	1142	1
332	1142	0
333	1142	0
334	1142	0
336	1142	0
337	1142	0
338	1142	0
340	1142	0
341	1142	0
344	1142	0
345	1142	0
346	1142	0
347	1142	0
348	1142	0
349	1142	0
350	1142	0
351	1142	0
352	1142	0
353	1142	0
354	1142	0
355	1142	0
356	1142	0
357	1142	0
358	1142	1
359	1142	1
360	1142	1
361	1142	0
362	1142	0
363	1142	1
364	1142	1
365	1142	0
366	1142	0
367	1142	0
369	1142	0
370	1142	1
371	1142	0
372	1142	0
373	1142	0
374	1142	0
375	1142	0
376	1142	0
377	1142	0
378	1142	0
379	1142	1
381	1142	0
382	1142	0
383	1142	0
384	1142	0
385	1142	0
386	1142	0
387	1142	0
388	1142	0
389	1142	0
390	1142	1
391	1142	1
392	1142	0
394	1142	0
395	1142	0
397	1142	0
398	1142	0
399	1142	0
401	1142	0
402	1142	1
403	1142	0
404	1142	1
405	1142	0
406	1142	0
407	1142	1
408	1142	0
409	1142	0
410	1142	0
412	1142	1
414	1142	0
415	1142	0
416	1142	0
417	1142	0
418	1142	0
419	1142	0
420	1142	1
421	1142	1
422	1142	0
423	1142	0
424	1142	1
425	1142	0
426	1142	1
427	1142	0
428	1142	0
429	1142	0
430	1142	0
431	1142	0
432	1142	0
434	1142	0
436	1142	0
437	1142	0
438	1142	0
439	1142	0
440	1142	0
441	1142	0
444	1142	0
445	1142	0
446	1142	1
447	1142	0
449	1142	0
450	1142	0
451	1142	0
452	1142	0
453	1142	0
454	1142	0
455	1142	0
456	1142	0
457	1142	1
458	1142	0
459	1142	0
461	1142	0
463	1142	0
464	1142	0
465	1142	0
466	1142	0
468	1142	0
469	1142	1
470	1142	0
471	1142	0
472	1142	0
473	1142	0
474	1142	0
475	1142	0
476	1142	0
477	1142	1
478	1142	1
479	1142	0
480	1142	0
481	1142	0
482	1142	0
483	1142	0
484	1142	0
486	1142	0
487	1142	0
488	1142	0
489	1142	0
490	1142	0
492	1142	0
493	1142	0
494	1142	0
496	1142	0
497	1142	0
498	1142	1
499	1142	0
500	1142	0
501	1142	0
502	1142	1
503	1142	1
504	1142	0
505	1142	0
507	1142	1
508	1142	0
509	1142	1
510	1142	0
511	1142	0
512	1142	0
513	1142	0
514	1142	1
515	1142	0
516	1142	0
518	1142	0
519	1142	0
520	1142	0
521	1142	0
522	1142	0
523	1142	0
524	1142	1
525	1142	0
526	1142	0
527	1142	0
528	1142	0
530	1142	0
531	1142	0
533	1142	0
534	1142	0
535	1142	0
536	1142	0
538	1142	0
539	1142	0
541	1142	0
542	1142	0
543	1142	0
544	1142	0
545	1142	0
546	1142	0
547	1142	0
549	1142	0
550	1142	0
551	1142	1
553	1142	0
554	1142	0
555	1142	0
556	1142	0
557	1142	0
558	1142	0
559	1142	0
560	1142	0
561	1142	0
562	1142	0
563	1142	0
565	1142	0
566	1142	0
567	1142	0
568	1142	0
569	1142	0
571	1142	0
573	1142	0
574	1142	0
575	1142	0
576	1142	0
578	1142	0
580	1142	0
583	1142	0
584	1142	0
585	1142	0
586	1142	0
587	1142	0
588	1142	0
589	1142	0
591	1142	0
593	1142	1
595	1142	0
596	1142	0
597	1142	0
598	1142	0
599	1142	0
600	1142	0
601	1142	0
602	1142	0
604	1142	0
605	1142	1
606	1142	0
607	1142	0
608	1142	0
609	1142	0
611	1142	0
612	1142	0
613	1142	0
614	1142	0
616	1142	0
617	1142	0
618	1142	0
619	1142	0
620	1142	0
621	1142	0
622	1142	0
624	1142	0
625	1142	0
627	1142	0
628	1142	0
630	1142	0
632	1142	0
633	1142	0
634	1142	0
635	1142	0
636	1142	0
637	1142	0
638	1142	1
639	1142	0
640	1142	0
641	1142	0
642	1142	0
643	1142	0
644	1142	0
645	1142	1
646	1142	0
647	1142	0
648	1142	0
649	1142	1
650	1142	1
651	1142	0
652	1142	1
654	1142	0
655	1142	0
656	1142	0
657	1142	0
659	1142	0
660	1142	0
661	1142	1
662	1142	1
663	1142	1
664	1142	0
665	1142	1
666	1142	0
667	1142	0
668	1142	0
669	1142	0
670	1142	0
671	1142	0
672	1142	0
673	1142	0
674	1142	0
676	1142	0
677	1142	0
678	1142	0
679	1142	1
680	1142	0
681	1142	0
683	1142	0
684	1142	0
685	1142	0
686	1142	0
687	1142	0
688	1142	0
689	1142	0
690	1142	0
691	1142	0
692	1142	0
693	1142	0
694	1142	0
695	1142	0
696	1142	0
697	1142	0
698	1142	0
699	1142	0
700	1142	0
701	1142	0
703	1142	0
705	1142	0
706	1142	0
707	1142	0
709	1142	0
711	1142	0
712	1142	0
713	1142	0
714	1142	0
715	1142	1
717	1142	0
718	1142	0
719	1142	0
720	1142	0
721	1142	1
722	1142	0
723	1142	0
724	1142	0
725	1142	0
726	1142	0
727	1142	0
728	1142	0
729	1142	0
730	1142	0
732	1142	0
734	1142	0
735	1142	0
736	1142	0
737	1142	0
738	1142	0
739	1142	1
740	1142	0
741	1142	0
742	1142	1
743	1142	1
744	1142	0
745	1142	0
746	1142	0
747	1142	1
748	1142	0
749	1142	1
752	1142	0
753	1142	0
754	1142	0
755	1142	0
756	1142	0
757	1142	0
758	1142	0
759	1142	0
760	1142	0
762	1142	0
764	1142	0
765	1142	0
766	1142	0
767	1142	0
768	1142	0
769	1142	0
770	1142	0
771	1142	0
772	1142	0
773	1142	0
775	1142	0
776	1142	0
777	1142	0
778	1142	0
780	1142	0
781	1142	0
782	1142	0
783	1142	0
784	1142	0
786	1142	0
787	1142	0
788	1142	0
790	1142	0
791	1142	0
792	1142	0
793	1142	0
794	1142	0
795	1142	0
796	1142	0
797	1142	1
798	1142	0
799	1142	0
800	1142	1
801	1142	0
802	1142	1
803	1142	0
804	1142	0
806	1142	0
807	1142	0
808	1142	0
810	1142	0
811	1142	0
814	1142	0
816	1142	0
818	1142	0
819	1142	0
820	1142	0
822	1142	0
823	1142	0
824	1142	0
825	1142	0
826	1142	0
827	1142	0
830	1142	0
831	1142	0
832	1142	0
833	1142	0
835	1142	0
836	1142	0
837	1142	0
838	1142	0
839	1142	0
840	1142	0
843	1142	0
844	1142	0
845	1142	0
848	1142	0
849	1142	0
850	1142	0
851	1142	0
852	1142	0
853	1142	0
854	1142	0
855	1142	0
856	1142	0
857	1142	0
861	1142	0
862	1142	0
863	1142	0
864	1142	0
866	1142	0
867	1142	0
868	1142	0
869	1142	0
871	1142	0
873	1142	0
875	1142	0
876	1142	0
877	1142	0
878	1142	0
880	1142	0
881	1142	0
882	1142	0
883	1142	0
884	1142	0
885	1142	0
887	1142	1
888	1142	0
889	1142	0
890	1142	0
891	1142	0
892	1142	0
893	1142	0
894	1142	0
895	1142	1
896	1142	0
897	1142	0
898	1142	0
899	1142	1
900	1142	0
901	1142	0
903	1142	0
904	1142	0
905	1142	0
907	1142	0
908	1142	0
909	1142	0
910	1142	0
911	1142	0
912	1142	0
913	1142	0
915	1142	0
916	1142	0
917	1142	0
918	1142	0
919	1142	0
920	1142	0
921	1142	0
922	1142	0
923	1142	0
924	1142	0
925	1142	0
926	1142	1
927	1142	0
928	1142	0
929	1142	0
934	1142	0
935	1142	0
936	1142	0
937	1142	0
939	1142	0
940	1142	1
941	1142	0
942	1142	0
943	1142	1
944	1142	0
945	1142	0
946	1142	0
948	1142	1
949	1142	1
950	1142	0
952	1142	0
953	1142	0
954	1142	0
955	1142	1
956	1142	0
957	1142	0
958	1142	0
959	1142	0
960	1142	0
961	1142	0
962	1142	0
963	1142	0
964	1142	0
965	1142	0
966	1142	0
967	1142	0
