0	1079	0
1	1079	0
2	1079	0
3	1079	0
4	1079	0
5	1079	0
6	1079	0
7	1079	0
8	1079	0
9	1079	0
10	1079	0
11	1079	0
12	1079	0
13	1079	0
14	1079	0
15	1079	0
16	1079	0
17	1079	1
18	1079	1
19	1079	0
20	1079	0
21	1079	0
22	1079	0
23	1079	0
24	1079	0
26	1079	0
27	1079	0
28	1079	1
29	1079	0
30	1079	0
31	1079	0
32	1079	0
33	1079	0
34	1079	0
35	1079	0
36	1079	0
37	1079	0
38	1079	0
39	1079	0
40	1079	1
42	1079	0
43	1079	0
44	1079	0
45	1079	1
46	1079	0
47	1079	0
48	1079	0
49	1079	0
50	1079	0
51	1079	0
52	1079	0
53	1079	0
54	1079	0
55	1079	0
56	1079	0
57	1079	0
58	1079	0
59	1079	1
60	1079	0
61	1079	1
62	1079	0
64	1079	0
65	1079	0
66	1079	1
67	1079	0
68	1079	0
69	1079	0
70	1079	1
71	1079	0
72	1079	0
73	1079	0
74	1079	0
75	1079	1
76	1079	0
77	1079	0
78	1079	0
79	1079	0
80	1079	0
81	1079	0
82	1079	0
83	1079	0
84	1079	0
85	1079	0
86	1079	1
87	1079	0
88	1079	0
89	1079	0
90	1079	0
91	1079	0
92	1079	0
93	1079	0
94	1079	0
95	1079	0
96	1079	0
97	1079	0
98	1079	0
99	1079	0
100	1079	1
101	1079	0
102	1079	0
103	1079	0
104	1079	0
105	1079	0
106	1079	0
109	1079	0
111	1079	0
112	1079	0
113	1079	0
114	1079	0
115	1079	0
116	1079	0
117	1079	0
118	1079	0
119	1079	0
120	1079	0
121	1079	0
122	1079	0
123	1079	1
124	1079	0
125	1079	0
126	1079	0
127	1079	0
129	1079	0
130	1079	0
131	1079	0
132	1079	0
133	1079	0
134	1079	0
136	1079	0
137	1079	0
138	1079	0
139	1079	0
140	1079	1
141	1079	0
142	1079	0
143	1079	0
144	1079	0
145	1079	0
146	1079	0
147	1079	0
148	1079	0
149	1079	0
150	1079	1
151	1079	0
152	1079	0
153	1079	0
154	1079	0
155	1079	0
156	1079	0
157	1079	0
158	1079	0
159	1079	0
160	1079	0
161	1079	0
162	1079	0
163	1079	0
165	1079	0
166	1079	0
167	1079	0
168	1079	1
169	1079	0
170	1079	1
171	1079	0
172	1079	0
173	1079	0
174	1079	0
175	1079	0
177	1079	0
178	1079	0
179	1079	0
180	1079	0
182	1079	0
183	1079	0
184	1079	0
185	1079	1
186	1079	0
187	1079	0
188	1079	1
189	1079	0
190	1079	0
191	1079	0
192	1079	1
193	1079	1
194	1079	0
195	1079	0
196	1079	1
197	1079	0
198	1079	1
199	1079	0
200	1079	0
201	1079	0
202	1079	0
203	1079	1
204	1079	0
206	1079	0
207	1079	0
208	1079	0
210	1079	0
211	1079	0
212	1079	0
213	1079	0
214	1079	0
215	1079	0
216	1079	0
217	1079	0
218	1079	0
219	1079	1
220	1079	0
222	1079	0
223	1079	0
224	1079	0
225	1079	0
226	1079	0
227	1079	0
228	1079	0
229	1079	0
230	1079	0
231	1079	0
232	1079	0
233	1079	0
234	1079	0
235	1079	0
236	1079	0
237	1079	0
238	1079	0
239	1079	0
240	1079	0
241	1079	0
242	1079	0
244	1079	0
245	1079	0
246	1079	0
247	1079	1
248	1079	1
249	1079	0
250	1079	0
251	1079	0
252	1079	0
253	1079	0
254	1079	0
255	1079	0
256	1079	0
258	1079	0
259	1079	1
260	1079	0
261	1079	1
262	1079	0
263	1079	0
264	1079	0
265	1079	1
266	1079	0
267	1079	0
268	1079	0
269	1079	0
270	1079	0
271	1079	0
272	1079	1
274	1079	0
275	1079	1
276	1079	0
277	1079	0
278	1079	0
279	1079	0
280	1079	0
281	1079	0
282	1079	0
283	1079	0
284	1079	0
285	1079	0
286	1079	0
287	1079	0
288	1079	0
289	1079	0
290	1079	0
291	1079	1
292	1079	0
293	1079	0
294	1079	0
295	1079	0
296	1079	0
297	1079	0
298	1079	0
299	1079	0
300	1079	0
301	1079	0
302	1079	0
303	1079	0
304	1079	0
305	1079	1
306	1079	0
307	1079	0
308	1079	0
309	1079	0
310	1079	0
311	1079	0
312	1079	0
313	1079	1
314	1079	0
315	1079	0
316	1079	0
317	1079	0
318	1079	0
319	1079	0
320	1079	0
321	1079	0
322	1079	0
323	1079	0
324	1079	0
325	1079	0
326	1079	0
327	1079	0
328	1079	1
329	1079	0
330	1079	0
331	1079	0
333	1079	0
335	1079	0
336	1079	0
337	1079	0
338	1079	0
339	1079	0
340	1079	0
341	1079	0
342	1079	0
343	1079	0
344	1079	0
346	1079	1
347	1079	0
348	1079	0
349	1079	0
350	1079	0
351	1079	0
352	1079	0
354	1079	1
355	1079	0
357	1079	0
358	1079	0
359	1079	0
360	1079	0
361	1079	0
363	1079	0
364	1079	0
365	1079	0
366	1079	0
367	1079	0
368	1079	0
370	1079	1
371	1079	0
372	1079	0
373	1079	0
374	1079	1
375	1079	0
377	1079	0
378	1079	0
379	1079	0
380	1079	1
381	1079	0
382	1079	0
383	1079	0
384	1079	0
385	1079	0
386	1079	0
387	1079	0
388	1079	0
389	1079	0
390	1079	0
391	1079	0
393	1079	0
394	1079	0
395	1079	0
396	1079	0
398	1079	0
399	1079	0
400	1079	0
401	1079	0
402	1079	0
403	1079	0
404	1079	1
405	1079	0
406	1079	0
407	1079	1
408	1079	0
409	1079	0
410	1079	0
411	1079	0
412	1079	0
413	1079	0
414	1079	1
415	1079	1
416	1079	1
417	1079	0
418	1079	0
419	1079	0
420	1079	0
421	1079	0
422	1079	0
423	1079	0
424	1079	0
425	1079	0
426	1079	0
427	1079	0
428	1079	0
429	1079	0
431	1079	0
432	1079	0
433	1079	0
434	1079	0
435	1079	0
436	1079	0
437	1079	0
438	1079	1
439	1079	1
440	1079	0
441	1079	0
442	1079	0
443	1079	1
444	1079	0
445	1079	0
446	1079	0
447	1079	0
448	1079	0
449	1079	1
450	1079	0
451	1079	0
452	1079	0
453	1079	0
454	1079	0
455	1079	0
456	1079	0
457	1079	0
458	1079	0
459	1079	0
460	1079	0
461	1079	0
462	1079	0
463	1079	0
464	1079	0
465	1079	1
466	1079	0
467	1079	0
468	1079	0
469	1079	0
470	1079	0
471	1079	0
472	1079	0
473	1079	1
474	1079	0
475	1079	0
476	1079	0
477	1079	1
478	1079	0
480	1079	0
481	1079	0
482	1079	0
483	1079	0
484	1079	0
485	1079	0
486	1079	0
487	1079	0
489	1079	0
490	1079	0
491	1079	0
492	1079	0
493	1079	0
495	1079	0
496	1079	0
497	1079	0
499	1079	0
500	1079	0
501	1079	0
502	1079	0
503	1079	0
505	1079	0
506	1079	0
508	1079	0
509	1079	0
510	1079	0
511	1079	0
512	1079	0
513	1079	0
514	1079	1
515	1079	0
516	1079	0
517	1079	0
518	1079	1
519	1079	0
520	1079	1
521	1079	0
522	1079	1
523	1079	0
524	1079	0
525	1079	0
526	1079	1
527	1079	0
528	1079	0
529	1079	1
531	1079	0
533	1079	0
534	1079	0
536	1079	0
537	1079	0
538	1079	0
540	1079	0
541	1079	0
542	1079	0
543	1079	0
544	1079	0
546	1079	0
547	1079	0
548	1079	0
549	1079	0
550	1079	0
551	1079	0
553	1079	0
554	1079	0
555	1079	0
556	1079	0
557	1079	0
558	1079	0
559	1079	0
560	1079	1
561	1079	0
562	1079	0
563	1079	0
564	1079	0
565	1079	0
566	1079	0
567	1079	0
568	1079	0
569	1079	0
570	1079	0
571	1079	0
572	1079	0
574	1079	0
575	1079	0
576	1079	0
577	1079	0
578	1079	0
579	1079	0
580	1079	0
582	1079	0
583	1079	0
584	1079	0
585	1079	0
586	1079	0
587	1079	0
588	1079	0
589	1079	0
590	1079	0
591	1079	0
592	1079	0
593	1079	0
594	1079	0
595	1079	0
596	1079	0
597	1079	0
598	1079	0
599	1079	0
600	1079	0
601	1079	0
602	1079	0
604	1079	0
605	1079	0
606	1079	0
607	1079	0
608	1079	0
609	1079	1
611	1079	0
612	1079	0
613	1079	0
614	1079	0
615	1079	0
616	1079	0
617	1079	0
618	1079	0
619	1079	0
620	1079	1
621	1079	0
622	1079	0
624	1079	0
625	1079	0
626	1079	0
627	1079	0
628	1079	0
630	1079	0
631	1079	0
632	1079	0
633	1079	0
635	1079	0
636	1079	0
637	1079	0
640	1079	1
641	1079	0
642	1079	0
643	1079	0
644	1079	0
645	1079	0
646	1079	0
647	1079	0
648	1079	0
649	1079	0
650	1079	1
651	1079	0
652	1079	0
653	1079	0
654	1079	0
655	1079	0
656	1079	0
657	1079	1
658	1079	0
659	1079	0
660	1079	0
661	1079	1
662	1079	0
663	1079	0
664	1079	0
666	1079	1
667	1079	1
668	1079	0
669	1079	1
670	1079	0
671	1079	0
672	1079	0
673	1079	0
674	1079	0
675	1079	0
676	1079	0
677	1079	1
678	1079	0
679	1079	0
680	1079	0
681	1079	0
682	1079	0
683	1079	0
684	1079	0
685	1079	0
686	1079	0
687	1079	0
688	1079	0
689	1079	1
690	1079	0
691	1079	0
692	1079	1
693	1079	0
694	1079	0
695	1079	0
696	1079	0
697	1079	0
698	1079	0
699	1079	0
700	1079	0
701	1079	0
702	1079	0
703	1079	1
704	1079	0
705	1079	0
706	1079	0
707	1079	0
708	1079	0
709	1079	1
710	1079	1
711	1079	0
712	1079	0
713	1079	0
714	1079	0
715	1079	0
716	1079	0
717	1079	0
718	1079	0
719	1079	0
720	1079	0
721	1079	1
722	1079	0
723	1079	1
724	1079	0
725	1079	0
726	1079	0
727	1079	0
728	1079	0
730	1079	0
731	1079	0
732	1079	0
733	1079	0
734	1079	0
735	1079	0
736	1079	0
737	1079	0
738	1079	0
739	1079	0
740	1079	0
741	1079	0
742	1079	0
743	1079	0
744	1079	1
745	1079	0
746	1079	0
747	1079	0
748	1079	0
749	1079	0
750	1079	0
751	1079	0
752	1079	0
753	1079	0
754	1079	0
755	1079	0
756	1079	0
757	1079	0
758	1079	0
759	1079	0
760	1079	0
761	1079	0
762	1079	0
763	1079	1
764	1079	0
765	1079	0
767	1079	0
768	1079	0
769	1079	0
770	1079	0
771	1079	0
772	1079	0
773	1079	1
774	1079	1
775	1079	0
776	1079	0
777	1079	0
778	1079	0
779	1079	0
780	1079	0
782	1079	0
783	1079	0
784	1079	0
785	1079	0
786	1079	0
787	1079	0
788	1079	0
789	1079	0
790	1079	0
791	1079	0
793	1079	0
794	1079	0
795	1079	0
796	1079	0
797	1079	0
798	1079	0
799	1079	0
800	1079	0
801	1079	0
802	1079	0
803	1079	0
804	1079	0
806	1079	0
807	1079	0
808	1079	0
809	1079	0
810	1079	0
811	1079	1
812	1079	0
813	1079	1
814	1079	0
816	1079	0
817	1079	0
818	1079	0
819	1079	0
820	1079	1
821	1079	0
822	1079	0
823	1079	0
824	1079	0
825	1079	0
826	1079	0
827	1079	0
828	1079	0
829	1079	0
830	1079	1
831	1079	0
832	1079	1
833	1079	1
834	1079	1
835	1079	0
836	1079	0
837	1079	0
839	1079	0
840	1079	0
841	1079	0
842	1079	0
843	1079	0
844	1079	0
845	1079	0
846	1079	1
847	1079	0
848	1079	0
849	1079	0
850	1079	0
851	1079	0
852	1079	0
853	1079	0
854	1079	1
855	1079	0
856	1079	0
857	1079	0
858	1079	0
859	1079	0
860	1079	0
861	1079	0
862	1079	1
863	1079	0
864	1079	0
865	1079	0
866	1079	0
867	1079	0
868	1079	0
869	1079	0
870	1079	0
872	1079	0
873	1079	0
874	1079	0
875	1079	0
876	1079	0
877	1079	1
878	1079	1
879	1079	0
880	1079	0
881	1079	1
882	1079	0
883	1079	0
884	1079	1
885	1079	0
886	1079	0
887	1079	0
888	1079	1
889	1079	0
890	1079	0
891	1079	1
892	1079	0
893	1079	0
894	1079	0
895	1079	1
896	1079	0
897	1079	0
898	1079	0
900	1079	0
901	1079	0
902	1079	0
903	1079	0
904	1079	0
905	1079	0
906	1079	0
907	1079	1
908	1079	1
909	1079	0
910	1079	0
911	1079	0
912	1079	0
913	1079	0
914	1079	0
916	1079	0
917	1079	1
918	1079	0
919	1079	0
920	1079	0
921	1079	0
922	1079	0
923	1079	1
924	1079	0
925	1079	0
926	1079	0
927	1079	0
928	1079	0
930	1079	1
931	1079	0
933	1079	1
934	1079	0
935	1079	0
936	1079	0
937	1079	0
938	1079	0
939	1079	0
940	1079	0
941	1079	0
942	1079	0
943	1079	0
944	1079	0
945	1079	0
946	1079	0
947	1079	1
948	1079	0
949	1079	0
950	1079	0
952	1079	0
953	1079	1
954	1079	0
955	1079	0
956	1079	0
958	1079	0
959	1079	1
961	1079	0
962	1079	0
963	1079	0
964	1079	0
965	1079	1
967	1079	1
