1	1214	0
2	1214	0
3	1214	0
4	1214	0
5	1214	0
6	1214	0
7	1214	0
8	1214	0
9	1214	0
10	1214	0
11	1214	0
12	1214	0
13	1214	0
14	1214	0
16	1214	0
17	1214	0
18	1214	0
19	1214	0
20	1214	0
21	1214	0
22	1214	0
23	1214	0
24	1214	0
25	1214	0
26	1214	0
27	1214	0
28	1214	0
29	1214	0
31	1214	0
32	1214	0
33	1214	0
34	1214	0
35	1214	0
36	1214	0
37	1214	0
38	1214	0
39	1214	0
41	1214	0
43	1214	0
44	1214	0
45	1214	0
46	1214	0
47	1214	1
48	1214	0
49	1214	0
50	1214	0
51	1214	0
52	1214	0
53	1214	0
54	1214	0
55	1214	0
56	1214	0
58	1214	0
59	1214	0
60	1214	0
61	1214	0
62	1214	0
63	1214	0
64	1214	0
65	1214	0
66	1214	0
67	1214	0
68	1214	0
69	1214	0
70	1214	0
71	1214	0
72	1214	0
73	1214	0
74	1214	0
75	1214	0
77	1214	0
78	1214	0
79	1214	0
80	1214	0
81	1214	0
82	1214	0
83	1214	0
84	1214	0
85	1214	0
86	1214	0
87	1214	0
88	1214	0
89	1214	0
91	1214	0
92	1214	0
93	1214	0
94	1214	0
95	1214	0
96	1214	0
97	1214	0
98	1214	0
99	1214	0
100	1214	0
101	1214	0
102	1214	0
103	1214	0
104	1214	0
105	1214	0
106	1214	0
107	1214	0
108	1214	0
109	1214	0
110	1214	0
111	1214	0
112	1214	0
113	1214	0
114	1214	0
115	1214	0
116	1214	0
117	1214	0
118	1214	0
119	1214	0
120	1214	0
121	1214	0
122	1214	0
123	1214	0
124	1214	0
125	1214	0
128	1214	0
129	1214	0
130	1214	0
131	1214	0
132	1214	0
133	1214	0
134	1214	1
135	1214	0
136	1214	0
137	1214	0
139	1214	0
140	1214	0
141	1214	1
142	1214	0
143	1214	0
144	1214	0
145	1214	0
146	1214	0
147	1214	0
148	1214	0
149	1214	0
150	1214	0
151	1214	0
152	1214	0
153	1214	0
154	1214	0
155	1214	0
156	1214	0
158	1214	0
159	1214	0
160	1214	0
161	1214	0
162	1214	0
163	1214	0
165	1214	0
166	1214	0
167	1214	0
168	1214	0
169	1214	0
170	1214	0
171	1214	1
172	1214	0
173	1214	0
174	1214	0
175	1214	1
177	1214	0
178	1214	0
179	1214	0
180	1214	0
181	1214	0
182	1214	0
183	1214	0
184	1214	0
185	1214	0
186	1214	0
187	1214	0
188	1214	0
189	1214	0
191	1214	0
192	1214	0
193	1214	0
194	1214	0
195	1214	0
196	1214	0
197	1214	0
198	1214	0
199	1214	0
200	1214	0
201	1214	0
202	1214	0
203	1214	0
206	1214	0
207	1214	0
208	1214	0
209	1214	0
210	1214	0
211	1214	0
212	1214	0
214	1214	0
215	1214	0
216	1214	0
217	1214	0
218	1214	0
219	1214	0
220	1214	0
221	1214	0
222	1214	0
223	1214	0
224	1214	0
226	1214	0
227	1214	0
228	1214	0
229	1214	0
230	1214	0
231	1214	0
232	1214	0
233	1214	0
235	1214	0
236	1214	0
237	1214	0
238	1214	0
239	1214	0
240	1214	0
241	1214	0
242	1214	0
243	1214	0
244	1214	0
245	1214	0
246	1214	0
247	1214	0
248	1214	0
249	1214	0
250	1214	0
251	1214	0
252	1214	0
253	1214	0
254	1214	0
255	1214	0
256	1214	0
257	1214	0
258	1214	0
259	1214	0
260	1214	0
261	1214	0
262	1214	0
263	1214	0
264	1214	0
265	1214	0
266	1214	0
267	1214	0
268	1214	0
270	1214	0
271	1214	0
272	1214	0
273	1214	0
274	1214	0
275	1214	0
276	1214	0
277	1214	0
278	1214	0
279	1214	0
280	1214	0
281	1214	0
282	1214	0
283	1214	0
284	1214	0
285	1214	0
287	1214	0
288	1214	0
289	1214	0
290	1214	0
291	1214	0
292	1214	0
293	1214	0
294	1214	0
295	1214	0
296	1214	0
297	1214	0
298	1214	0
299	1214	0
300	1214	0
301	1214	0
302	1214	0
303	1214	0
304	1214	0
305	1214	0
306	1214	0
307	1214	0
308	1214	0
309	1214	0
310	1214	0
311	1214	0
312	1214	0
313	1214	0
314	1214	0
315	1214	0
316	1214	0
317	1214	0
318	1214	0
319	1214	0
320	1214	0
321	1214	0
322	1214	0
323	1214	0
324	1214	0
325	1214	0
326	1214	0
328	1214	0
329	1214	0
331	1214	0
332	1214	0
333	1214	0
334	1214	0
335	1214	0
336	1214	0
337	1214	0
338	1214	0
339	1214	0
340	1214	0
341	1214	0
342	1214	0
343	1214	0
344	1214	0
345	1214	1
346	1214	0
347	1214	0
348	1214	0
349	1214	0
350	1214	0
351	1214	0
352	1214	0
355	1214	0
356	1214	0
357	1214	0
358	1214	0
359	1214	0
360	1214	0
362	1214	0
363	1214	0
364	1214	0
365	1214	0
366	1214	0
367	1214	0
368	1214	0
369	1214	0
370	1214	0
371	1214	0
372	1214	0
373	1214	0
374	1214	0
375	1214	0
376	1214	0
377	1214	0
378	1214	0
379	1214	0
380	1214	0
381	1214	0
382	1214	0
383	1214	0
384	1214	0
385	1214	0
386	1214	0
387	1214	0
388	1214	0
389	1214	0
391	1214	0
392	1214	0
393	1214	0
394	1214	0
395	1214	0
396	1214	0
397	1214	0
398	1214	0
400	1214	0
401	1214	1
402	1214	0
403	1214	0
404	1214	0
405	1214	0
406	1214	0
407	1214	0
408	1214	0
411	1214	0
412	1214	0
413	1214	0
415	1214	0
416	1214	0
417	1214	0
418	1214	0
419	1214	0
420	1214	0
421	1214	0
422	1214	0
423	1214	0
424	1214	0
425	1214	0
426	1214	0
427	1214	0
428	1214	0
429	1214	0
430	1214	0
431	1214	0
432	1214	0
433	1214	0
434	1214	0
435	1214	0
436	1214	0
437	1214	0
438	1214	0
440	1214	0
441	1214	0
442	1214	0
443	1214	0
444	1214	0
445	1214	0
446	1214	0
447	1214	0
448	1214	0
449	1214	0
450	1214	0
451	1214	0
452	1214	0
453	1214	0
454	1214	0
455	1214	0
456	1214	0
457	1214	0
458	1214	0
459	1214	0
460	1214	0
461	1214	0
462	1214	0
463	1214	0
464	1214	0
465	1214	0
466	1214	0
467	1214	0
468	1214	0
469	1214	0
470	1214	0
471	1214	0
472	1214	0
473	1214	0
475	1214	0
476	1214	0
477	1214	0
478	1214	0
479	1214	0
480	1214	0
481	1214	0
482	1214	0
483	1214	0
484	1214	0
485	1214	0
486	1214	0
487	1214	0
488	1214	0
489	1214	0
491	1214	0
493	1214	0
494	1214	0
495	1214	0
496	1214	0
497	1214	0
499	1214	0
500	1214	0
501	1214	0
502	1214	0
503	1214	0
504	1214	0
505	1214	0
506	1214	0
507	1214	0
508	1214	0
509	1214	0
510	1214	0
511	1214	0
512	1214	0
513	1214	0
514	1214	0
515	1214	0
516	1214	0
517	1214	0
519	1214	0
520	1214	0
521	1214	0
522	1214	0
523	1214	0
524	1214	0
527	1214	0
528	1214	0
529	1214	0
530	1214	0
531	1214	0
533	1214	0
534	1214	0
535	1214	0
536	1214	0
537	1214	0
538	1214	0
539	1214	0
540	1214	0
541	1214	0
542	1214	0
543	1214	0
544	1214	0
545	1214	0
546	1214	0
547	1214	0
548	1214	0
549	1214	0
550	1214	0
551	1214	0
552	1214	0
553	1214	0
554	1214	0
555	1214	0
556	1214	0
557	1214	0
558	1214	0
560	1214	0
561	1214	0
562	1214	0
563	1214	0
564	1214	0
565	1214	0
566	1214	0
567	1214	0
568	1214	0
569	1214	0
570	1214	0
571	1214	0
572	1214	0
574	1214	0
575	1214	0
576	1214	0
577	1214	0
578	1214	0
579	1214	0
581	1214	0
582	1214	0
583	1214	0
584	1214	0
585	1214	0
586	1214	0
587	1214	0
588	1214	0
589	1214	0
590	1214	0
591	1214	0
593	1214	0
594	1214	0
595	1214	0
596	1214	0
597	1214	0
598	1214	0
599	1214	0
600	1214	0
601	1214	0
602	1214	0
604	1214	0
605	1214	0
607	1214	0
608	1214	0
609	1214	0
611	1214	0
612	1214	0
614	1214	0
615	1214	0
616	1214	0
617	1214	0
618	1214	0
619	1214	0
622	1214	0
624	1214	0
625	1214	0
626	1214	0
627	1214	0
628	1214	0
630	1214	0
632	1214	0
634	1214	0
635	1214	0
636	1214	0
637	1214	0
638	1214	0
639	1214	0
640	1214	0
642	1214	0
643	1214	0
644	1214	0
645	1214	0
646	1214	0
647	1214	0
648	1214	0
650	1214	0
651	1214	0
652	1214	0
653	1214	0
654	1214	0
655	1214	0
656	1214	0
657	1214	0
658	1214	0
659	1214	0
660	1214	0
661	1214	0
662	1214	0
663	1214	0
664	1214	0
666	1214	0
667	1214	0
669	1214	0
670	1214	0
671	1214	0
672	1214	0
673	1214	0
674	1214	0
675	1214	0
676	1214	0
677	1214	0
678	1214	0
679	1214	0
680	1214	0
681	1214	0
682	1214	0
683	1214	0
684	1214	0
685	1214	0
686	1214	0
687	1214	0
688	1214	0
689	1214	0
690	1214	0
691	1214	0
692	1214	0
693	1214	0
694	1214	0
696	1214	0
697	1214	0
698	1214	0
699	1214	0
700	1214	0
701	1214	0
702	1214	0
703	1214	0
704	1214	0
705	1214	0
706	1214	0
707	1214	0
708	1214	0
709	1214	0
710	1214	0
711	1214	0
712	1214	0
713	1214	0
715	1214	0
716	1214	0
717	1214	0
718	1214	0
719	1214	0
720	1214	0
721	1214	0
722	1214	0
723	1214	0
724	1214	0
725	1214	0
726	1214	0
727	1214	0
729	1214	0
730	1214	0
731	1214	0
732	1214	0
733	1214	0
734	1214	0
735	1214	0
736	1214	0
737	1214	0
738	1214	0
739	1214	0
740	1214	0
741	1214	0
742	1214	0
743	1214	0
744	1214	0
745	1214	0
747	1214	0
748	1214	0
749	1214	0
750	1214	0
751	1214	0
752	1214	0
753	1214	0
754	1214	0
755	1214	0
756	1214	0
758	1214	0
759	1214	0
760	1214	0
761	1214	0
762	1214	0
764	1214	0
765	1214	0
766	1214	0
767	1214	0
768	1214	0
769	1214	0
770	1214	0
771	1214	0
772	1214	0
773	1214	0
775	1214	0
776	1214	0
777	1214	0
778	1214	0
779	1214	0
780	1214	1
781	1214	0
782	1214	0
783	1214	0
784	1214	0
785	1214	0
786	1214	0
787	1214	0
788	1214	0
789	1214	0
790	1214	0
791	1214	0
792	1214	0
793	1214	0
794	1214	0
795	1214	0
796	1214	0
797	1214	0
798	1214	0
799	1214	0
800	1214	0
801	1214	0
802	1214	0
803	1214	0
804	1214	0
805	1214	0
806	1214	0
807	1214	0
808	1214	0
809	1214	0
810	1214	0
811	1214	0
812	1214	0
814	1214	0
816	1214	0
817	1214	0
818	1214	0
819	1214	0
820	1214	0
822	1214	0
823	1214	0
824	1214	0
825	1214	0
826	1214	0
827	1214	0
829	1214	0
830	1214	0
831	1214	0
832	1214	0
833	1214	0
835	1214	0
836	1214	0
838	1214	0
839	1214	0
840	1214	0
841	1214	0
842	1214	0
843	1214	0
844	1214	0
845	1214	0
846	1214	0
847	1214	0
848	1214	0
849	1214	0
850	1214	0
851	1214	0
852	1214	0
853	1214	0
854	1214	0
855	1214	0
856	1214	0
857	1214	0
858	1214	0
859	1214	0
860	1214	0
861	1214	0
863	1214	0
864	1214	0
865	1214	0
866	1214	0
867	1214	0
868	1214	0
869	1214	0
870	1214	0
871	1214	0
872	1214	0
873	1214	0
874	1214	0
875	1214	0
876	1214	0
877	1214	0
878	1214	0
880	1214	0
881	1214	0
882	1214	0
883	1214	0
884	1214	0
885	1214	0
886	1214	0
887	1214	0
888	1214	0
889	1214	0
890	1214	0
891	1214	0
892	1214	0
893	1214	0
894	1214	0
895	1214	1
896	1214	0
897	1214	0
898	1214	0
899	1214	0
900	1214	0
901	1214	0
902	1214	0
903	1214	0
904	1214	0
905	1214	0
908	1214	0
909	1214	0
910	1214	0
911	1214	0
912	1214	0
913	1214	0
914	1214	0
915	1214	0
916	1214	0
917	1214	0
918	1214	0
919	1214	0
920	1214	0
921	1214	0
922	1214	0
923	1214	0
924	1214	0
925	1214	0
926	1214	0
927	1214	0
928	1214	0
929	1214	0
930	1214	0
931	1214	0
933	1214	0
934	1214	0
935	1214	0
936	1214	0
937	1214	0
939	1214	0
940	1214	0
941	1214	0
942	1214	0
943	1214	0
944	1214	0
945	1214	0
946	1214	0
947	1214	0
948	1214	0
949	1214	0
950	1214	0
953	1214	0
955	1214	1
957	1214	0
958	1214	0
959	1214	0
960	1214	0
961	1214	0
962	1214	0
963	1214	0
964	1214	0
965	1214	0
966	1214	0
967	1214	0
