0	1089	0
1	1089	0
2	1089	0
3	1089	0
4	1089	0
5	1089	0
6	1089	0
7	1089	0
8	1089	0
9	1089	0
10	1089	0
11	1089	0
12	1089	0
13	1089	0
14	1089	0
15	1089	0
16	1089	0
17	1089	0
18	1089	0
19	1089	0
20	1089	0
21	1089	0
22	1089	0
23	1089	0
24	1089	0
26	1089	0
28	1089	1
29	1089	0
30	1089	0
31	1089	0
32	1089	0
33	1089	0
34	1089	0
35	1089	0
36	1089	0
37	1089	0
38	1089	0
39	1089	0
40	1089	0
42	1089	0
43	1089	0
44	1089	0
45	1089	0
46	1089	0
47	1089	0
48	1089	0
49	1089	0
50	1089	0
51	1089	0
52	1089	0
53	1089	0
54	1089	0
55	1089	0
57	1089	0
58	1089	0
59	1089	0
60	1089	0
61	1089	0
62	1089	0
64	1089	0
65	1089	0
66	1089	0
67	1089	0
68	1089	0
69	1089	0
70	1089	0
71	1089	0
72	1089	0
73	1089	0
74	1089	0
75	1089	0
76	1089	0
77	1089	0
78	1089	0
79	1089	0
80	1089	0
81	1089	0
82	1089	0
83	1089	0
84	1089	0
85	1089	0
86	1089	0
87	1089	0
88	1089	0
90	1089	0
91	1089	0
92	1089	1
93	1089	0
94	1089	0
95	1089	0
96	1089	0
97	1089	0
98	1089	0
99	1089	0
100	1089	0
101	1089	0
102	1089	0
103	1089	0
104	1089	0
105	1089	0
106	1089	0
109	1089	0
111	1089	0
112	1089	0
113	1089	0
114	1089	0
115	1089	0
116	1089	0
117	1089	0
118	1089	0
119	1089	0
120	1089	0
121	1089	0
122	1089	0
123	1089	0
124	1089	0
125	1089	0
126	1089	0
129	1089	0
131	1089	0
132	1089	0
133	1089	0
134	1089	0
136	1089	0
137	1089	1
138	1089	0
139	1089	0
140	1089	0
141	1089	0
142	1089	0
144	1089	0
145	1089	1
146	1089	0
147	1089	0
148	1089	0
149	1089	0
150	1089	0
151	1089	0
152	1089	1
153	1089	0
154	1089	0
155	1089	0
156	1089	0
158	1089	0
159	1089	0
160	1089	0
161	1089	0
162	1089	0
163	1089	0
166	1089	0
167	1089	0
168	1089	0
169	1089	0
170	1089	0
172	1089	0
173	1089	0
174	1089	0
175	1089	0
177	1089	0
178	1089	0
179	1089	0
180	1089	0
182	1089	0
183	1089	0
184	1089	0
185	1089	0
186	1089	0
187	1089	0
188	1089	0
189	1089	0
190	1089	0
191	1089	0
192	1089	0
193	1089	0
194	1089	0
195	1089	0
196	1089	0
197	1089	0
198	1089	0
199	1089	0
200	1089	0
201	1089	0
202	1089	0
203	1089	0
204	1089	0
206	1089	0
207	1089	0
208	1089	0
210	1089	0
211	1089	0
212	1089	0
213	1089	0
214	1089	0
215	1089	1
216	1089	0
218	1089	0
219	1089	0
222	1089	0
223	1089	0
224	1089	0
225	1089	0
226	1089	0
227	1089	0
228	1089	0
229	1089	0
230	1089	0
231	1089	0
232	1089	1
233	1089	0
234	1089	0
235	1089	0
236	1089	0
237	1089	1
238	1089	0
239	1089	0
240	1089	0
241	1089	0
242	1089	0
244	1089	0
245	1089	0
247	1089	0
248	1089	0
250	1089	0
251	1089	0
252	1089	0
253	1089	0
254	1089	0
255	1089	0
256	1089	0
258	1089	0
259	1089	0
260	1089	0
261	1089	0
262	1089	0
263	1089	0
264	1089	0
265	1089	0
266	1089	0
267	1089	0
268	1089	0
269	1089	0
270	1089	0
271	1089	0
272	1089	0
273	1089	0
274	1089	0
275	1089	0
276	1089	0
277	1089	0
278	1089	0
279	1089	0
280	1089	0
281	1089	0
282	1089	0
283	1089	0
284	1089	0
285	1089	0
286	1089	0
287	1089	0
288	1089	0
289	1089	0
290	1089	0
291	1089	0
292	1089	0
293	1089	0
294	1089	0
295	1089	0
296	1089	0
297	1089	0
298	1089	0
299	1089	0
300	1089	0
301	1089	0
302	1089	0
303	1089	0
304	1089	0
305	1089	1
306	1089	0
307	1089	0
308	1089	0
309	1089	0
311	1089	1
312	1089	0
313	1089	0
314	1089	0
315	1089	0
316	1089	0
317	1089	0
318	1089	0
319	1089	0
320	1089	0
321	1089	0
322	1089	0
323	1089	0
324	1089	0
325	1089	0
326	1089	0
327	1089	0
328	1089	0
329	1089	0
330	1089	0
331	1089	0
333	1089	0
335	1089	0
336	1089	0
337	1089	0
338	1089	0
339	1089	0
340	1089	0
341	1089	0
342	1089	0
343	1089	0
344	1089	0
346	1089	0
347	1089	0
348	1089	0
350	1089	0
351	1089	1
352	1089	0
354	1089	0
355	1089	0
357	1089	0
358	1089	0
359	1089	0
360	1089	0
361	1089	0
363	1089	0
364	1089	0
365	1089	0
366	1089	0
367	1089	0
368	1089	1
371	1089	0
372	1089	0
373	1089	0
374	1089	0
377	1089	0
378	1089	0
379	1089	0
380	1089	0
381	1089	0
382	1089	0
383	1089	1
384	1089	0
385	1089	0
386	1089	0
387	1089	0
388	1089	0
389	1089	0
390	1089	0
391	1089	0
393	1089	1
394	1089	0
395	1089	0
396	1089	0
398	1089	0
399	1089	0
400	1089	0
401	1089	0
402	1089	1
403	1089	0
404	1089	0
405	1089	0
406	1089	0
407	1089	0
408	1089	0
409	1089	0
410	1089	0
411	1089	0
412	1089	0
413	1089	0
414	1089	0
415	1089	0
416	1089	0
417	1089	0
418	1089	0
419	1089	0
420	1089	0
421	1089	0
422	1089	0
423	1089	0
424	1089	0
425	1089	0
426	1089	0
427	1089	0
428	1089	0
429	1089	0
430	1089	0
431	1089	0
432	1089	0
433	1089	0
434	1089	0
435	1089	0
436	1089	0
437	1089	0
438	1089	0
439	1089	0
440	1089	0
441	1089	0
442	1089	0
443	1089	0
444	1089	0
445	1089	0
446	1089	0
447	1089	0
448	1089	0
449	1089	0
450	1089	0
451	1089	0
452	1089	0
453	1089	0
454	1089	0
455	1089	0
456	1089	0
457	1089	1
458	1089	0
459	1089	0
460	1089	0
461	1089	0
462	1089	0
463	1089	0
464	1089	0
465	1089	0
466	1089	0
467	1089	0
468	1089	0
469	1089	0
470	1089	0
471	1089	0
472	1089	0
473	1089	0
474	1089	0
476	1089	0
477	1089	0
478	1089	0
480	1089	0
481	1089	0
482	1089	0
483	1089	0
484	1089	0
485	1089	0
486	1089	0
487	1089	0
489	1089	0
490	1089	0
491	1089	0
492	1089	0
493	1089	0
495	1089	0
496	1089	0
497	1089	0
500	1089	0
501	1089	0
502	1089	0
503	1089	0
505	1089	0
506	1089	0
508	1089	0
509	1089	0
510	1089	0
511	1089	0
512	1089	0
513	1089	0
514	1089	0
515	1089	0
516	1089	0
517	1089	0
518	1089	0
519	1089	0
520	1089	0
521	1089	0
522	1089	0
523	1089	0
524	1089	0
526	1089	0
527	1089	0
528	1089	0
529	1089	0
531	1089	0
533	1089	0
534	1089	0
536	1089	0
537	1089	0
538	1089	0
540	1089	0
541	1089	0
542	1089	0
543	1089	0
544	1089	0
546	1089	0
547	1089	0
548	1089	0
549	1089	0
550	1089	0
551	1089	0
553	1089	0
554	1089	0
556	1089	0
557	1089	0
558	1089	0
559	1089	0
560	1089	0
561	1089	0
562	1089	0
563	1089	0
564	1089	0
565	1089	0
566	1089	0
567	1089	0
568	1089	0
569	1089	0
570	1089	0
571	1089	0
572	1089	0
573	1089	0
574	1089	0
575	1089	0
576	1089	0
577	1089	0
578	1089	0
579	1089	0
580	1089	0
582	1089	0
583	1089	0
584	1089	0
585	1089	0
586	1089	0
587	1089	0
588	1089	0
589	1089	0
590	1089	0
591	1089	0
592	1089	0
593	1089	0
594	1089	0
595	1089	0
596	1089	0
597	1089	0
598	1089	0
599	1089	0
600	1089	0
601	1089	0
602	1089	0
604	1089	0
605	1089	1
606	1089	0
607	1089	0
608	1089	0
609	1089	0
611	1089	0
612	1089	0
613	1089	0
614	1089	0
615	1089	0
617	1089	0
618	1089	0
619	1089	0
620	1089	0
621	1089	0
622	1089	0
624	1089	1
626	1089	0
627	1089	0
628	1089	0
630	1089	0
631	1089	0
632	1089	0
633	1089	0
635	1089	0
636	1089	0
637	1089	0
640	1089	0
641	1089	0
642	1089	0
643	1089	0
644	1089	0
645	1089	0
646	1089	0
647	1089	1
648	1089	1
649	1089	0
650	1089	0
651	1089	0
652	1089	0
653	1089	0
654	1089	0
655	1089	0
656	1089	0
657	1089	0
658	1089	0
659	1089	0
660	1089	0
661	1089	0
662	1089	0
663	1089	0
664	1089	0
666	1089	0
667	1089	0
668	1089	0
669	1089	0
670	1089	0
672	1089	0
673	1089	0
674	1089	1
675	1089	0
676	1089	0
677	1089	0
678	1089	0
679	1089	0
680	1089	0
681	1089	0
682	1089	0
683	1089	1
684	1089	0
685	1089	0
686	1089	0
687	1089	0
688	1089	0
689	1089	1
690	1089	0
691	1089	0
692	1089	0
693	1089	0
694	1089	0
695	1089	0
696	1089	0
697	1089	0
698	1089	0
699	1089	0
700	1089	0
701	1089	0
702	1089	0
703	1089	0
704	1089	1
706	1089	0
708	1089	0
709	1089	0
710	1089	0
711	1089	0
712	1089	0
713	1089	0
714	1089	0
715	1089	0
716	1089	0
717	1089	0
718	1089	0
719	1089	0
720	1089	0
721	1089	0
722	1089	0
723	1089	0
724	1089	0
725	1089	0
726	1089	0
727	1089	0
728	1089	0
730	1089	0
731	1089	0
732	1089	0
733	1089	0
734	1089	0
735	1089	0
736	1089	0
737	1089	0
738	1089	0
739	1089	0
740	1089	0
741	1089	0
742	1089	0
743	1089	0
744	1089	0
745	1089	0
746	1089	0
747	1089	0
748	1089	0
749	1089	0
750	1089	0
751	1089	0
752	1089	0
753	1089	0
754	1089	0
755	1089	0
756	1089	0
757	1089	0
758	1089	0
759	1089	0
760	1089	0
761	1089	0
762	1089	0
763	1089	0
764	1089	0
765	1089	1
767	1089	0
768	1089	0
769	1089	0
770	1089	0
771	1089	0
772	1089	0
773	1089	0
774	1089	0
775	1089	0
776	1089	0
777	1089	0
778	1089	0
779	1089	0
780	1089	0
782	1089	0
783	1089	0
784	1089	0
785	1089	0
786	1089	0
787	1089	0
789	1089	0
790	1089	0
791	1089	0
793	1089	0
794	1089	0
795	1089	0
796	1089	0
797	1089	0
798	1089	0
799	1089	0
800	1089	0
801	1089	0
802	1089	0
803	1089	0
804	1089	0
806	1089	0
807	1089	0
808	1089	0
809	1089	0
810	1089	0
812	1089	0
813	1089	0
814	1089	0
816	1089	0
817	1089	0
818	1089	0
819	1089	0
820	1089	0
821	1089	0
822	1089	0
823	1089	0
824	1089	0
825	1089	0
826	1089	0
827	1089	0
828	1089	0
829	1089	0
830	1089	0
831	1089	0
832	1089	0
833	1089	0
834	1089	0
835	1089	0
836	1089	0
837	1089	0
839	1089	0
840	1089	0
841	1089	0
842	1089	0
843	1089	0
844	1089	0
845	1089	0
846	1089	0
847	1089	0
848	1089	0
849	1089	0
850	1089	0
851	1089	0
852	1089	0
853	1089	0
854	1089	0
855	1089	0
856	1089	0
857	1089	0
858	1089	0
859	1089	0
860	1089	0
861	1089	0
862	1089	0
863	1089	1
864	1089	0
865	1089	0
867	1089	0
868	1089	0
870	1089	0
872	1089	0
873	1089	0
874	1089	0
875	1089	0
876	1089	0
877	1089	0
878	1089	0
880	1089	0
881	1089	0
882	1089	0
883	1089	0
884	1089	0
885	1089	0
886	1089	0
887	1089	0
888	1089	0
889	1089	0
890	1089	0
891	1089	0
892	1089	0
893	1089	0
894	1089	0
895	1089	0
896	1089	0
897	1089	0
900	1089	0
903	1089	0
904	1089	1
905	1089	0
906	1089	0
907	1089	0
908	1089	0
909	1089	0
910	1089	0
911	1089	0
912	1089	0
913	1089	0
914	1089	0
916	1089	0
917	1089	0
918	1089	0
919	1089	0
920	1089	0
921	1089	0
922	1089	0
923	1089	0
924	1089	0
925	1089	0
926	1089	0
928	1089	0
930	1089	0
931	1089	0
933	1089	0
935	1089	0
936	1089	0
937	1089	0
938	1089	0
939	1089	1
940	1089	0
941	1089	0
942	1089	0
943	1089	0
944	1089	0
945	1089	0
946	1089	1
947	1089	0
948	1089	0
949	1089	0
950	1089	0
952	1089	0
953	1089	0
954	1089	0
955	1089	0
956	1089	0
958	1089	0
959	1089	0
961	1089	0
962	1089	0
963	1089	0
964	1089	0
965	1089	0
967	1089	0
