0	1021	0
1	1021	0
2	1021	0
3	1021	0
4	1021	0
5	1021	0
6	1021	1
7	1021	0
8	1021	0
9	1021	1
10	1021	0
11	1021	0
12	1021	0
13	1021	1
14	1021	0
15	1021	0
16	1021	0
17	1021	0
18	1021	0
19	1021	0
20	1021	0
21	1021	0
22	1021	1
23	1021	0
24	1021	1
26	1021	0
27	1021	0
28	1021	0
29	1021	0
30	1021	0
31	1021	0
32	1021	0
33	1021	0
34	1021	0
35	1021	0
36	1021	0
37	1021	0
39	1021	0
40	1021	0
42	1021	0
43	1021	0
44	1021	0
45	1021	0
46	1021	0
47	1021	0
48	1021	0
49	1021	1
50	1021	0
51	1021	0
52	1021	0
53	1021	0
54	1021	0
55	1021	0
56	1021	1
57	1021	0
58	1021	0
59	1021	0
60	1021	1
61	1021	0
62	1021	0
64	1021	0
65	1021	0
66	1021	0
67	1021	0
68	1021	0
69	1021	0
70	1021	1
71	1021	0
72	1021	0
73	1021	1
74	1021	0
75	1021	0
76	1021	0
77	1021	0
78	1021	1
79	1021	1
80	1021	1
81	1021	0
82	1021	0
83	1021	0
84	1021	0
85	1021	1
86	1021	0
87	1021	0
88	1021	1
89	1021	0
90	1021	0
91	1021	0
92	1021	0
93	1021	0
94	1021	1
95	1021	0
96	1021	0
97	1021	0
98	1021	0
99	1021	0
100	1021	0
101	1021	0
102	1021	0
103	1021	0
104	1021	0
105	1021	0
106	1021	0
109	1021	0
111	1021	0
112	1021	0
113	1021	0
114	1021	0
115	1021	0
116	1021	0
117	1021	1
118	1021	0
119	1021	0
121	1021	0
122	1021	0
123	1021	0
124	1021	0
125	1021	0
130	1021	0
131	1021	0
132	1021	0
133	1021	0
134	1021	0
136	1021	0
137	1021	0
138	1021	0
139	1021	0
140	1021	0
141	1021	0
142	1021	0
143	1021	1
144	1021	0
146	1021	0
147	1021	1
149	1021	0
150	1021	0
151	1021	1
152	1021	0
153	1021	0
154	1021	0
155	1021	1
156	1021	0
157	1021	0
158	1021	0
159	1021	0
160	1021	0
161	1021	0
162	1021	0
163	1021	0
164	1021	0
165	1021	0
166	1021	0
168	1021	0
169	1021	0
170	1021	0
171	1021	0
172	1021	1
173	1021	0
174	1021	0
175	1021	0
176	1021	0
177	1021	0
178	1021	0
179	1021	0
180	1021	0
181	1021	0
182	1021	0
183	1021	0
184	1021	0
187	1021	0
188	1021	0
189	1021	0
190	1021	0
191	1021	0
192	1021	0
193	1021	0
194	1021	0
195	1021	0
196	1021	1
197	1021	0
200	1021	0
201	1021	0
202	1021	0
203	1021	0
204	1021	0
206	1021	0
207	1021	0
208	1021	0
210	1021	0
211	1021	0
212	1021	1
213	1021	0
214	1021	0
216	1021	0
217	1021	1
218	1021	1
219	1021	1
220	1021	1
221	1021	1
222	1021	0
223	1021	0
224	1021	0
225	1021	0
226	1021	0
227	1021	0
228	1021	1
229	1021	0
230	1021	0
231	1021	0
232	1021	0
233	1021	0
234	1021	0
235	1021	0
236	1021	0
237	1021	0
238	1021	0
239	1021	0
240	1021	0
241	1021	0
242	1021	0
244	1021	0
245	1021	0
246	1021	0
247	1021	0
248	1021	0
249	1021	0
250	1021	0
251	1021	0
252	1021	0
253	1021	1
254	1021	0
255	1021	0
256	1021	0
258	1021	0
259	1021	0
260	1021	0
261	1021	0
262	1021	0
263	1021	0
264	1021	0
265	1021	0
266	1021	0
267	1021	0
268	1021	0
269	1021	0
270	1021	0
271	1021	0
272	1021	0
274	1021	0
275	1021	0
276	1021	0
277	1021	0
278	1021	1
279	1021	0
280	1021	0
281	1021	0
282	1021	0
283	1021	0
284	1021	0
285	1021	0
286	1021	0
288	1021	1
289	1021	1
290	1021	0
291	1021	0
292	1021	0
293	1021	0
294	1021	0
295	1021	0
296	1021	0
297	1021	0
298	1021	0
299	1021	0
300	1021	0
301	1021	0
302	1021	0
303	1021	0
304	1021	0
305	1021	0
306	1021	0
307	1021	0
308	1021	1
309	1021	0
310	1021	0
311	1021	0
312	1021	0
313	1021	0
314	1021	0
315	1021	0
316	1021	0
317	1021	0
318	1021	0
319	1021	0
320	1021	0
321	1021	0
322	1021	0
323	1021	0
324	1021	0
325	1021	1
326	1021	0
327	1021	0
328	1021	0
329	1021	0
330	1021	0
331	1021	0
333	1021	0
334	1021	0
335	1021	0
336	1021	0
337	1021	0
338	1021	1
339	1021	0
340	1021	0
341	1021	0
342	1021	1
343	1021	0
344	1021	0
346	1021	0
347	1021	0
348	1021	0
349	1021	0
350	1021	0
354	1021	0
355	1021	0
357	1021	0
358	1021	0
359	1021	0
360	1021	0
361	1021	0
363	1021	0
364	1021	0
365	1021	0
366	1021	0
367	1021	0
368	1021	0
370	1021	1
371	1021	0
372	1021	1
373	1021	0
374	1021	0
375	1021	1
377	1021	0
378	1021	0
379	1021	0
380	1021	0
381	1021	1
382	1021	0
383	1021	0
384	1021	0
385	1021	0
386	1021	0
387	1021	0
388	1021	0
390	1021	0
391	1021	0
393	1021	0
394	1021	0
395	1021	0
396	1021	0
397	1021	0
398	1021	0
399	1021	0
400	1021	0
401	1021	0
402	1021	0
403	1021	0
404	1021	1
405	1021	1
406	1021	0
408	1021	0
409	1021	0
410	1021	0
411	1021	0
412	1021	0
413	1021	0
414	1021	0
415	1021	0
416	1021	0
417	1021	0
418	1021	0
419	1021	0
420	1021	0
421	1021	0
422	1021	0
423	1021	0
424	1021	0
425	1021	0
426	1021	0
427	1021	0
428	1021	0
430	1021	0
431	1021	0
432	1021	0
433	1021	0
434	1021	0
435	1021	0
436	1021	0
437	1021	0
438	1021	0
439	1021	0
440	1021	1
441	1021	0
442	1021	0
443	1021	1
444	1021	0
445	1021	0
446	1021	0
447	1021	1
448	1021	0
449	1021	0
450	1021	0
451	1021	0
452	1021	0
453	1021	0
454	1021	0
455	1021	0
456	1021	0
457	1021	0
458	1021	0
459	1021	0
460	1021	0
461	1021	1
462	1021	0
463	1021	0
464	1021	0
465	1021	1
466	1021	0
467	1021	0
468	1021	0
469	1021	0
470	1021	0
471	1021	1
472	1021	0
473	1021	0
474	1021	1
475	1021	0
476	1021	0
477	1021	0
478	1021	0
480	1021	0
481	1021	0
482	1021	0
483	1021	0
484	1021	1
485	1021	0
486	1021	0
487	1021	0
489	1021	0
490	1021	0
491	1021	0
492	1021	0
493	1021	0
495	1021	0
496	1021	0
497	1021	0
499	1021	0
500	1021	0
501	1021	0
502	1021	0
503	1021	0
505	1021	0
508	1021	0
509	1021	0
510	1021	0
511	1021	0
512	1021	0
513	1021	0
514	1021	0
515	1021	0
516	1021	0
517	1021	0
518	1021	1
519	1021	0
520	1021	0
521	1021	0
522	1021	0
523	1021	0
524	1021	0
525	1021	0
526	1021	0
527	1021	0
528	1021	0
529	1021	0
533	1021	1
534	1021	0
536	1021	0
537	1021	0
538	1021	0
540	1021	0
541	1021	0
542	1021	0
543	1021	0
544	1021	0
546	1021	0
547	1021	0
548	1021	0
549	1021	0
550	1021	0
551	1021	0
553	1021	0
554	1021	0
555	1021	0
556	1021	0
557	1021	0
558	1021	0
559	1021	0
560	1021	1
561	1021	0
562	1021	0
563	1021	0
564	1021	0
565	1021	0
566	1021	0
567	1021	0
568	1021	0
569	1021	0
570	1021	0
571	1021	0
572	1021	0
573	1021	0
574	1021	0
575	1021	0
576	1021	0
577	1021	0
578	1021	0
579	1021	0
580	1021	0
582	1021	1
583	1021	0
584	1021	0
585	1021	0
586	1021	0
587	1021	0
588	1021	0
589	1021	0
590	1021	0
591	1021	0
592	1021	0
593	1021	0
594	1021	0
595	1021	0
596	1021	0
597	1021	0
598	1021	1
599	1021	0
600	1021	0
601	1021	0
602	1021	0
604	1021	0
605	1021	0
606	1021	0
607	1021	0
608	1021	0
609	1021	0
611	1021	0
612	1021	0
613	1021	0
614	1021	0
615	1021	0
616	1021	0
617	1021	0
618	1021	0
619	1021	0
620	1021	0
621	1021	0
622	1021	0
624	1021	0
625	1021	0
626	1021	0
627	1021	0
628	1021	0
630	1021	0
631	1021	0
632	1021	0
633	1021	0
635	1021	0
636	1021	0
637	1021	0
640	1021	0
641	1021	0
642	1021	0
643	1021	0
644	1021	0
645	1021	1
646	1021	0
647	1021	0
648	1021	0
649	1021	0
650	1021	0
651	1021	1
652	1021	1
653	1021	0
654	1021	0
655	1021	0
658	1021	0
659	1021	0
661	1021	0
662	1021	0
663	1021	0
664	1021	0
666	1021	0
667	1021	1
668	1021	0
669	1021	0
670	1021	0
671	1021	0
672	1021	0
673	1021	0
674	1021	1
675	1021	0
676	1021	0
680	1021	0
682	1021	1
683	1021	0
684	1021	0
685	1021	0
686	1021	0
688	1021	0
689	1021	0
690	1021	1
691	1021	0
692	1021	1
693	1021	0
694	1021	0
695	1021	0
696	1021	0
697	1021	0
698	1021	0
699	1021	0
700	1021	0
701	1021	0
702	1021	1
703	1021	0
704	1021	0
705	1021	0
706	1021	0
707	1021	0
708	1021	0
709	1021	0
710	1021	0
711	1021	0
713	1021	0
714	1021	0
715	1021	0
716	1021	0
717	1021	0
718	1021	0
720	1021	0
721	1021	0
722	1021	0
728	1021	1
730	1021	0
731	1021	0
732	1021	0
733	1021	0
734	1021	0
735	1021	0
736	1021	0
737	1021	0
738	1021	0
739	1021	0
740	1021	0
741	1021	0
742	1021	0
743	1021	0
744	1021	0
745	1021	0
746	1021	0
747	1021	0
748	1021	0
749	1021	0
750	1021	1
751	1021	0
752	1021	0
753	1021	0
754	1021	1
755	1021	0
756	1021	0
757	1021	0
758	1021	0
759	1021	0
760	1021	0
761	1021	0
762	1021	0
763	1021	0
764	1021	0
765	1021	1
766	1021	0
767	1021	0
768	1021	0
769	1021	0
770	1021	1
771	1021	0
772	1021	0
773	1021	0
774	1021	0
775	1021	0
776	1021	0
777	1021	0
778	1021	0
779	1021	0
780	1021	0
783	1021	0
784	1021	0
785	1021	0
786	1021	0
787	1021	0
788	1021	0
789	1021	0
790	1021	0
791	1021	0
794	1021	1
796	1021	0
797	1021	0
798	1021	0
799	1021	0
800	1021	1
801	1021	1
802	1021	0
803	1021	0
804	1021	0
806	1021	1
807	1021	0
808	1021	0
809	1021	0
810	1021	1
811	1021	0
814	1021	0
816	1021	0
817	1021	0
819	1021	1
820	1021	0
821	1021	0
824	1021	0
825	1021	0
827	1021	0
828	1021	0
829	1021	1
830	1021	0
831	1021	0
832	1021	1
833	1021	1
834	1021	0
835	1021	0
836	1021	0
837	1021	0
839	1021	0
840	1021	0
841	1021	1
843	1021	0
844	1021	0
845	1021	0
846	1021	0
847	1021	0
848	1021	0
849	1021	1
850	1021	1
851	1021	0
852	1021	0
853	1021	0
854	1021	0
855	1021	0
856	1021	0
857	1021	0
858	1021	0
859	1021	0
860	1021	0
861	1021	0
862	1021	0
863	1021	0
864	1021	1
865	1021	0
866	1021	0
867	1021	1
868	1021	0
869	1021	0
870	1021	0
872	1021	0
873	1021	0
874	1021	0
875	1021	0
876	1021	0
877	1021	0
879	1021	0
880	1021	0
881	1021	0
882	1021	0
883	1021	0
884	1021	0
885	1021	0
886	1021	0
887	1021	0
888	1021	0
889	1021	0
890	1021	0
891	1021	0
892	1021	0
893	1021	0
894	1021	0
895	1021	0
896	1021	0
897	1021	0
898	1021	0
900	1021	0
901	1021	0
902	1021	0
903	1021	0
904	1021	0
905	1021	0
906	1021	0
907	1021	0
908	1021	0
909	1021	0
911	1021	0
912	1021	0
913	1021	0
914	1021	0
916	1021	1
917	1021	0
918	1021	0
919	1021	0
921	1021	0
922	1021	1
923	1021	0
924	1021	0
925	1021	0
927	1021	0
928	1021	1
930	1021	0
931	1021	0
933	1021	0
934	1021	0
936	1021	0
937	1021	0
939	1021	0
940	1021	0
941	1021	0
942	1021	1
943	1021	0
944	1021	0
945	1021	1
946	1021	0
947	1021	0
948	1021	0
949	1021	0
950	1021	0
952	1021	0
953	1021	0
954	1021	0
955	1021	0
956	1021	0
958	1021	0
961	1021	0
962	1021	0
963	1021	1
964	1021	0
965	1021	0
966	1021	0
967	1021	0
