0	1029	1
1	1029	0
2	1029	0
3	1029	0
4	1029	0
5	1029	1
6	1029	1
7	1029	0
8	1029	0
9	1029	1
10	1029	1
11	1029	0
12	1029	0
13	1029	0
14	1029	0
15	1029	0
16	1029	0
17	1029	0
18	1029	0
19	1029	0
20	1029	0
21	1029	0
22	1029	1
23	1029	0
24	1029	0
26	1029	0
27	1029	0
28	1029	0
29	1029	0
30	1029	1
31	1029	0
32	1029	0
33	1029	0
34	1029	0
35	1029	0
36	1029	0
37	1029	0
39	1029	0
40	1029	0
42	1029	0
43	1029	0
44	1029	0
45	1029	0
46	1029	0
47	1029	0
48	1029	0
49	1029	0
50	1029	0
51	1029	0
52	1029	0
53	1029	0
54	1029	1
55	1029	0
56	1029	0
57	1029	0
58	1029	0
59	1029	1
60	1029	0
61	1029	0
62	1029	0
64	1029	0
65	1029	0
66	1029	0
67	1029	0
68	1029	0
69	1029	0
70	1029	0
71	1029	0
72	1029	0
73	1029	0
74	1029	0
75	1029	1
76	1029	0
77	1029	0
78	1029	0
79	1029	0
80	1029	1
81	1029	1
82	1029	0
83	1029	1
84	1029	0
85	1029	1
86	1029	0
87	1029	0
88	1029	0
89	1029	0
90	1029	0
91	1029	0
92	1029	0
93	1029	0
94	1029	0
95	1029	0
96	1029	1
97	1029	0
98	1029	0
99	1029	0
100	1029	1
101	1029	0
102	1029	0
103	1029	0
104	1029	0
105	1029	0
106	1029	0
109	1029	0
111	1029	1
112	1029	0
113	1029	0
114	1029	0
115	1029	0
116	1029	0
117	1029	0
118	1029	0
119	1029	0
120	1029	0
121	1029	0
122	1029	0
123	1029	0
124	1029	1
125	1029	0
130	1029	0
131	1029	0
132	1029	0
133	1029	0
134	1029	0
136	1029	0
137	1029	0
138	1029	0
139	1029	0
141	1029	0
142	1029	0
144	1029	0
146	1029	0
147	1029	0
149	1029	0
150	1029	1
151	1029	0
152	1029	0
153	1029	0
154	1029	0
155	1029	0
156	1029	0
157	1029	0
158	1029	0
159	1029	0
160	1029	0
161	1029	0
162	1029	0
163	1029	1
164	1029	0
165	1029	0
166	1029	0
168	1029	0
169	1029	0
170	1029	0
171	1029	0
172	1029	0
173	1029	0
174	1029	0
175	1029	0
177	1029	0
178	1029	1
179	1029	0
180	1029	0
181	1029	0
182	1029	0
183	1029	0
184	1029	0
187	1029	0
188	1029	0
189	1029	0
190	1029	0
191	1029	1
192	1029	0
193	1029	1
194	1029	0
195	1029	0
196	1029	0
197	1029	0
200	1029	0
201	1029	0
202	1029	0
203	1029	0
204	1029	0
206	1029	0
207	1029	1
208	1029	0
210	1029	0
211	1029	0
212	1029	0
213	1029	0
214	1029	0
216	1029	0
217	1029	0
218	1029	0
219	1029	0
220	1029	0
222	1029	0
223	1029	0
224	1029	1
225	1029	0
226	1029	0
227	1029	0
228	1029	0
229	1029	0
230	1029	0
231	1029	0
232	1029	1
233	1029	0
234	1029	0
235	1029	0
236	1029	0
237	1029	0
238	1029	0
239	1029	0
240	1029	0
241	1029	0
242	1029	0
244	1029	0
245	1029	0
246	1029	0
247	1029	0
248	1029	0
249	1029	1
250	1029	0
251	1029	0
252	1029	0
253	1029	0
254	1029	0
255	1029	0
256	1029	0
258	1029	1
259	1029	0
260	1029	0
261	1029	0
262	1029	0
263	1029	0
264	1029	0
265	1029	0
266	1029	0
267	1029	0
268	1029	0
269	1029	0
270	1029	0
271	1029	0
272	1029	0
273	1029	0
274	1029	0
275	1029	0
276	1029	0
277	1029	0
278	1029	0
279	1029	0
280	1029	0
281	1029	1
282	1029	0
283	1029	0
284	1029	0
285	1029	0
286	1029	1
288	1029	1
289	1029	0
290	1029	0
291	1029	0
292	1029	0
293	1029	0
294	1029	0
295	1029	0
296	1029	1
297	1029	0
298	1029	0
299	1029	0
300	1029	0
301	1029	0
302	1029	0
303	1029	1
304	1029	0
306	1029	0
307	1029	0
308	1029	0
309	1029	1
310	1029	0
311	1029	0
312	1029	1
313	1029	0
314	1029	0
315	1029	0
316	1029	0
317	1029	0
318	1029	0
319	1029	0
320	1029	0
321	1029	0
322	1029	0
323	1029	0
324	1029	0
325	1029	0
326	1029	0
327	1029	0
328	1029	1
329	1029	1
330	1029	0
331	1029	0
333	1029	1
334	1029	0
335	1029	0
336	1029	0
337	1029	0
338	1029	0
339	1029	0
340	1029	0
341	1029	0
342	1029	1
343	1029	0
344	1029	0
346	1029	0
347	1029	0
348	1029	0
349	1029	0
350	1029	1
354	1029	0
355	1029	0
356	1029	0
357	1029	0
358	1029	0
359	1029	0
360	1029	0
361	1029	0
363	1029	0
364	1029	0
365	1029	0
366	1029	0
367	1029	0
368	1029	0
370	1029	1
371	1029	0
372	1029	0
373	1029	0
374	1029	0
377	1029	1
378	1029	1
379	1029	0
380	1029	0
381	1029	0
382	1029	0
383	1029	0
384	1029	0
385	1029	0
386	1029	0
387	1029	0
388	1029	0
390	1029	0
391	1029	0
393	1029	0
394	1029	0
395	1029	0
396	1029	0
397	1029	0
398	1029	0
399	1029	0
400	1029	0
401	1029	0
402	1029	0
403	1029	0
404	1029	0
405	1029	0
406	1029	0
408	1029	0
409	1029	1
410	1029	0
411	1029	0
412	1029	0
413	1029	0
414	1029	0
415	1029	0
416	1029	1
417	1029	1
418	1029	0
419	1029	0
420	1029	0
421	1029	0
422	1029	0
423	1029	0
424	1029	0
425	1029	0
426	1029	0
427	1029	0
428	1029	0
429	1029	0
430	1029	0
431	1029	0
432	1029	0
433	1029	0
434	1029	0
435	1029	1
436	1029	0
437	1029	0
438	1029	0
439	1029	0
440	1029	0
441	1029	0
442	1029	0
443	1029	0
444	1029	0
445	1029	0
446	1029	0
447	1029	1
448	1029	0
449	1029	0
450	1029	0
451	1029	1
452	1029	0
453	1029	0
454	1029	0
455	1029	0
456	1029	1
457	1029	0
458	1029	0
459	1029	0
460	1029	0
461	1029	0
462	1029	0
463	1029	0
464	1029	0
465	1029	0
466	1029	1
467	1029	0
468	1029	0
469	1029	0
470	1029	0
471	1029	0
472	1029	0
473	1029	0
474	1029	0
475	1029	0
476	1029	0
477	1029	0
478	1029	0
480	1029	0
481	1029	0
482	1029	0
483	1029	0
484	1029	0
485	1029	0
486	1029	1
487	1029	0
489	1029	0
490	1029	0
491	1029	0
492	1029	1
493	1029	0
495	1029	0
496	1029	0
497	1029	0
499	1029	0
500	1029	0
501	1029	0
502	1029	0
503	1029	0
505	1029	0
508	1029	1
509	1029	0
510	1029	0
511	1029	0
512	1029	0
513	1029	0
514	1029	0
515	1029	1
516	1029	0
517	1029	0
518	1029	1
519	1029	0
520	1029	1
521	1029	0
522	1029	0
523	1029	0
524	1029	0
525	1029	0
527	1029	0
528	1029	0
529	1029	0
533	1029	0
534	1029	0
536	1029	0
537	1029	0
538	1029	0
540	1029	0
541	1029	0
542	1029	0
543	1029	0
544	1029	0
546	1029	0
547	1029	0
548	1029	0
549	1029	0
550	1029	0
551	1029	0
553	1029	0
554	1029	0
555	1029	0
556	1029	0
557	1029	0
558	1029	0
559	1029	0
560	1029	0
561	1029	0
562	1029	0
563	1029	0
564	1029	0
565	1029	0
566	1029	0
567	1029	0
568	1029	0
569	1029	0
570	1029	0
571	1029	0
572	1029	0
573	1029	0
574	1029	0
575	1029	0
576	1029	0
577	1029	0
578	1029	0
579	1029	0
580	1029	0
582	1029	0
583	1029	0
584	1029	0
585	1029	0
586	1029	0
587	1029	0
588	1029	0
589	1029	0
590	1029	0
591	1029	0
592	1029	0
593	1029	0
594	1029	0
595	1029	0
596	1029	0
597	1029	0
598	1029	1
599	1029	0
600	1029	0
601	1029	0
602	1029	0
604	1029	0
605	1029	0
606	1029	0
607	1029	0
608	1029	0
609	1029	0
611	1029	0
612	1029	0
613	1029	0
614	1029	0
615	1029	0
616	1029	0
617	1029	0
618	1029	0
620	1029	0
621	1029	0
622	1029	0
624	1029	0
625	1029	0
626	1029	0
627	1029	0
628	1029	1
630	1029	0
631	1029	0
632	1029	1
633	1029	0
635	1029	0
636	1029	0
637	1029	0
640	1029	0
641	1029	0
642	1029	0
643	1029	0
644	1029	0
645	1029	0
646	1029	0
647	1029	0
648	1029	0
649	1029	0
650	1029	0
651	1029	0
652	1029	0
653	1029	0
654	1029	0
655	1029	0
658	1029	0
659	1029	0
661	1029	0
662	1029	0
663	1029	0
664	1029	0
666	1029	0
667	1029	0
668	1029	0
669	1029	0
670	1029	0
671	1029	0
672	1029	0
673	1029	0
674	1029	0
675	1029	0
676	1029	1
680	1029	0
682	1029	0
683	1029	0
684	1029	0
685	1029	0
686	1029	0
688	1029	0
689	1029	0
690	1029	0
691	1029	1
692	1029	1
693	1029	0
694	1029	0
695	1029	0
696	1029	0
697	1029	0
698	1029	0
699	1029	0
700	1029	0
701	1029	0
702	1029	0
703	1029	0
704	1029	0
705	1029	0
706	1029	0
707	1029	0
708	1029	0
709	1029	0
710	1029	0
711	1029	0
713	1029	0
714	1029	0
715	1029	0
716	1029	0
717	1029	0
718	1029	1
720	1029	0
721	1029	0
722	1029	0
728	1029	0
730	1029	0
731	1029	0
732	1029	1
733	1029	0
734	1029	0
735	1029	0
736	1029	0
737	1029	0
738	1029	0
739	1029	0
740	1029	0
741	1029	1
742	1029	0
744	1029	0
745	1029	0
746	1029	0
747	1029	0
748	1029	0
749	1029	0
750	1029	0
751	1029	1
752	1029	0
753	1029	0
754	1029	0
755	1029	0
756	1029	0
757	1029	0
758	1029	0
759	1029	1
760	1029	0
761	1029	0
762	1029	0
763	1029	0
764	1029	0
765	1029	0
766	1029	0
767	1029	0
768	1029	0
769	1029	0
770	1029	0
771	1029	0
772	1029	0
773	1029	0
774	1029	1
775	1029	0
776	1029	0
777	1029	0
778	1029	1
779	1029	0
780	1029	0
783	1029	0
784	1029	1
785	1029	0
786	1029	0
787	1029	0
788	1029	0
789	1029	0
790	1029	0
791	1029	0
794	1029	0
796	1029	0
797	1029	0
798	1029	0
799	1029	0
800	1029	0
801	1029	0
802	1029	0
803	1029	0
804	1029	0
806	1029	0
807	1029	0
808	1029	0
809	1029	0
810	1029	0
811	1029	0
814	1029	0
816	1029	0
817	1029	0
819	1029	0
820	1029	0
821	1029	0
824	1029	0
825	1029	0
827	1029	0
828	1029	0
830	1029	0
831	1029	0
832	1029	1
833	1029	0
834	1029	1
835	1029	0
836	1029	0
837	1029	0
839	1029	0
840	1029	0
841	1029	0
843	1029	0
844	1029	0
845	1029	0
846	1029	0
847	1029	0
848	1029	0
849	1029	1
850	1029	0
851	1029	0
853	1029	1
854	1029	0
855	1029	0
856	1029	0
857	1029	0
858	1029	0
859	1029	0
860	1029	0
861	1029	0
862	1029	0
863	1029	0
864	1029	0
865	1029	0
866	1029	0
867	1029	0
868	1029	0
869	1029	0
870	1029	0
872	1029	0
873	1029	0
874	1029	0
875	1029	0
876	1029	0
877	1029	0
879	1029	0
880	1029	0
881	1029	0
882	1029	1
883	1029	0
884	1029	0
885	1029	0
886	1029	0
887	1029	0
888	1029	0
889	1029	0
890	1029	0
891	1029	1
892	1029	0
893	1029	0
894	1029	1
895	1029	0
896	1029	0
897	1029	0
898	1029	0
900	1029	0
901	1029	0
902	1029	0
903	1029	0
904	1029	0
905	1029	0
906	1029	0
907	1029	0
908	1029	0
909	1029	0
911	1029	0
912	1029	0
913	1029	0
914	1029	0
916	1029	0
917	1029	1
918	1029	0
919	1029	0
920	1029	0
921	1029	0
922	1029	0
923	1029	0
924	1029	0
925	1029	0
927	1029	0
928	1029	0
930	1029	0
931	1029	0
933	1029	0
934	1029	0
936	1029	0
937	1029	0
939	1029	0
940	1029	0
941	1029	0
942	1029	0
943	1029	0
944	1029	0
945	1029	0
946	1029	0
947	1029	0
948	1029	0
949	1029	0
950	1029	0
952	1029	0
953	1029	0
954	1029	0
955	1029	0
956	1029	0
958	1029	1
961	1029	0
962	1029	0
963	1029	0
964	1029	0
965	1029	0
966	1029	0
967	1029	0
