0	1057	0
1	1057	0
2	1057	0
3	1057	0
4	1057	0
5	1057	0
6	1057	0
7	1057	1
8	1057	1
9	1057	0
10	1057	0
11	1057	0
12	1057	0
13	1057	1
14	1057	0
15	1057	0
16	1057	0
17	1057	1
18	1057	1
19	1057	0
20	1057	0
21	1057	0
22	1057	0
23	1057	0
24	1057	0
26	1057	0
27	1057	0
28	1057	0
29	1057	0
30	1057	0
31	1057	1
32	1057	1
33	1057	0
34	1057	1
35	1057	0
36	1057	1
37	1057	0
38	1057	0
40	1057	0
42	1057	0
43	1057	0
44	1057	0
45	1057	1
46	1057	0
47	1057	0
48	1057	0
49	1057	0
50	1057	0
51	1057	0
52	1057	0
53	1057	0
54	1057	0
55	1057	0
56	1057	0
57	1057	0
58	1057	0
59	1057	1
60	1057	0
61	1057	0
62	1057	0
64	1057	1
65	1057	0
66	1057	0
67	1057	0
68	1057	0
69	1057	0
70	1057	0
71	1057	0
72	1057	0
73	1057	0
74	1057	0
75	1057	1
76	1057	0
77	1057	0
78	1057	0
79	1057	0
80	1057	0
81	1057	0
82	1057	1
83	1057	0
84	1057	0
85	1057	0
86	1057	0
87	1057	0
88	1057	0
89	1057	0
90	1057	0
91	1057	0
92	1057	0
93	1057	0
94	1057	0
95	1057	0
96	1057	0
97	1057	0
98	1057	0
99	1057	0
100	1057	0
102	1057	1
103	1057	0
104	1057	0
105	1057	0
106	1057	0
109	1057	1
111	1057	0
112	1057	1
113	1057	0
114	1057	0
115	1057	0
116	1057	0
117	1057	0
118	1057	0
119	1057	0
120	1057	0
121	1057	0
122	1057	0
123	1057	1
124	1057	0
125	1057	0
126	1057	0
127	1057	0
129	1057	0
130	1057	0
131	1057	0
132	1057	0
133	1057	0
134	1057	0
136	1057	0
137	1057	0
138	1057	1
139	1057	0
140	1057	0
141	1057	0
142	1057	0
143	1057	0
144	1057	0
145	1057	0
146	1057	0
147	1057	0
148	1057	0
149	1057	0
150	1057	0
151	1057	0
152	1057	0
153	1057	0
154	1057	1
155	1057	0
156	1057	0
157	1057	0
158	1057	0
159	1057	0
160	1057	0
161	1057	0
162	1057	0
163	1057	1
165	1057	0
166	1057	0
167	1057	0
168	1057	0
169	1057	0
170	1057	0
171	1057	1
172	1057	1
173	1057	0
174	1057	0
175	1057	0
177	1057	0
178	1057	0
179	1057	0
180	1057	0
182	1057	1
183	1057	0
184	1057	0
185	1057	0
186	1057	0
187	1057	0
188	1057	1
189	1057	0
190	1057	0
191	1057	0
192	1057	1
193	1057	0
194	1057	0
195	1057	1
196	1057	1
197	1057	0
198	1057	0
199	1057	0
200	1057	0
201	1057	0
202	1057	0
203	1057	0
204	1057	0
206	1057	0
207	1057	0
208	1057	0
210	1057	0
211	1057	0
212	1057	0
213	1057	0
214	1057	0
215	1057	0
216	1057	0
217	1057	0
218	1057	0
219	1057	1
220	1057	0
222	1057	0
223	1057	0
224	1057	0
225	1057	0
226	1057	0
227	1057	1
228	1057	1
229	1057	0
230	1057	0
231	1057	0
232	1057	0
233	1057	0
234	1057	0
235	1057	0
236	1057	0
237	1057	0
238	1057	0
239	1057	0
240	1057	1
241	1057	0
242	1057	0
244	1057	0
245	1057	0
246	1057	0
247	1057	0
248	1057	0
249	1057	0
250	1057	0
251	1057	0
252	1057	0
253	1057	0
254	1057	1
255	1057	1
256	1057	0
258	1057	1
259	1057	0
260	1057	0
261	1057	0
262	1057	0
263	1057	0
264	1057	0
265	1057	0
266	1057	0
267	1057	1
268	1057	0
269	1057	0
270	1057	0
271	1057	0
272	1057	0
273	1057	0
274	1057	0
275	1057	0
276	1057	0
277	1057	0
278	1057	0
279	1057	0
280	1057	0
281	1057	0
282	1057	0
283	1057	1
284	1057	0
285	1057	0
286	1057	0
287	1057	0
288	1057	0
289	1057	0
290	1057	1
291	1057	0
292	1057	0
293	1057	0
294	1057	0
295	1057	0
296	1057	0
297	1057	0
298	1057	0
299	1057	0
300	1057	0
301	1057	0
302	1057	0
303	1057	0
304	1057	0
305	1057	1
306	1057	0
307	1057	1
308	1057	0
309	1057	0
310	1057	1
311	1057	0
312	1057	0
313	1057	0
314	1057	0
315	1057	0
316	1057	0
317	1057	0
318	1057	0
319	1057	0
320	1057	0
321	1057	0
322	1057	0
323	1057	0
324	1057	0
325	1057	0
326	1057	0
327	1057	1
328	1057	0
329	1057	0
330	1057	1
331	1057	0
333	1057	0
335	1057	0
336	1057	0
337	1057	0
338	1057	0
339	1057	0
340	1057	0
341	1057	0
342	1057	0
343	1057	0
344	1057	0
346	1057	0
347	1057	0
348	1057	0
349	1057	0
350	1057	0
351	1057	0
352	1057	0
354	1057	0
355	1057	0
357	1057	0
358	1057	0
359	1057	0
360	1057	1
361	1057	1
363	1057	0
364	1057	0
365	1057	0
366	1057	0
367	1057	0
368	1057	0
371	1057	1
372	1057	0
373	1057	1
374	1057	1
375	1057	1
377	1057	0
378	1057	1
379	1057	0
380	1057	1
381	1057	0
382	1057	0
383	1057	0
384	1057	0
385	1057	1
386	1057	0
387	1057	0
388	1057	0
389	1057	0
390	1057	0
391	1057	0
393	1057	0
394	1057	0
395	1057	0
397	1057	1
398	1057	0
399	1057	0
401	1057	0
402	1057	0
403	1057	0
404	1057	0
405	1057	0
406	1057	0
407	1057	1
408	1057	0
409	1057	0
410	1057	0
411	1057	0
412	1057	0
413	1057	0
414	1057	0
415	1057	1
416	1057	0
417	1057	0
418	1057	0
419	1057	0
420	1057	1
421	1057	0
422	1057	1
423	1057	0
424	1057	0
425	1057	0
426	1057	0
427	1057	0
428	1057	0
429	1057	0
430	1057	0
431	1057	0
432	1057	0
433	1057	0
434	1057	0
435	1057	1
436	1057	0
437	1057	0
438	1057	0
439	1057	0
440	1057	0
441	1057	0
442	1057	0
443	1057	0
444	1057	0
445	1057	0
446	1057	1
447	1057	0
448	1057	0
449	1057	0
450	1057	0
451	1057	0
452	1057	0
453	1057	0
454	1057	0
455	1057	0
456	1057	1
457	1057	1
458	1057	0
459	1057	0
460	1057	0
461	1057	0
462	1057	0
463	1057	0
464	1057	0
465	1057	1
466	1057	0
467	1057	0
468	1057	0
469	1057	0
470	1057	0
471	1057	0
472	1057	0
473	1057	0
474	1057	0
475	1057	0
476	1057	0
477	1057	0
478	1057	0
480	1057	0
481	1057	0
482	1057	0
483	1057	0
484	1057	0
485	1057	0
486	1057	0
487	1057	0
489	1057	0
490	1057	0
491	1057	0
492	1057	0
493	1057	0
495	1057	0
496	1057	0
497	1057	1
499	1057	0
500	1057	0
501	1057	1
502	1057	1
503	1057	1
505	1057	1
506	1057	0
508	1057	1
509	1057	1
510	1057	0
511	1057	0
512	1057	0
513	1057	0
514	1057	1
515	1057	0
516	1057	0
517	1057	0
518	1057	1
519	1057	0
520	1057	1
521	1057	0
523	1057	0
524	1057	0
525	1057	0
526	1057	0
527	1057	0
528	1057	0
529	1057	0
531	1057	0
533	1057	0
534	1057	0
536	1057	0
537	1057	0
538	1057	0
540	1057	0
541	1057	0
542	1057	1
543	1057	0
544	1057	0
546	1057	0
547	1057	0
548	1057	0
549	1057	0
550	1057	0
551	1057	0
553	1057	0
554	1057	0
555	1057	0
556	1057	0
557	1057	0
558	1057	0
559	1057	0
560	1057	0
561	1057	0
562	1057	0
563	1057	0
564	1057	0
565	1057	0
566	1057	0
567	1057	0
568	1057	1
569	1057	0
570	1057	0
571	1057	1
572	1057	1
574	1057	0
575	1057	0
576	1057	0
577	1057	0
578	1057	0
579	1057	0
580	1057	0
582	1057	0
583	1057	1
584	1057	1
585	1057	0
586	1057	0
587	1057	0
588	1057	0
589	1057	1
590	1057	0
591	1057	0
592	1057	1
593	1057	0
594	1057	1
595	1057	0
596	1057	0
597	1057	0
598	1057	0
599	1057	0
600	1057	0
601	1057	0
602	1057	0
604	1057	0
605	1057	1
606	1057	1
607	1057	0
608	1057	0
609	1057	0
611	1057	0
612	1057	0
613	1057	1
614	1057	0
615	1057	0
616	1057	0
617	1057	0
618	1057	0
619	1057	0
620	1057	1
621	1057	0
622	1057	0
624	1057	0
625	1057	0
626	1057	1
627	1057	0
628	1057	0
630	1057	0
631	1057	0
632	1057	0
633	1057	0
635	1057	0
636	1057	0
637	1057	1
640	1057	0
641	1057	0
642	1057	0
643	1057	0
644	1057	0
645	1057	0
646	1057	0
647	1057	0
648	1057	0
649	1057	0
650	1057	0
651	1057	0
652	1057	1
653	1057	0
654	1057	0
655	1057	0
656	1057	0
657	1057	0
658	1057	0
659	1057	0
660	1057	0
661	1057	1
662	1057	0
663	1057	1
664	1057	1
666	1057	1
667	1057	0
668	1057	0
669	1057	0
670	1057	0
671	1057	0
672	1057	0
673	1057	1
674	1057	0
675	1057	0
676	1057	0
677	1057	0
678	1057	0
679	1057	0
680	1057	0
681	1057	0
682	1057	0
683	1057	0
684	1057	0
685	1057	0
686	1057	0
687	1057	0
688	1057	0
689	1057	0
690	1057	0
691	1057	1
692	1057	1
693	1057	0
694	1057	1
695	1057	0
696	1057	0
697	1057	0
698	1057	0
699	1057	0
700	1057	0
701	1057	0
702	1057	0
703	1057	1
704	1057	0
705	1057	0
706	1057	0
707	1057	0
708	1057	0
709	1057	0
710	1057	0
711	1057	0
712	1057	0
713	1057	1
714	1057	0
715	1057	1
716	1057	0
717	1057	0
718	1057	0
719	1057	0
720	1057	0
721	1057	0
722	1057	0
723	1057	0
724	1057	0
725	1057	0
726	1057	0
727	1057	0
728	1057	0
730	1057	0
731	1057	0
732	1057	0
733	1057	0
734	1057	0
735	1057	0
736	1057	0
737	1057	0
738	1057	0
739	1057	0
740	1057	0
741	1057	0
742	1057	0
743	1057	0
744	1057	0
745	1057	0
746	1057	0
747	1057	0
748	1057	0
749	1057	0
750	1057	0
751	1057	0
752	1057	0
753	1057	0
754	1057	0
755	1057	0
756	1057	0
757	1057	0
758	1057	0
759	1057	1
760	1057	0
761	1057	0
762	1057	0
763	1057	1
764	1057	0
765	1057	0
766	1057	1
767	1057	0
768	1057	0
769	1057	0
770	1057	0
771	1057	0
772	1057	0
773	1057	0
774	1057	1
775	1057	0
776	1057	0
777	1057	0
778	1057	0
779	1057	0
780	1057	0
782	1057	0
783	1057	0
784	1057	0
785	1057	0
786	1057	0
787	1057	0
788	1057	0
789	1057	0
790	1057	0
791	1057	0
793	1057	0
794	1057	0
795	1057	0
796	1057	0
797	1057	0
798	1057	0
799	1057	0
800	1057	0
801	1057	0
802	1057	0
803	1057	0
804	1057	0
806	1057	0
807	1057	0
808	1057	1
809	1057	0
810	1057	0
811	1057	0
812	1057	0
813	1057	0
814	1057	1
816	1057	0
817	1057	0
818	1057	0
819	1057	0
820	1057	0
821	1057	0
822	1057	0
823	1057	0
824	1057	0
825	1057	0
826	1057	0
827	1057	0
828	1057	1
829	1057	1
830	1057	1
831	1057	1
832	1057	1
833	1057	1
834	1057	0
835	1057	0
836	1057	0
837	1057	0
839	1057	1
840	1057	0
841	1057	0
842	1057	0
843	1057	0
844	1057	0
845	1057	0
846	1057	0
847	1057	0
848	1057	0
849	1057	0
850	1057	0
851	1057	0
852	1057	0
853	1057	0
854	1057	0
855	1057	0
856	1057	0
857	1057	0
858	1057	0
859	1057	0
860	1057	0
861	1057	0
862	1057	0
863	1057	0
864	1057	0
865	1057	0
866	1057	0
867	1057	0
868	1057	0
869	1057	0
870	1057	1
872	1057	0
873	1057	0
874	1057	0
875	1057	0
876	1057	0
877	1057	0
878	1057	0
879	1057	0
880	1057	0
881	1057	0
882	1057	0
883	1057	0
884	1057	0
885	1057	0
886	1057	0
887	1057	0
888	1057	0
889	1057	0
890	1057	0
891	1057	0
892	1057	0
893	1057	0
894	1057	0
895	1057	1
896	1057	0
897	1057	0
898	1057	0
900	1057	0
901	1057	0
902	1057	0
903	1057	0
904	1057	0
905	1057	0
906	1057	0
907	1057	0
908	1057	0
909	1057	0
910	1057	0
911	1057	0
912	1057	1
913	1057	0
914	1057	0
916	1057	0
917	1057	1
918	1057	0
919	1057	0
920	1057	0
921	1057	0
922	1057	0
923	1057	0
924	1057	0
925	1057	0
926	1057	0
927	1057	0
928	1057	1
930	1057	0
931	1057	0
933	1057	0
934	1057	0
935	1057	0
936	1057	0
937	1057	0
938	1057	0
939	1057	0
940	1057	0
941	1057	0
942	1057	0
943	1057	0
944	1057	0
945	1057	0
946	1057	0
947	1057	1
948	1057	0
949	1057	0
950	1057	0
952	1057	0
953	1057	0
954	1057	0
955	1057	0
956	1057	1
958	1057	0
959	1057	0
960	1057	0
961	1057	0
962	1057	0
963	1057	0
964	1057	0
965	1057	1
966	1057	0
967	1057	1
