0	1017	0
1	1017	0
2	1017	0
3	1017	0
4	1017	0
5	1017	0
6	1017	0
7	1017	0
8	1017	1
9	1017	0
10	1017	0
11	1017	0
12	1017	0
13	1017	0
14	1017	0
15	1017	0
16	1017	0
17	1017	0
18	1017	1
19	1017	0
20	1017	0
21	1017	0
22	1017	0
23	1017	0
24	1017	0
26	1017	0
27	1017	0
28	1017	0
29	1017	0
30	1017	0
31	1017	1
32	1017	1
33	1017	0
34	1017	0
35	1017	0
36	1017	0
37	1017	0
38	1017	0
39	1017	1
40	1017	0
42	1017	0
43	1017	0
44	1017	0
45	1017	1
46	1017	0
47	1017	1
48	1017	0
49	1017	0
50	1017	0
51	1017	0
52	1017	0
53	1017	0
54	1017	0
55	1017	0
56	1017	0
57	1017	0
58	1017	0
59	1017	1
60	1017	0
61	1017	0
62	1017	0
64	1017	1
65	1017	0
66	1017	0
67	1017	0
68	1017	0
69	1017	0
70	1017	0
71	1017	1
72	1017	0
73	1017	0
74	1017	0
75	1017	0
76	1017	0
77	1017	0
78	1017	0
79	1017	0
80	1017	0
81	1017	0
82	1017	0
83	1017	0
84	1017	0
85	1017	0
86	1017	0
87	1017	0
88	1017	0
89	1017	0
90	1017	0
91	1017	0
92	1017	0
93	1017	0
94	1017	0
95	1017	0
96	1017	1
97	1017	0
98	1017	0
99	1017	0
100	1017	0
102	1017	0
103	1017	0
104	1017	0
105	1017	0
106	1017	0
109	1017	1
111	1017	0
112	1017	0
113	1017	0
114	1017	0
115	1017	0
116	1017	0
117	1017	0
118	1017	0
119	1017	0
120	1017	0
121	1017	0
122	1017	0
123	1017	0
124	1017	0
125	1017	0
126	1017	0
127	1017	1
129	1017	0
130	1017	0
131	1017	0
132	1017	0
133	1017	0
134	1017	0
136	1017	0
137	1017	0
138	1017	1
139	1017	0
140	1017	0
141	1017	0
142	1017	0
143	1017	0
144	1017	0
145	1017	0
146	1017	0
147	1017	0
148	1017	0
149	1017	0
150	1017	0
151	1017	0
152	1017	0
153	1017	0
154	1017	0
155	1017	0
156	1017	0
157	1017	0
158	1017	1
159	1017	0
160	1017	0
161	1017	0
162	1017	0
163	1017	0
165	1017	0
166	1017	0
167	1017	0
168	1017	0
169	1017	0
170	1017	0
171	1017	0
172	1017	1
173	1017	0
174	1017	0
175	1017	0
177	1017	0
178	1017	0
179	1017	0
180	1017	0
182	1017	0
183	1017	0
184	1017	0
185	1017	0
186	1017	0
187	1017	0
188	1017	1
189	1017	1
190	1017	0
191	1017	0
192	1017	0
193	1017	0
194	1017	0
195	1017	1
196	1017	1
197	1017	0
198	1017	0
199	1017	0
200	1017	0
201	1017	0
202	1017	0
203	1017	1
204	1017	1
206	1017	0
207	1017	0
208	1017	1
210	1017	0
211	1017	0
212	1017	1
213	1017	0
214	1017	0
215	1017	0
216	1017	0
217	1017	0
218	1017	0
219	1017	0
220	1017	0
222	1017	0
223	1017	0
224	1017	0
225	1017	0
226	1017	0
227	1017	1
228	1017	0
229	1017	0
230	1017	0
231	1017	0
232	1017	0
233	1017	0
234	1017	0
235	1017	0
236	1017	0
237	1017	0
238	1017	0
239	1017	0
240	1017	1
241	1017	0
242	1017	0
244	1017	0
245	1017	0
246	1017	0
247	1017	0
248	1017	0
249	1017	0
250	1017	0
251	1017	0
252	1017	0
253	1017	1
254	1017	0
255	1017	0
256	1017	0
258	1017	0
259	1017	0
260	1017	0
261	1017	0
262	1017	0
263	1017	0
264	1017	0
265	1017	0
266	1017	0
267	1017	1
268	1017	0
269	1017	0
270	1017	0
271	1017	0
272	1017	0
273	1017	0
274	1017	0
275	1017	0
276	1017	0
277	1017	0
278	1017	0
279	1017	0
280	1017	0
281	1017	0
282	1017	0
283	1017	1
284	1017	0
285	1017	0
286	1017	0
287	1017	0
288	1017	0
289	1017	0
290	1017	0
291	1017	0
292	1017	0
293	1017	0
294	1017	0
295	1017	0
296	1017	0
297	1017	0
298	1017	0
299	1017	0
300	1017	0
301	1017	0
302	1017	0
303	1017	0
304	1017	0
305	1017	0
306	1017	0
307	1017	0
308	1017	0
309	1017	0
310	1017	0
311	1017	0
312	1017	0
313	1017	0
314	1017	0
315	1017	0
316	1017	0
317	1017	0
318	1017	0
319	1017	0
320	1017	0
321	1017	0
322	1017	0
323	1017	0
324	1017	0
325	1017	0
326	1017	0
327	1017	0
328	1017	0
329	1017	0
330	1017	0
331	1017	0
333	1017	0
335	1017	0
336	1017	0
337	1017	0
338	1017	0
339	1017	0
340	1017	0
341	1017	0
342	1017	0
343	1017	0
344	1017	0
346	1017	0
347	1017	0
349	1017	0
350	1017	0
351	1017	0
352	1017	0
354	1017	0
355	1017	0
357	1017	0
358	1017	0
359	1017	0
360	1017	0
361	1017	0
363	1017	0
364	1017	0
365	1017	0
366	1017	0
367	1017	0
368	1017	0
371	1017	0
372	1017	0
373	1017	1
374	1017	1
375	1017	1
377	1017	0
378	1017	1
379	1017	0
380	1017	0
381	1017	1
382	1017	0
383	1017	0
384	1017	0
385	1017	0
386	1017	1
387	1017	0
388	1017	0
389	1017	0
390	1017	1
391	1017	0
393	1017	0
394	1017	0
395	1017	1
397	1017	1
398	1017	0
399	1017	0
400	1017	0
401	1017	0
402	1017	0
403	1017	0
404	1017	1
405	1017	0
406	1017	0
407	1017	1
408	1017	0
409	1017	0
410	1017	0
411	1017	0
412	1017	0
413	1017	0
414	1017	0
415	1017	0
416	1017	0
417	1017	0
418	1017	0
419	1017	0
420	1017	0
421	1017	0
422	1017	0
423	1017	0
424	1017	1
425	1017	0
426	1017	0
427	1017	0
428	1017	0
429	1017	0
430	1017	0
431	1017	0
432	1017	0
433	1017	0
434	1017	0
435	1017	0
436	1017	1
437	1017	0
438	1017	1
439	1017	0
440	1017	0
441	1017	0
442	1017	0
443	1017	0
444	1017	0
445	1017	0
446	1017	1
447	1017	0
448	1017	0
449	1017	0
450	1017	0
451	1017	0
452	1017	0
453	1017	0
454	1017	0
455	1017	0
456	1017	0
457	1017	0
458	1017	0
459	1017	0
460	1017	0
461	1017	0
462	1017	0
463	1017	0
464	1017	1
465	1017	0
466	1017	0
467	1017	0
468	1017	0
469	1017	0
470	1017	0
471	1017	0
472	1017	0
473	1017	0
474	1017	0
475	1017	0
476	1017	0
477	1017	0
478	1017	1
480	1017	0
481	1017	0
482	1017	0
483	1017	0
484	1017	0
485	1017	0
486	1017	0
487	1017	0
489	1017	0
490	1017	0
491	1017	0
492	1017	0
493	1017	0
495	1017	0
496	1017	0
497	1017	0
499	1017	0
500	1017	0
501	1017	0
502	1017	0
503	1017	1
505	1017	0
506	1017	1
508	1017	1
509	1017	1
510	1017	0
511	1017	0
512	1017	0
513	1017	0
514	1017	1
515	1017	0
516	1017	0
517	1017	0
518	1017	1
519	1017	0
520	1017	1
521	1017	0
523	1017	0
524	1017	0
525	1017	0
526	1017	0
527	1017	0
528	1017	0
529	1017	0
531	1017	0
533	1017	0
534	1017	0
536	1017	0
537	1017	0
538	1017	0
540	1017	0
541	1017	0
542	1017	0
543	1017	0
544	1017	0
546	1017	0
547	1017	0
548	1017	0
549	1017	0
550	1017	0
551	1017	0
553	1017	0
554	1017	0
555	1017	0
556	1017	0
557	1017	0
558	1017	0
559	1017	0
560	1017	1
561	1017	0
562	1017	0
563	1017	0
564	1017	0
565	1017	0
566	1017	0
567	1017	0
568	1017	0
569	1017	0
570	1017	0
571	1017	0
572	1017	0
574	1017	0
575	1017	0
576	1017	0
577	1017	0
578	1017	0
579	1017	0
580	1017	0
582	1017	0
583	1017	0
584	1017	0
585	1017	0
586	1017	0
587	1017	0
588	1017	0
589	1017	0
590	1017	0
591	1017	0
592	1017	0
593	1017	0
594	1017	0
595	1017	0
596	1017	0
597	1017	0
598	1017	0
599	1017	0
600	1017	0
601	1017	0
602	1017	0
604	1017	0
605	1017	0
606	1017	0
607	1017	0
608	1017	0
609	1017	0
611	1017	0
612	1017	0
613	1017	0
614	1017	0
615	1017	0
616	1017	0
617	1017	0
618	1017	0
619	1017	0
620	1017	0
621	1017	0
622	1017	0
624	1017	0
625	1017	0
626	1017	0
627	1017	0
628	1017	0
630	1017	0
631	1017	0
632	1017	0
633	1017	0
635	1017	0
636	1017	0
637	1017	0
640	1017	0
641	1017	0
642	1017	0
643	1017	0
644	1017	0
645	1017	1
646	1017	0
647	1017	0
648	1017	0
649	1017	0
650	1017	1
651	1017	0
652	1017	1
653	1017	0
654	1017	0
655	1017	0
656	1017	1
657	1017	0
658	1017	0
659	1017	0
660	1017	0
661	1017	0
662	1017	0
663	1017	1
664	1017	1
666	1017	0
667	1017	0
668	1017	0
669	1017	0
670	1017	0
671	1017	0
672	1017	0
673	1017	0
674	1017	0
675	1017	0
676	1017	0
677	1017	0
678	1017	0
679	1017	0
680	1017	0
681	1017	0
682	1017	0
683	1017	0
684	1017	0
685	1017	0
686	1017	0
687	1017	0
688	1017	0
689	1017	0
690	1017	0
691	1017	1
692	1017	1
693	1017	0
694	1017	0
695	1017	1
696	1017	0
697	1017	0
698	1017	0
699	1017	0
700	1017	0
701	1017	0
702	1017	0
703	1017	0
704	1017	0
705	1017	0
706	1017	0
707	1017	0
708	1017	0
709	1017	0
710	1017	0
711	1017	0
712	1017	0
713	1017	1
714	1017	0
715	1017	1
716	1017	0
717	1017	0
718	1017	0
719	1017	0
720	1017	0
721	1017	0
722	1017	0
723	1017	0
724	1017	0
725	1017	0
726	1017	0
727	1017	0
728	1017	0
730	1017	0
731	1017	0
732	1017	1
733	1017	0
734	1017	0
735	1017	0
736	1017	0
737	1017	0
738	1017	0
739	1017	0
740	1017	0
741	1017	0
742	1017	0
743	1017	0
744	1017	0
745	1017	0
746	1017	0
747	1017	0
748	1017	1
749	1017	0
750	1017	1
751	1017	0
752	1017	0
753	1017	0
754	1017	0
755	1017	0
756	1017	0
757	1017	0
758	1017	0
759	1017	1
760	1017	0
761	1017	0
762	1017	0
763	1017	0
764	1017	0
765	1017	0
766	1017	0
767	1017	0
768	1017	0
769	1017	0
770	1017	0
771	1017	0
772	1017	0
773	1017	0
774	1017	0
775	1017	0
776	1017	0
777	1017	0
778	1017	0
779	1017	0
780	1017	0
782	1017	0
783	1017	0
784	1017	0
785	1017	0
786	1017	0
787	1017	0
788	1017	0
789	1017	0
790	1017	0
791	1017	0
793	1017	0
794	1017	0
795	1017	0
796	1017	0
797	1017	0
798	1017	0
799	1017	0
800	1017	0
801	1017	0
802	1017	0
803	1017	0
804	1017	0
806	1017	0
807	1017	0
808	1017	0
809	1017	0
810	1017	0
811	1017	0
812	1017	0
813	1017	0
814	1017	0
816	1017	1
817	1017	0
818	1017	0
819	1017	0
820	1017	0
821	1017	0
822	1017	0
823	1017	0
824	1017	0
825	1017	0
826	1017	0
827	1017	1
828	1017	0
829	1017	1
830	1017	0
831	1017	0
832	1017	0
833	1017	1
834	1017	0
835	1017	0
836	1017	0
837	1017	1
839	1017	0
840	1017	1
841	1017	0
842	1017	0
843	1017	0
844	1017	0
845	1017	0
846	1017	0
847	1017	0
848	1017	0
849	1017	0
850	1017	0
851	1017	0
852	1017	0
853	1017	0
854	1017	0
855	1017	0
856	1017	0
857	1017	0
858	1017	0
859	1017	0
860	1017	0
861	1017	0
862	1017	0
863	1017	0
864	1017	0
865	1017	0
866	1017	0
867	1017	0
868	1017	0
869	1017	0
870	1017	0
872	1017	0
873	1017	0
874	1017	0
875	1017	0
876	1017	0
877	1017	0
878	1017	0
879	1017	0
880	1017	0
881	1017	0
882	1017	0
883	1017	0
884	1017	0
885	1017	0
886	1017	0
887	1017	0
888	1017	0
889	1017	0
890	1017	0
891	1017	0
892	1017	0
893	1017	0
894	1017	0
895	1017	0
896	1017	0
897	1017	0
898	1017	0
900	1017	0
901	1017	0
902	1017	0
903	1017	0
904	1017	0
905	1017	0
906	1017	0
907	1017	0
908	1017	0
909	1017	0
910	1017	0
911	1017	0
912	1017	1
913	1017	0
914	1017	0
916	1017	0
917	1017	1
918	1017	0
919	1017	0
920	1017	0
921	1017	0
922	1017	0
923	1017	0
924	1017	0
925	1017	0
926	1017	0
927	1017	0
928	1017	1
930	1017	0
931	1017	0
933	1017	0
934	1017	0
935	1017	1
936	1017	0
937	1017	1
938	1017	0
939	1017	0
940	1017	0
941	1017	0
942	1017	0
943	1017	0
944	1017	0
945	1017	0
946	1017	0
947	1017	1
948	1017	0
949	1017	0
950	1017	0
952	1017	0
953	1017	0
954	1017	0
955	1017	0
956	1017	0
958	1017	1
959	1017	0
960	1017	0
961	1017	0
962	1017	0
963	1017	1
964	1017	0
965	1017	1
966	1017	0
967	1017	0
