0	1131	0
1	1131	0
2	1131	0
3	1131	0
4	1131	0
5	1131	0
6	1131	1
7	1131	0
8	1131	1
9	1131	0
10	1131	1
11	1131	0
12	1131	1
13	1131	0
14	1131	0
15	1131	0
16	1131	0
17	1131	1
18	1131	0
19	1131	1
20	1131	0
21	1131	0
22	1131	0
23	1131	0
24	1131	0
26	1131	0
28	1131	0
29	1131	0
30	1131	0
31	1131	1
32	1131	0
33	1131	0
34	1131	1
35	1131	0
36	1131	0
37	1131	0
38	1131	0
39	1131	0
40	1131	0
42	1131	0
43	1131	0
44	1131	0
45	1131	1
46	1131	0
47	1131	0
48	1131	0
49	1131	0
50	1131	0
51	1131	1
52	1131	0
53	1131	0
54	1131	0
55	1131	0
56	1131	0
57	1131	0
58	1131	0
59	1131	1
60	1131	0
61	1131	0
62	1131	0
64	1131	0
65	1131	0
66	1131	0
67	1131	0
68	1131	0
69	1131	0
70	1131	0
71	1131	0
72	1131	0
73	1131	0
74	1131	0
75	1131	0
76	1131	0
77	1131	0
78	1131	0
79	1131	0
80	1131	0
81	1131	0
82	1131	0
83	1131	1
84	1131	0
85	1131	1
86	1131	0
87	1131	0
88	1131	0
90	1131	0
91	1131	0
92	1131	0
93	1131	0
94	1131	0
95	1131	0
96	1131	0
97	1131	0
98	1131	0
99	1131	0
100	1131	1
101	1131	0
102	1131	0
103	1131	0
104	1131	0
105	1131	0
106	1131	0
109	1131	1
111	1131	0
112	1131	1
113	1131	0
114	1131	0
115	1131	0
116	1131	0
117	1131	0
118	1131	0
119	1131	0
120	1131	0
121	1131	0
122	1131	0
123	1131	0
124	1131	0
125	1131	1
126	1131	0
129	1131	0
130	1131	0
131	1131	0
132	1131	0
133	1131	0
134	1131	0
136	1131	0
137	1131	0
138	1131	1
139	1131	0
140	1131	0
141	1131	0
142	1131	0
143	1131	0
144	1131	0
145	1131	0
146	1131	0
147	1131	0
148	1131	0
149	1131	0
150	1131	0
151	1131	0
152	1131	1
153	1131	0
154	1131	1
155	1131	0
156	1131	0
157	1131	0
158	1131	0
159	1131	0
160	1131	0
161	1131	0
162	1131	0
165	1131	0
166	1131	0
167	1131	0
168	1131	0
169	1131	0
170	1131	1
171	1131	0
172	1131	0
173	1131	0
174	1131	0
175	1131	0
177	1131	0
178	1131	0
179	1131	0
180	1131	0
182	1131	1
183	1131	0
184	1131	0
185	1131	0
186	1131	1
187	1131	0
188	1131	1
189	1131	0
190	1131	0
191	1131	1
192	1131	0
193	1131	1
194	1131	0
195	1131	0
196	1131	1
197	1131	0
198	1131	0
199	1131	0
200	1131	0
201	1131	0
202	1131	0
203	1131	0
204	1131	0
206	1131	0
207	1131	0
208	1131	0
210	1131	0
211	1131	0
212	1131	0
213	1131	0
214	1131	0
215	1131	0
216	1131	0
217	1131	0
218	1131	0
219	1131	0
220	1131	0
222	1131	0
223	1131	0
224	1131	1
225	1131	0
226	1131	0
227	1131	0
228	1131	0
229	1131	0
230	1131	0
231	1131	0
232	1131	0
233	1131	0
234	1131	0
235	1131	0
236	1131	0
237	1131	0
238	1131	0
239	1131	1
240	1131	0
241	1131	0
242	1131	0
244	1131	0
245	1131	0
247	1131	0
248	1131	0
249	1131	0
250	1131	0
251	1131	0
252	1131	0
253	1131	0
254	1131	0
255	1131	0
256	1131	0
258	1131	1
259	1131	0
260	1131	0
261	1131	0
262	1131	0
263	1131	0
264	1131	0
265	1131	0
266	1131	0
267	1131	0
268	1131	0
269	1131	0
270	1131	0
271	1131	0
272	1131	0
273	1131	0
274	1131	0
275	1131	0
276	1131	0
277	1131	0
278	1131	0
279	1131	0
280	1131	0
281	1131	0
282	1131	0
283	1131	0
284	1131	0
285	1131	0
286	1131	0
287	1131	0
288	1131	1
289	1131	0
290	1131	0
291	1131	1
292	1131	0
293	1131	0
294	1131	0
295	1131	0
296	1131	0
297	1131	0
298	1131	0
299	1131	0
300	1131	0
301	1131	0
302	1131	0
303	1131	1
304	1131	0
305	1131	0
306	1131	0
307	1131	0
308	1131	0
309	1131	0
310	1131	1
311	1131	0
312	1131	0
313	1131	1
314	1131	0
315	1131	0
316	1131	0
317	1131	0
318	1131	0
319	1131	0
320	1131	0
321	1131	0
322	1131	0
323	1131	0
324	1131	0
325	1131	0
326	1131	0
327	1131	0
328	1131	1
329	1131	0
330	1131	1
331	1131	1
333	1131	1
335	1131	0
336	1131	0
337	1131	0
338	1131	0
339	1131	0
340	1131	0
341	1131	0
342	1131	0
343	1131	0
344	1131	0
346	1131	0
347	1131	0
348	1131	1
349	1131	0
350	1131	0
351	1131	0
352	1131	0
354	1131	0
355	1131	0
357	1131	0
358	1131	0
359	1131	1
360	1131	0
361	1131	0
363	1131	0
364	1131	0
365	1131	0
366	1131	0
367	1131	0
368	1131	0
371	1131	1
372	1131	0
373	1131	1
374	1131	0
377	1131	1
378	1131	1
379	1131	0
380	1131	0
381	1131	0
382	1131	0
383	1131	0
384	1131	0
385	1131	0
386	1131	0
387	1131	0
388	1131	0
389	1131	0
390	1131	1
391	1131	0
393	1131	0
394	1131	0
395	1131	1
396	1131	0
398	1131	0
399	1131	0
400	1131	0
401	1131	0
402	1131	0
403	1131	0
404	1131	0
405	1131	0
406	1131	0
407	1131	0
408	1131	0
409	1131	0
410	1131	0
411	1131	0
412	1131	0
413	1131	0
414	1131	0
415	1131	0
416	1131	0
417	1131	0
418	1131	0
419	1131	0
420	1131	0
421	1131	0
422	1131	0
423	1131	0
424	1131	0
425	1131	0
426	1131	0
427	1131	0
428	1131	0
429	1131	0
430	1131	1
431	1131	0
432	1131	0
433	1131	0
434	1131	0
435	1131	0
436	1131	1
437	1131	0
438	1131	0
439	1131	0
440	1131	0
441	1131	0
442	1131	0
443	1131	0
444	1131	0
445	1131	0
446	1131	0
447	1131	0
448	1131	0
449	1131	1
450	1131	0
451	1131	0
452	1131	0
453	1131	0
454	1131	0
455	1131	0
456	1131	0
457	1131	0
458	1131	0
459	1131	0
460	1131	0
461	1131	0
462	1131	0
463	1131	0
464	1131	0
465	1131	1
466	1131	0
467	1131	0
468	1131	0
469	1131	0
470	1131	0
471	1131	0
472	1131	0
473	1131	0
474	1131	1
475	1131	0
476	1131	0
477	1131	0
478	1131	0
480	1131	0
481	1131	0
482	1131	0
483	1131	0
484	1131	0
485	1131	0
486	1131	0
487	1131	0
489	1131	0
490	1131	0
491	1131	0
492	1131	0
493	1131	0
495	1131	0
496	1131	0
497	1131	0
499	1131	0
500	1131	0
501	1131	0
502	1131	0
503	1131	0
505	1131	0
506	1131	0
508	1131	0
509	1131	1
510	1131	0
511	1131	0
512	1131	0
513	1131	0
514	1131	1
515	1131	0
516	1131	0
517	1131	0
518	1131	0
519	1131	0
520	1131	1
521	1131	0
522	1131	0
523	1131	0
524	1131	0
525	1131	0
526	1131	1
527	1131	0
528	1131	0
529	1131	0
531	1131	0
533	1131	0
534	1131	0
536	1131	1
537	1131	0
538	1131	0
540	1131	0
541	1131	0
542	1131	0
543	1131	0
544	1131	1
546	1131	1
547	1131	0
548	1131	0
549	1131	0
550	1131	0
551	1131	0
553	1131	0
554	1131	0
555	1131	0
556	1131	0
557	1131	0
558	1131	0
559	1131	0
560	1131	1
561	1131	0
562	1131	0
563	1131	0
564	1131	0
565	1131	0
566	1131	0
567	1131	0
568	1131	0
569	1131	0
570	1131	0
571	1131	0
572	1131	0
573	1131	0
574	1131	0
575	1131	0
576	1131	0
577	1131	0
578	1131	0
579	1131	0
580	1131	0
582	1131	0
583	1131	0
584	1131	0
585	1131	0
586	1131	0
587	1131	0
588	1131	0
589	1131	0
590	1131	0
591	1131	0
592	1131	0
593	1131	0
594	1131	0
595	1131	0
596	1131	0
597	1131	0
598	1131	0
599	1131	0
600	1131	0
601	1131	0
602	1131	0
604	1131	0
605	1131	0
606	1131	0
607	1131	0
608	1131	0
609	1131	0
611	1131	0
612	1131	0
613	1131	1
614	1131	0
615	1131	0
616	1131	0
617	1131	0
618	1131	0
619	1131	0
620	1131	1
621	1131	0
622	1131	0
624	1131	0
625	1131	0
626	1131	0
627	1131	0
628	1131	0
630	1131	0
631	1131	0
632	1131	0
633	1131	0
635	1131	0
636	1131	0
637	1131	1
640	1131	0
641	1131	0
642	1131	0
643	1131	0
644	1131	0
645	1131	0
646	1131	0
647	1131	0
648	1131	0
649	1131	1
650	1131	0
651	1131	0
652	1131	1
653	1131	0
654	1131	0
655	1131	0
656	1131	0
657	1131	0
658	1131	0
659	1131	0
660	1131	0
661	1131	1
662	1131	0
663	1131	0
664	1131	0
666	1131	1
667	1131	1
668	1131	0
669	1131	0
670	1131	0
671	1131	0
672	1131	0
673	1131	0
674	1131	0
675	1131	0
676	1131	0
677	1131	0
678	1131	0
679	1131	0
680	1131	0
681	1131	0
682	1131	0
683	1131	0
684	1131	0
685	1131	0
686	1131	0
687	1131	0
688	1131	0
689	1131	0
690	1131	0
691	1131	1
692	1131	0
693	1131	0
694	1131	1
695	1131	1
696	1131	1
697	1131	0
698	1131	0
699	1131	0
700	1131	0
701	1131	0
702	1131	0
703	1131	0
704	1131	0
705	1131	0
706	1131	0
707	1131	0
708	1131	0
709	1131	0
710	1131	0
711	1131	0
712	1131	0
713	1131	0
714	1131	1
715	1131	0
716	1131	0
717	1131	0
718	1131	1
719	1131	0
720	1131	0
721	1131	0
722	1131	0
723	1131	0
724	1131	0
725	1131	0
726	1131	0
727	1131	0
728	1131	0
730	1131	0
731	1131	0
732	1131	0
733	1131	0
734	1131	0
735	1131	0
736	1131	0
737	1131	0
738	1131	0
739	1131	0
740	1131	0
741	1131	1
742	1131	0
743	1131	0
744	1131	0
745	1131	0
746	1131	0
747	1131	0
748	1131	1
749	1131	1
750	1131	0
751	1131	0
752	1131	0
753	1131	0
754	1131	0
755	1131	0
756	1131	0
757	1131	0
758	1131	0
759	1131	1
760	1131	0
761	1131	0
762	1131	0
763	1131	1
764	1131	0
765	1131	0
767	1131	0
768	1131	0
769	1131	0
770	1131	0
771	1131	1
772	1131	0
773	1131	0
774	1131	1
775	1131	0
776	1131	0
777	1131	0
778	1131	0
779	1131	0
780	1131	0
782	1131	0
783	1131	0
784	1131	0
785	1131	0
786	1131	0
787	1131	0
788	1131	0
789	1131	0
790	1131	1
791	1131	0
793	1131	0
794	1131	0
795	1131	0
796	1131	1
797	1131	0
798	1131	0
799	1131	0
800	1131	0
801	1131	0
802	1131	0
803	1131	0
804	1131	0
806	1131	0
807	1131	0
808	1131	1
809	1131	0
810	1131	0
811	1131	0
812	1131	0
813	1131	0
814	1131	0
816	1131	0
817	1131	1
818	1131	0
819	1131	0
820	1131	0
821	1131	0
822	1131	0
823	1131	0
824	1131	0
825	1131	0
826	1131	0
827	1131	1
828	1131	1
829	1131	1
830	1131	1
831	1131	1
832	1131	1
833	1131	1
834	1131	0
835	1131	0
836	1131	0
837	1131	0
839	1131	0
840	1131	1
841	1131	0
842	1131	0
843	1131	0
844	1131	0
845	1131	0
846	1131	0
847	1131	0
848	1131	0
849	1131	0
850	1131	0
851	1131	0
852	1131	0
853	1131	0
854	1131	0
855	1131	0
856	1131	0
857	1131	0
858	1131	0
859	1131	0
860	1131	0
861	1131	0
862	1131	0
863	1131	0
864	1131	0
865	1131	0
866	1131	0
867	1131	0
868	1131	0
869	1131	0
870	1131	0
872	1131	0
873	1131	0
874	1131	0
875	1131	0
876	1131	0
877	1131	0
878	1131	0
880	1131	0
881	1131	0
882	1131	0
883	1131	0
884	1131	1
885	1131	0
886	1131	0
887	1131	1
888	1131	0
889	1131	0
890	1131	0
891	1131	0
892	1131	0
893	1131	0
894	1131	0
895	1131	0
896	1131	0
897	1131	0
898	1131	0
900	1131	0
901	1131	0
902	1131	0
903	1131	0
904	1131	0
905	1131	0
906	1131	0
907	1131	0
908	1131	0
909	1131	0
910	1131	0
911	1131	0
912	1131	0
913	1131	1
914	1131	0
916	1131	0
917	1131	0
918	1131	0
919	1131	0
920	1131	0
921	1131	0
922	1131	0
923	1131	0
924	1131	0
925	1131	0
926	1131	0
927	1131	0
928	1131	1
930	1131	0
931	1131	0
933	1131	0
934	1131	0
935	1131	0
936	1131	0
937	1131	0
938	1131	0
939	1131	0
940	1131	0
941	1131	0
942	1131	0
943	1131	0
944	1131	0
945	1131	0
946	1131	0
947	1131	0
948	1131	1
949	1131	0
950	1131	0
952	1131	0
953	1131	0
954	1131	0
955	1131	0
956	1131	1
958	1131	0
959	1131	0
961	1131	0
962	1131	0
963	1131	0
964	1131	0
965	1131	1
967	1131	1
