0	1143	0
1	1143	0
2	1143	0
3	1143	0
4	1143	0
5	1143	0
6	1143	1
7	1143	0
8	1143	0
10	1143	0
11	1143	0
12	1143	0
15	1143	0
16	1143	0
17	1143	0
18	1143	0
19	1143	0
20	1143	1
21	1143	0
22	1143	0
23	1143	1
24	1143	0
25	1143	0
27	1143	0
28	1143	0
29	1143	1
30	1143	0
31	1143	1
32	1143	0
33	1143	0
34	1143	0
35	1143	0
36	1143	0
37	1143	0
38	1143	0
39	1143	0
40	1143	1
41	1143	0
42	1143	1
43	1143	0
44	1143	0
45	1143	0
47	1143	1
48	1143	0
49	1143	0
51	1143	0
53	1143	0
55	1143	0
56	1143	1
58	1143	1
59	1143	0
60	1143	0
61	1143	1
62	1143	0
63	1143	0
64	1143	0
65	1143	0
66	1143	0
67	1143	0
68	1143	0
69	1143	0
70	1143	0
71	1143	0
72	1143	1
73	1143	0
74	1143	0
75	1143	1
77	1143	1
78	1143	1
79	1143	1
80	1143	1
81	1143	0
83	1143	0
84	1143	0
85	1143	0
86	1143	0
87	1143	0
89	1143	0
90	1143	0
91	1143	0
92	1143	0
93	1143	0
94	1143	0
95	1143	1
96	1143	0
97	1143	0
98	1143	0
100	1143	1
101	1143	0
102	1143	0
103	1143	0
104	1143	0
105	1143	0
106	1143	0
107	1143	0
108	1143	0
109	1143	0
110	1143	0
111	1143	0
112	1143	0
113	1143	0
114	1143	0
115	1143	0
116	1143	0
117	1143	0
118	1143	0
120	1143	0
121	1143	0
124	1143	0
125	1143	0
129	1143	0
130	1143	0
131	1143	0
132	1143	0
133	1143	0
134	1143	0
135	1143	0
136	1143	0
137	1143	0
138	1143	0
139	1143	0
140	1143	0
141	1143	0
142	1143	0
143	1143	0
144	1143	0
145	1143	0
146	1143	0
147	1143	0
148	1143	0
149	1143	0
150	1143	0
151	1143	0
152	1143	0
153	1143	0
154	1143	0
155	1143	0
156	1143	0
157	1143	0
158	1143	0
159	1143	0
160	1143	0
161	1143	0
162	1143	0
163	1143	0
164	1143	1
165	1143	1
166	1143	1
167	1143	0
168	1143	1
169	1143	1
170	1143	0
171	1143	0
172	1143	0
173	1143	0
174	1143	1
175	1143	0
177	1143	0
178	1143	0
179	1143	1
180	1143	0
181	1143	0
182	1143	0
183	1143	0
184	1143	0
185	1143	1
186	1143	0
187	1143	0
188	1143	0
189	1143	0
190	1143	0
191	1143	0
193	1143	0
194	1143	0
195	1143	0
196	1143	0
197	1143	0
198	1143	1
199	1143	0
200	1143	0
201	1143	1
202	1143	0
203	1143	0
204	1143	0
206	1143	0
207	1143	0
208	1143	0
209	1143	0
210	1143	0
211	1143	0
212	1143	0
213	1143	1
214	1143	0
215	1143	0
216	1143	0
217	1143	0
218	1143	0
219	1143	0
220	1143	0
221	1143	0
222	1143	0
224	1143	0
225	1143	1
227	1143	0
228	1143	0
229	1143	0
230	1143	0
232	1143	0
233	1143	0
235	1143	0
237	1143	0
238	1143	0
239	1143	0
240	1143	0
245	1143	0
246	1143	0
247	1143	1
248	1143	1
249	1143	0
250	1143	0
251	1143	0
252	1143	0
253	1143	0
254	1143	1
255	1143	0
256	1143	0
257	1143	0
258	1143	0
259	1143	0
260	1143	0
261	1143	1
262	1143	0
263	1143	0
264	1143	0
265	1143	0
266	1143	0
267	1143	0
268	1143	0
271	1143	0
272	1143	0
273	1143	0
274	1143	0
275	1143	0
276	1143	0
277	1143	0
278	1143	0
280	1143	0
281	1143	0
282	1143	0
283	1143	0
284	1143	1
285	1143	0
286	1143	0
287	1143	0
288	1143	0
289	1143	0
290	1143	0
292	1143	0
293	1143	1
295	1143	1
296	1143	0
297	1143	0
298	1143	0
302	1143	0
303	1143	0
304	1143	0
305	1143	0
306	1143	0
308	1143	1
310	1143	0
311	1143	1
313	1143	0
314	1143	0
315	1143	0
317	1143	0
318	1143	1
319	1143	0
321	1143	0
322	1143	0
323	1143	0
324	1143	1
325	1143	0
326	1143	0
327	1143	0
328	1143	0
329	1143	0
330	1143	0
331	1143	0
332	1143	0
333	1143	0
334	1143	0
336	1143	0
337	1143	0
338	1143	0
340	1143	0
341	1143	0
344	1143	0
345	1143	0
346	1143	1
347	1143	0
348	1143	0
349	1143	0
350	1143	0
351	1143	1
352	1143	0
353	1143	0
354	1143	1
355	1143	1
356	1143	1
357	1143	0
358	1143	0
359	1143	0
360	1143	0
361	1143	0
362	1143	0
363	1143	1
364	1143	0
365	1143	0
366	1143	0
367	1143	0
369	1143	0
370	1143	0
371	1143	0
372	1143	0
373	1143	0
374	1143	0
375	1143	0
376	1143	0
377	1143	0
378	1143	0
379	1143	0
381	1143	0
382	1143	0
383	1143	0
384	1143	0
385	1143	0
386	1143	0
387	1143	0
388	1143	1
389	1143	1
390	1143	0
391	1143	0
392	1143	0
393	1143	0
394	1143	0
395	1143	0
397	1143	0
398	1143	0
399	1143	0
401	1143	0
402	1143	0
403	1143	1
404	1143	0
405	1143	0
406	1143	0
407	1143	1
408	1143	1
409	1143	1
410	1143	0
412	1143	1
414	1143	1
415	1143	1
416	1143	1
417	1143	1
418	1143	0
419	1143	0
420	1143	0
421	1143	0
422	1143	0
423	1143	0
424	1143	0
425	1143	0
426	1143	1
427	1143	1
428	1143	0
429	1143	0
430	1143	0
431	1143	1
432	1143	0
434	1143	1
436	1143	0
437	1143	0
438	1143	0
439	1143	0
440	1143	0
441	1143	0
442	1143	1
444	1143	0
445	1143	1
446	1143	0
447	1143	1
449	1143	0
450	1143	0
451	1143	0
452	1143	0
453	1143	0
454	1143	0
455	1143	0
456	1143	0
457	1143	0
458	1143	0
459	1143	0
461	1143	0
462	1143	0
463	1143	0
464	1143	0
465	1143	0
466	1143	0
468	1143	0
469	1143	0
470	1143	0
471	1143	0
472	1143	0
473	1143	0
474	1143	1
475	1143	0
476	1143	0
477	1143	1
478	1143	0
479	1143	0
480	1143	0
481	1143	0
482	1143	0
483	1143	0
484	1143	0
486	1143	0
487	1143	0
488	1143	0
489	1143	0
490	1143	0
492	1143	0
493	1143	0
494	1143	0
496	1143	0
497	1143	0
498	1143	0
499	1143	0
500	1143	0
501	1143	0
502	1143	0
503	1143	0
504	1143	0
505	1143	0
506	1143	1
507	1143	0
508	1143	0
509	1143	0
510	1143	0
511	1143	0
512	1143	0
513	1143	0
514	1143	0
515	1143	0
516	1143	0
518	1143	0
519	1143	0
520	1143	0
521	1143	0
523	1143	0
524	1143	0
525	1143	0
526	1143	0
527	1143	0
528	1143	0
530	1143	0
531	1143	0
533	1143	0
534	1143	0
535	1143	0
536	1143	0
538	1143	0
539	1143	0
541	1143	0
542	1143	0
543	1143	0
544	1143	0
545	1143	0
546	1143	0
547	1143	0
549	1143	0
550	1143	1
551	1143	1
553	1143	0
554	1143	1
555	1143	0
556	1143	0
557	1143	0
558	1143	0
559	1143	0
560	1143	0
561	1143	0
562	1143	0
563	1143	0
565	1143	0
566	1143	0
567	1143	0
568	1143	0
569	1143	0
571	1143	0
573	1143	0
574	1143	0
575	1143	0
576	1143	0
577	1143	0
578	1143	0
580	1143	0
583	1143	0
584	1143	0
585	1143	0
586	1143	1
587	1143	0
588	1143	0
589	1143	0
591	1143	0
593	1143	0
595	1143	0
596	1143	0
597	1143	0
598	1143	0
599	1143	0
600	1143	0
601	1143	0
602	1143	0
604	1143	0
605	1143	1
606	1143	0
607	1143	0
608	1143	0
609	1143	0
611	1143	0
612	1143	0
613	1143	0
614	1143	0
616	1143	0
617	1143	0
618	1143	0
619	1143	0
620	1143	0
621	1143	0
622	1143	0
624	1143	0
625	1143	0
627	1143	0
628	1143	0
630	1143	0
632	1143	0
633	1143	0
634	1143	0
635	1143	0
636	1143	0
637	1143	0
638	1143	0
639	1143	0
640	1143	0
641	1143	0
642	1143	0
643	1143	0
644	1143	0
645	1143	0
646	1143	0
647	1143	0
648	1143	0
649	1143	0
650	1143	0
651	1143	0
652	1143	0
654	1143	1
655	1143	0
656	1143	0
657	1143	0
659	1143	1
660	1143	0
661	1143	0
662	1143	0
663	1143	0
664	1143	0
665	1143	0
666	1143	0
667	1143	0
668	1143	0
669	1143	0
670	1143	1
671	1143	0
672	1143	0
673	1143	0
674	1143	0
676	1143	1
677	1143	0
678	1143	0
679	1143	0
680	1143	0
681	1143	1
683	1143	0
684	1143	0
685	1143	0
686	1143	1
687	1143	0
688	1143	0
689	1143	1
690	1143	1
691	1143	0
692	1143	0
693	1143	0
694	1143	0
695	1143	0
696	1143	0
697	1143	0
698	1143	0
699	1143	1
700	1143	0
701	1143	0
703	1143	1
705	1143	1
706	1143	1
707	1143	0
709	1143	1
710	1143	1
711	1143	1
712	1143	0
713	1143	0
714	1143	0
715	1143	0
717	1143	0
718	1143	0
719	1143	0
720	1143	0
721	1143	1
722	1143	0
723	1143	0
724	1143	0
725	1143	0
726	1143	1
727	1143	1
728	1143	0
729	1143	0
730	1143	0
732	1143	0
734	1143	0
735	1143	0
736	1143	1
737	1143	0
738	1143	1
739	1143	0
740	1143	0
741	1143	0
742	1143	0
743	1143	1
744	1143	0
745	1143	0
746	1143	0
747	1143	0
748	1143	0
749	1143	1
752	1143	0
753	1143	0
754	1143	0
755	1143	0
756	1143	1
757	1143	1
758	1143	0
759	1143	0
760	1143	0
762	1143	1
764	1143	1
765	1143	0
766	1143	0
767	1143	0
768	1143	0
769	1143	0
770	1143	0
771	1143	0
772	1143	0
773	1143	0
775	1143	0
776	1143	0
777	1143	0
778	1143	0
780	1143	0
781	1143	0
782	1143	0
783	1143	0
784	1143	0
786	1143	0
787	1143	0
788	1143	0
790	1143	0
791	1143	0
792	1143	0
793	1143	0
794	1143	0
795	1143	0
796	1143	0
797	1143	0
798	1143	1
799	1143	0
800	1143	0
802	1143	1
803	1143	0
804	1143	0
806	1143	0
807	1143	1
808	1143	0
810	1143	0
811	1143	0
814	1143	0
816	1143	0
818	1143	0
819	1143	0
820	1143	0
822	1143	0
823	1143	0
824	1143	0
825	1143	0
826	1143	0
827	1143	0
830	1143	0
831	1143	0
832	1143	0
833	1143	0
835	1143	1
836	1143	0
837	1143	0
838	1143	0
839	1143	0
840	1143	0
843	1143	0
844	1143	0
845	1143	0
848	1143	0
849	1143	0
850	1143	0
851	1143	0
852	1143	1
853	1143	0
854	1143	0
855	1143	0
856	1143	0
857	1143	0
861	1143	0
862	1143	1
863	1143	0
864	1143	0
866	1143	1
867	1143	0
868	1143	0
869	1143	0
871	1143	0
873	1143	0
875	1143	0
876	1143	1
877	1143	1
878	1143	1
880	1143	0
881	1143	1
882	1143	0
883	1143	0
884	1143	0
885	1143	0
887	1143	0
888	1143	0
889	1143	0
890	1143	1
891	1143	0
892	1143	0
893	1143	0
894	1143	0
895	1143	0
896	1143	0
897	1143	0
898	1143	0
899	1143	0
900	1143	0
901	1143	0
903	1143	0
904	1143	0
905	1143	0
907	1143	0
908	1143	0
909	1143	0
910	1143	0
911	1143	0
912	1143	0
913	1143	0
915	1143	0
916	1143	0
917	1143	0
918	1143	0
919	1143	0
920	1143	0
921	1143	1
922	1143	0
923	1143	0
924	1143	0
925	1143	0
926	1143	0
927	1143	0
928	1143	0
929	1143	0
934	1143	0
935	1143	0
936	1143	0
937	1143	0
939	1143	0
940	1143	0
941	1143	0
942	1143	0
943	1143	0
944	1143	0
945	1143	0
946	1143	0
948	1143	0
949	1143	1
950	1143	0
952	1143	0
953	1143	0
954	1143	0
955	1143	0
956	1143	1
957	1143	0
958	1143	0
959	1143	0
960	1143	0
961	1143	0
962	1143	0
963	1143	0
964	1143	0
965	1143	0
966	1143	0
967	1143	0
