0	1084	0
1	1084	0
2	1084	0
3	1084	0
4	1084	0
5	1084	0
6	1084	0
7	1084	0
8	1084	1
9	1084	0
10	1084	0
11	1084	0
12	1084	0
13	1084	0
14	1084	1
15	1084	0
16	1084	0
17	1084	0
18	1084	1
19	1084	0
20	1084	0
21	1084	0
22	1084	0
23	1084	0
24	1084	0
26	1084	0
27	1084	0
28	1084	0
29	1084	0
30	1084	0
31	1084	1
32	1084	1
33	1084	0
34	1084	1
35	1084	0
36	1084	0
37	1084	0
38	1084	0
39	1084	0
40	1084	0
42	1084	0
43	1084	0
44	1084	0
45	1084	0
46	1084	0
47	1084	1
48	1084	0
49	1084	0
50	1084	0
51	1084	0
52	1084	0
53	1084	0
54	1084	0
55	1084	0
56	1084	0
57	1084	0
58	1084	0
59	1084	1
60	1084	0
61	1084	0
62	1084	0
64	1084	1
65	1084	0
66	1084	1
67	1084	0
68	1084	0
69	1084	0
70	1084	0
71	1084	1
72	1084	0
73	1084	0
74	1084	0
75	1084	0
76	1084	0
77	1084	0
78	1084	0
79	1084	0
80	1084	0
81	1084	0
82	1084	0
83	1084	0
84	1084	0
85	1084	0
86	1084	0
87	1084	0
88	1084	0
89	1084	0
90	1084	0
91	1084	0
92	1084	0
93	1084	0
94	1084	0
95	1084	0
96	1084	0
97	1084	0
98	1084	0
99	1084	0
100	1084	0
101	1084	0
102	1084	0
103	1084	0
104	1084	0
105	1084	0
106	1084	0
109	1084	1
111	1084	0
112	1084	0
113	1084	0
114	1084	0
115	1084	0
116	1084	0
117	1084	0
118	1084	0
119	1084	0
120	1084	0
121	1084	0
122	1084	0
123	1084	0
124	1084	0
125	1084	0
126	1084	0
127	1084	0
129	1084	0
130	1084	0
131	1084	0
132	1084	0
133	1084	0
134	1084	0
136	1084	0
137	1084	0
138	1084	1
139	1084	0
140	1084	0
141	1084	0
142	1084	0
143	1084	0
144	1084	0
145	1084	0
146	1084	0
147	1084	0
148	1084	0
149	1084	0
150	1084	0
151	1084	1
152	1084	1
153	1084	0
154	1084	0
155	1084	0
156	1084	0
157	1084	0
158	1084	0
159	1084	0
160	1084	0
161	1084	0
162	1084	0
163	1084	1
165	1084	0
166	1084	0
167	1084	0
168	1084	0
169	1084	0
170	1084	0
171	1084	0
172	1084	1
173	1084	0
174	1084	0
175	1084	0
177	1084	0
178	1084	0
179	1084	0
180	1084	0
182	1084	0
183	1084	0
184	1084	1
185	1084	0
186	1084	0
187	1084	0
188	1084	1
189	1084	0
190	1084	1
191	1084	0
192	1084	0
193	1084	0
194	1084	0
195	1084	0
196	1084	0
197	1084	0
198	1084	0
199	1084	0
200	1084	0
201	1084	0
202	1084	1
203	1084	0
204	1084	0
206	1084	1
207	1084	0
208	1084	0
210	1084	0
211	1084	0
212	1084	1
213	1084	0
214	1084	1
215	1084	0
216	1084	0
217	1084	0
218	1084	0
219	1084	0
220	1084	0
222	1084	0
223	1084	0
224	1084	0
225	1084	0
226	1084	0
227	1084	1
228	1084	0
229	1084	0
230	1084	0
231	1084	0
232	1084	0
233	1084	0
234	1084	0
235	1084	0
236	1084	0
237	1084	0
238	1084	0
239	1084	1
240	1084	0
241	1084	0
242	1084	0
244	1084	0
245	1084	0
247	1084	0
248	1084	0
249	1084	0
250	1084	0
251	1084	0
252	1084	0
253	1084	1
254	1084	0
255	1084	1
256	1084	0
258	1084	0
259	1084	0
260	1084	0
261	1084	0
262	1084	0
263	1084	0
264	1084	0
265	1084	0
266	1084	0
267	1084	0
268	1084	0
269	1084	0
270	1084	0
271	1084	0
272	1084	0
273	1084	0
274	1084	0
275	1084	0
276	1084	0
277	1084	0
278	1084	0
279	1084	0
280	1084	0
281	1084	0
282	1084	0
283	1084	0
284	1084	0
285	1084	0
286	1084	0
287	1084	0
288	1084	0
289	1084	1
290	1084	0
291	1084	0
292	1084	0
293	1084	0
294	1084	0
295	1084	0
296	1084	0
297	1084	0
298	1084	0
299	1084	0
300	1084	0
301	1084	0
302	1084	0
303	1084	0
304	1084	0
305	1084	0
306	1084	0
307	1084	0
308	1084	0
309	1084	0
310	1084	0
311	1084	0
312	1084	0
313	1084	0
314	1084	0
315	1084	0
316	1084	0
317	1084	0
318	1084	0
319	1084	0
320	1084	0
321	1084	0
322	1084	0
323	1084	0
324	1084	0
325	1084	0
326	1084	0
327	1084	0
328	1084	0
329	1084	0
330	1084	0
331	1084	0
333	1084	0
335	1084	0
336	1084	0
337	1084	0
338	1084	0
339	1084	0
340	1084	0
342	1084	0
343	1084	0
344	1084	0
346	1084	0
347	1084	0
348	1084	0
349	1084	0
350	1084	0
351	1084	0
352	1084	0
354	1084	0
355	1084	0
357	1084	0
358	1084	0
359	1084	0
360	1084	0
361	1084	0
363	1084	1
364	1084	0
365	1084	1
366	1084	0
367	1084	0
368	1084	0
371	1084	0
372	1084	0
373	1084	1
374	1084	1
377	1084	1
378	1084	0
379	1084	0
380	1084	1
381	1084	0
382	1084	0
383	1084	0
384	1084	0
385	1084	0
386	1084	0
387	1084	0
388	1084	0
389	1084	0
390	1084	0
391	1084	0
393	1084	0
394	1084	0
395	1084	1
396	1084	0
398	1084	0
399	1084	0
400	1084	0
401	1084	0
402	1084	0
403	1084	0
404	1084	1
405	1084	0
406	1084	0
407	1084	0
408	1084	0
409	1084	0
410	1084	0
411	1084	0
412	1084	0
413	1084	0
414	1084	0
415	1084	0
416	1084	0
417	1084	0
418	1084	0
419	1084	0
420	1084	0
421	1084	0
422	1084	0
423	1084	0
424	1084	1
425	1084	0
426	1084	0
427	1084	0
428	1084	0
429	1084	0
431	1084	0
432	1084	1
433	1084	0
434	1084	0
435	1084	0
436	1084	0
437	1084	0
438	1084	0
439	1084	0
440	1084	0
441	1084	0
442	1084	0
443	1084	0
444	1084	0
445	1084	0
446	1084	1
447	1084	0
448	1084	0
449	1084	0
450	1084	0
451	1084	0
452	1084	0
453	1084	0
454	1084	0
455	1084	0
456	1084	0
457	1084	0
458	1084	0
459	1084	0
460	1084	0
461	1084	0
462	1084	0
463	1084	0
464	1084	0
465	1084	0
466	1084	0
467	1084	0
468	1084	0
469	1084	0
470	1084	0
471	1084	0
472	1084	0
473	1084	0
474	1084	0
475	1084	0
476	1084	0
477	1084	0
478	1084	1
480	1084	0
481	1084	0
482	1084	0
483	1084	0
484	1084	0
485	1084	0
486	1084	0
487	1084	0
489	1084	1
490	1084	0
491	1084	0
492	1084	0
493	1084	0
495	1084	0
496	1084	0
497	1084	1
499	1084	0
500	1084	0
501	1084	0
502	1084	0
503	1084	1
505	1084	1
506	1084	0
508	1084	0
509	1084	1
510	1084	0
511	1084	0
512	1084	0
513	1084	0
514	1084	1
515	1084	0
516	1084	0
517	1084	1
518	1084	1
519	1084	1
520	1084	1
521	1084	0
522	1084	0
523	1084	0
524	1084	0
525	1084	0
526	1084	0
527	1084	0
528	1084	0
529	1084	0
531	1084	0
533	1084	0
534	1084	0
536	1084	0
537	1084	0
538	1084	0
540	1084	0
541	1084	0
542	1084	0
543	1084	0
544	1084	0
546	1084	0
547	1084	0
548	1084	0
549	1084	0
550	1084	0
551	1084	0
553	1084	0
554	1084	0
555	1084	0
556	1084	0
557	1084	0
558	1084	0
559	1084	0
560	1084	0
561	1084	0
562	1084	0
563	1084	0
564	1084	0
565	1084	0
566	1084	0
567	1084	0
568	1084	0
569	1084	0
570	1084	0
571	1084	0
572	1084	0
573	1084	0
574	1084	0
575	1084	0
576	1084	0
577	1084	0
578	1084	0
579	1084	0
580	1084	0
582	1084	0
583	1084	0
584	1084	0
585	1084	0
586	1084	0
587	1084	0
588	1084	0
589	1084	0
590	1084	0
591	1084	0
592	1084	0
593	1084	0
594	1084	0
595	1084	0
596	1084	0
597	1084	0
598	1084	0
599	1084	0
600	1084	0
601	1084	0
602	1084	0
604	1084	0
605	1084	0
606	1084	0
607	1084	0
608	1084	0
609	1084	0
611	1084	0
612	1084	0
613	1084	0
614	1084	0
615	1084	0
616	1084	0
617	1084	0
618	1084	0
619	1084	0
620	1084	0
621	1084	0
622	1084	0
624	1084	0
625	1084	0
626	1084	1
627	1084	0
628	1084	0
630	1084	0
631	1084	0
632	1084	0
633	1084	0
635	1084	0
636	1084	0
637	1084	0
640	1084	0
641	1084	0
642	1084	0
643	1084	0
644	1084	0
645	1084	1
646	1084	0
647	1084	0
648	1084	0
649	1084	0
650	1084	0
651	1084	0
652	1084	1
653	1084	0
654	1084	0
655	1084	0
656	1084	1
657	1084	0
658	1084	0
659	1084	0
660	1084	0
661	1084	0
662	1084	0
663	1084	1
664	1084	1
666	1084	0
667	1084	0
668	1084	0
669	1084	0
670	1084	0
671	1084	0
672	1084	0
673	1084	0
674	1084	0
675	1084	0
676	1084	0
677	1084	0
678	1084	0
679	1084	0
680	1084	0
681	1084	0
682	1084	0
683	1084	0
684	1084	0
685	1084	0
686	1084	0
687	1084	0
688	1084	0
689	1084	0
690	1084	0
691	1084	0
692	1084	1
693	1084	0
694	1084	1
695	1084	0
696	1084	0
697	1084	0
698	1084	0
699	1084	0
700	1084	0
701	1084	0
702	1084	0
703	1084	0
704	1084	0
705	1084	0
706	1084	0
707	1084	0
708	1084	0
709	1084	0
710	1084	0
711	1084	0
712	1084	0
713	1084	0
714	1084	0
715	1084	0
716	1084	0
717	1084	0
718	1084	0
719	1084	0
720	1084	0
721	1084	1
722	1084	0
723	1084	0
724	1084	0
725	1084	0
726	1084	0
727	1084	0
728	1084	0
730	1084	0
731	1084	0
732	1084	0
733	1084	0
734	1084	0
735	1084	0
736	1084	0
737	1084	1
738	1084	1
739	1084	0
740	1084	0
741	1084	0
742	1084	1
743	1084	0
744	1084	0
745	1084	1
746	1084	0
747	1084	0
748	1084	1
749	1084	0
750	1084	0
751	1084	0
752	1084	0
753	1084	0
754	1084	0
755	1084	0
756	1084	0
757	1084	0
758	1084	0
759	1084	0
760	1084	0
761	1084	0
762	1084	0
763	1084	0
764	1084	0
765	1084	0
767	1084	0
768	1084	0
769	1084	0
770	1084	0
771	1084	0
772	1084	0
773	1084	0
774	1084	1
775	1084	0
776	1084	0
777	1084	0
778	1084	0
779	1084	0
780	1084	0
782	1084	0
783	1084	0
784	1084	0
785	1084	0
786	1084	0
787	1084	0
788	1084	0
789	1084	0
790	1084	1
791	1084	0
793	1084	0
794	1084	0
795	1084	0
796	1084	0
797	1084	0
798	1084	0
799	1084	0
800	1084	0
801	1084	0
802	1084	0
803	1084	0
804	1084	0
806	1084	0
807	1084	0
808	1084	1
809	1084	0
810	1084	0
811	1084	0
812	1084	0
813	1084	0
814	1084	0
816	1084	0
817	1084	0
818	1084	0
819	1084	0
820	1084	0
821	1084	0
822	1084	0
823	1084	0
824	1084	0
825	1084	0
826	1084	0
827	1084	1
828	1084	0
829	1084	0
830	1084	1
831	1084	1
832	1084	1
833	1084	1
834	1084	0
835	1084	0
836	1084	0
837	1084	1
839	1084	0
840	1084	0
841	1084	0
842	1084	0
843	1084	1
844	1084	0
845	1084	0
846	1084	0
847	1084	0
848	1084	0
849	1084	0
850	1084	0
851	1084	0
852	1084	0
853	1084	0
854	1084	0
855	1084	0
856	1084	0
857	1084	0
858	1084	0
859	1084	0
860	1084	0
861	1084	0
862	1084	0
863	1084	0
864	1084	0
865	1084	0
866	1084	0
867	1084	0
868	1084	0
869	1084	0
870	1084	0
872	1084	0
873	1084	0
874	1084	0
875	1084	0
876	1084	0
877	1084	0
878	1084	0
879	1084	0
880	1084	0
881	1084	0
882	1084	0
883	1084	0
884	1084	0
885	1084	0
886	1084	0
887	1084	0
888	1084	0
889	1084	0
890	1084	0
891	1084	0
892	1084	0
893	1084	0
894	1084	0
895	1084	0
896	1084	0
897	1084	0
898	1084	0
900	1084	0
901	1084	0
902	1084	0
903	1084	0
904	1084	1
905	1084	0
906	1084	0
907	1084	0
908	1084	0
909	1084	0
910	1084	0
911	1084	0
912	1084	1
913	1084	0
914	1084	0
916	1084	0
917	1084	0
918	1084	0
919	1084	0
920	1084	0
921	1084	1
922	1084	0
923	1084	0
924	1084	0
925	1084	0
926	1084	0
927	1084	0
928	1084	1
930	1084	0
931	1084	0
933	1084	0
934	1084	0
935	1084	0
936	1084	0
937	1084	0
938	1084	0
939	1084	0
940	1084	0
941	1084	1
942	1084	0
943	1084	0
944	1084	0
945	1084	0
946	1084	0
947	1084	0
948	1084	0
949	1084	0
950	1084	0
952	1084	0
953	1084	0
954	1084	0
955	1084	0
956	1084	0
958	1084	0
959	1084	0
961	1084	0
962	1084	0
963	1084	1
964	1084	0
965	1084	0
967	1084	0
