0	1090	0
1	1090	0
2	1090	0
3	1090	0
4	1090	0
5	1090	0
6	1090	0
7	1090	1
8	1090	0
9	1090	0
10	1090	0
11	1090	0
12	1090	1
13	1090	0
14	1090	1
15	1090	0
16	1090	0
17	1090	0
18	1090	0
19	1090	0
20	1090	0
21	1090	0
22	1090	0
23	1090	0
24	1090	0
26	1090	1
28	1090	0
29	1090	0
30	1090	0
31	1090	1
32	1090	0
33	1090	0
34	1090	0
35	1090	0
36	1090	0
37	1090	0
38	1090	0
39	1090	0
40	1090	0
42	1090	0
43	1090	0
44	1090	0
45	1090	0
46	1090	0
47	1090	0
48	1090	0
49	1090	0
50	1090	0
51	1090	0
52	1090	0
53	1090	0
54	1090	0
55	1090	0
56	1090	0
57	1090	0
58	1090	0
59	1090	0
60	1090	0
61	1090	0
62	1090	0
64	1090	1
65	1090	0
66	1090	1
67	1090	0
68	1090	0
69	1090	0
70	1090	0
71	1090	0
72	1090	0
73	1090	0
74	1090	0
75	1090	0
76	1090	0
77	1090	0
78	1090	0
79	1090	0
80	1090	0
81	1090	0
82	1090	0
83	1090	0
84	1090	0
85	1090	0
86	1090	0
87	1090	0
88	1090	0
90	1090	0
91	1090	0
92	1090	0
93	1090	0
94	1090	0
95	1090	0
96	1090	0
97	1090	0
98	1090	0
99	1090	0
100	1090	0
101	1090	0
102	1090	0
103	1090	0
104	1090	0
105	1090	0
106	1090	0
109	1090	0
111	1090	0
112	1090	0
113	1090	0
114	1090	0
115	1090	0
116	1090	0
117	1090	0
118	1090	0
119	1090	0
120	1090	0
121	1090	0
122	1090	0
123	1090	0
124	1090	0
125	1090	0
126	1090	1
129	1090	1
130	1090	0
131	1090	0
132	1090	0
133	1090	0
134	1090	0
136	1090	0
138	1090	0
139	1090	0
140	1090	0
141	1090	0
142	1090	0
143	1090	0
144	1090	0
145	1090	0
146	1090	0
147	1090	0
148	1090	0
149	1090	0
150	1090	0
151	1090	1
152	1090	0
153	1090	0
154	1090	0
155	1090	0
156	1090	0
157	1090	0
158	1090	0
159	1090	0
160	1090	0
161	1090	0
162	1090	0
163	1090	0
165	1090	0
166	1090	0
167	1090	0
168	1090	0
169	1090	0
170	1090	0
171	1090	0
172	1090	0
173	1090	0
174	1090	0
175	1090	0
177	1090	0
178	1090	0
179	1090	0
180	1090	0
182	1090	0
183	1090	0
184	1090	0
185	1090	0
186	1090	0
187	1090	0
188	1090	0
189	1090	0
190	1090	0
191	1090	0
192	1090	0
193	1090	0
194	1090	0
195	1090	0
196	1090	0
197	1090	0
198	1090	0
199	1090	0
200	1090	1
201	1090	0
202	1090	0
203	1090	0
204	1090	0
206	1090	0
207	1090	0
208	1090	0
210	1090	0
211	1090	0
212	1090	0
213	1090	0
214	1090	0
215	1090	0
216	1090	0
217	1090	0
218	1090	0
219	1090	0
220	1090	0
222	1090	0
223	1090	0
224	1090	0
225	1090	0
226	1090	0
227	1090	0
228	1090	0
229	1090	0
230	1090	0
231	1090	0
232	1090	0
233	1090	0
234	1090	0
235	1090	0
236	1090	0
237	1090	0
238	1090	0
239	1090	0
240	1090	0
241	1090	0
242	1090	0
244	1090	0
245	1090	0
247	1090	0
248	1090	0
249	1090	0
250	1090	0
251	1090	0
252	1090	0
253	1090	0
254	1090	0
255	1090	0
256	1090	0
258	1090	0
259	1090	0
260	1090	0
261	1090	0
262	1090	0
263	1090	0
264	1090	0
265	1090	0
266	1090	0
267	1090	0
268	1090	0
269	1090	0
270	1090	0
271	1090	0
272	1090	0
273	1090	0
274	1090	0
275	1090	0
276	1090	0
277	1090	0
278	1090	0
279	1090	0
280	1090	0
281	1090	0
282	1090	0
283	1090	0
284	1090	0
285	1090	0
286	1090	0
287	1090	0
288	1090	0
289	1090	0
290	1090	0
291	1090	1
292	1090	0
293	1090	0
294	1090	0
295	1090	0
296	1090	0
297	1090	0
298	1090	0
299	1090	0
300	1090	0
301	1090	0
302	1090	0
303	1090	0
304	1090	0
305	1090	1
306	1090	0
307	1090	0
308	1090	0
309	1090	0
310	1090	0
311	1090	0
312	1090	0
313	1090	0
314	1090	0
315	1090	0
316	1090	0
317	1090	0
318	1090	0
319	1090	0
320	1090	0
321	1090	1
322	1090	0
323	1090	0
324	1090	0
325	1090	0
326	1090	0
327	1090	0
328	1090	1
329	1090	0
330	1090	0
331	1090	0
333	1090	0
335	1090	0
336	1090	0
337	1090	0
338	1090	0
339	1090	0
340	1090	1
341	1090	0
342	1090	0
343	1090	1
344	1090	0
346	1090	0
347	1090	1
348	1090	0
349	1090	0
350	1090	0
351	1090	1
352	1090	0
354	1090	0
355	1090	0
357	1090	0
358	1090	0
359	1090	0
360	1090	1
361	1090	0
363	1090	0
364	1090	0
365	1090	0
366	1090	0
367	1090	0
368	1090	0
371	1090	0
372	1090	1
373	1090	0
374	1090	0
377	1090	0
378	1090	0
379	1090	0
380	1090	0
382	1090	0
383	1090	1
384	1090	0
385	1090	0
386	1090	0
387	1090	0
388	1090	0
389	1090	0
390	1090	0
391	1090	0
393	1090	1
394	1090	0
395	1090	0
396	1090	0
398	1090	0
399	1090	0
400	1090	0
401	1090	0
402	1090	0
403	1090	0
404	1090	1
405	1090	0
406	1090	0
407	1090	0
408	1090	1
409	1090	0
410	1090	0
411	1090	0
412	1090	0
413	1090	0
414	1090	0
415	1090	0
416	1090	0
417	1090	0
418	1090	0
419	1090	0
420	1090	0
421	1090	0
422	1090	0
423	1090	0
424	1090	0
425	1090	0
426	1090	0
427	1090	0
428	1090	0
429	1090	0
430	1090	0
431	1090	0
432	1090	0
433	1090	0
434	1090	0
435	1090	0
436	1090	0
437	1090	0
438	1090	0
439	1090	0
440	1090	0
441	1090	0
442	1090	0
443	1090	0
444	1090	0
445	1090	0
446	1090	0
447	1090	0
448	1090	0
449	1090	0
450	1090	0
451	1090	0
452	1090	0
453	1090	0
454	1090	0
455	1090	0
456	1090	1
457	1090	0
458	1090	0
459	1090	0
460	1090	0
461	1090	0
462	1090	0
463	1090	0
464	1090	0
465	1090	0
466	1090	0
467	1090	0
468	1090	0
469	1090	0
470	1090	0
471	1090	0
472	1090	0
473	1090	0
474	1090	0
475	1090	0
476	1090	0
477	1090	0
478	1090	0
480	1090	1
481	1090	0
482	1090	0
483	1090	0
484	1090	0
485	1090	0
486	1090	0
487	1090	0
489	1090	0
490	1090	0
491	1090	0
492	1090	0
493	1090	0
495	1090	0
496	1090	0
497	1090	0
499	1090	0
500	1090	0
501	1090	0
502	1090	0
503	1090	0
505	1090	0
506	1090	0
508	1090	0
509	1090	1
510	1090	0
511	1090	0
512	1090	0
513	1090	0
514	1090	0
515	1090	0
516	1090	0
517	1090	0
518	1090	1
519	1090	0
520	1090	0
521	1090	0
522	1090	0
523	1090	0
524	1090	0
525	1090	0
526	1090	0
527	1090	0
528	1090	0
529	1090	1
531	1090	0
533	1090	0
534	1090	0
536	1090	0
537	1090	0
538	1090	0
540	1090	0
541	1090	0
542	1090	0
543	1090	0
544	1090	0
546	1090	0
547	1090	0
548	1090	0
549	1090	0
550	1090	0
551	1090	0
553	1090	0
554	1090	0
555	1090	0
556	1090	0
557	1090	0
558	1090	0
559	1090	0
560	1090	0
561	1090	0
562	1090	0
563	1090	0
564	1090	0
565	1090	0
566	1090	0
567	1090	0
568	1090	0
569	1090	0
570	1090	0
571	1090	0
572	1090	0
573	1090	0
574	1090	0
575	1090	0
576	1090	0
577	1090	0
578	1090	0
579	1090	0
580	1090	0
582	1090	0
583	1090	0
584	1090	0
585	1090	1
586	1090	0
587	1090	0
588	1090	1
589	1090	0
590	1090	0
591	1090	0
592	1090	0
593	1090	0
594	1090	0
595	1090	0
596	1090	0
597	1090	0
598	1090	0
599	1090	0
600	1090	0
601	1090	0
602	1090	0
604	1090	0
605	1090	0
606	1090	0
607	1090	0
608	1090	0
609	1090	0
611	1090	0
612	1090	0
613	1090	1
614	1090	0
615	1090	0
616	1090	0
617	1090	0
618	1090	0
619	1090	0
620	1090	1
621	1090	0
622	1090	0
624	1090	0
625	1090	0
626	1090	0
627	1090	0
628	1090	0
630	1090	0
631	1090	0
632	1090	0
633	1090	1
635	1090	0
636	1090	0
637	1090	1
640	1090	0
641	1090	0
642	1090	0
643	1090	1
644	1090	0
645	1090	0
646	1090	0
647	1090	0
648	1090	0
649	1090	0
650	1090	0
651	1090	1
652	1090	0
653	1090	0
654	1090	1
655	1090	0
656	1090	0
657	1090	0
658	1090	0
659	1090	0
660	1090	1
661	1090	0
662	1090	0
663	1090	0
664	1090	0
666	1090	0
667	1090	0
668	1090	0
669	1090	0
670	1090	0
671	1090	0
672	1090	0
673	1090	0
674	1090	0
675	1090	0
676	1090	0
677	1090	0
678	1090	0
679	1090	0
680	1090	0
681	1090	0
682	1090	0
683	1090	0
684	1090	0
685	1090	0
686	1090	0
687	1090	0
688	1090	0
689	1090	0
690	1090	0
691	1090	0
692	1090	0
693	1090	0
694	1090	1
695	1090	1
696	1090	0
697	1090	0
698	1090	0
699	1090	0
700	1090	0
701	1090	0
702	1090	0
703	1090	0
704	1090	1
705	1090	0
706	1090	0
707	1090	0
708	1090	0
709	1090	0
710	1090	0
711	1090	0
712	1090	0
713	1090	0
714	1090	0
715	1090	0
716	1090	0
717	1090	0
718	1090	0
719	1090	0
720	1090	0
721	1090	0
722	1090	0
723	1090	0
724	1090	0
725	1090	0
726	1090	0
727	1090	0
728	1090	0
730	1090	0
731	1090	1
732	1090	0
733	1090	0
734	1090	0
735	1090	0
736	1090	0
737	1090	1
738	1090	1
739	1090	0
740	1090	0
741	1090	0
742	1090	0
743	1090	0
744	1090	0
745	1090	0
746	1090	0
747	1090	0
748	1090	0
749	1090	0
750	1090	0
751	1090	0
752	1090	0
753	1090	0
754	1090	0
755	1090	0
756	1090	0
757	1090	0
758	1090	1
759	1090	0
760	1090	0
761	1090	0
762	1090	0
763	1090	0
764	1090	0
765	1090	0
767	1090	0
768	1090	0
769	1090	1
770	1090	0
771	1090	0
772	1090	0
773	1090	0
774	1090	0
775	1090	0
776	1090	0
777	1090	0
778	1090	0
779	1090	0
780	1090	0
782	1090	0
783	1090	1
784	1090	0
785	1090	0
786	1090	0
787	1090	0
788	1090	0
789	1090	0
790	1090	0
791	1090	0
793	1090	0
794	1090	0
795	1090	1
796	1090	0
797	1090	0
798	1090	0
799	1090	0
800	1090	0
801	1090	0
802	1090	0
803	1090	0
804	1090	0
806	1090	1
807	1090	1
808	1090	0
809	1090	0
810	1090	0
812	1090	0
813	1090	0
814	1090	0
816	1090	0
817	1090	1
818	1090	0
819	1090	1
820	1090	0
821	1090	0
822	1090	0
823	1090	0
824	1090	0
825	1090	0
826	1090	0
827	1090	0
828	1090	0
829	1090	0
830	1090	1
831	1090	0
832	1090	1
833	1090	0
834	1090	0
835	1090	0
836	1090	0
837	1090	0
839	1090	0
840	1090	0
841	1090	0
842	1090	0
843	1090	0
844	1090	0
845	1090	0
846	1090	0
847	1090	0
848	1090	0
849	1090	0
850	1090	0
851	1090	0
852	1090	0
853	1090	0
854	1090	0
855	1090	0
856	1090	0
857	1090	0
858	1090	0
859	1090	0
860	1090	0
861	1090	0
862	1090	0
863	1090	0
864	1090	0
865	1090	0
866	1090	0
867	1090	0
868	1090	0
869	1090	0
870	1090	0
872	1090	0
873	1090	0
874	1090	0
875	1090	0
876	1090	0
877	1090	0
878	1090	0
880	1090	0
881	1090	0
882	1090	0
883	1090	0
884	1090	0
885	1090	0
886	1090	0
887	1090	0
888	1090	0
889	1090	0
890	1090	0
891	1090	0
892	1090	0
893	1090	0
894	1090	1
895	1090	0
896	1090	0
897	1090	0
898	1090	0
900	1090	0
901	1090	0
902	1090	0
903	1090	0
904	1090	0
905	1090	0
906	1090	0
907	1090	0
908	1090	0
909	1090	0
910	1090	0
911	1090	1
912	1090	0
913	1090	0
914	1090	0
916	1090	0
917	1090	0
918	1090	0
919	1090	0
920	1090	0
921	1090	0
922	1090	0
923	1090	0
924	1090	0
925	1090	0
926	1090	0
927	1090	0
928	1090	0
930	1090	0
931	1090	0
933	1090	0
934	1090	0
935	1090	0
936	1090	0
937	1090	0
938	1090	0
939	1090	0
940	1090	0
941	1090	1
942	1090	0
943	1090	0
944	1090	0
945	1090	0
946	1090	0
947	1090	0
948	1090	0
949	1090	0
950	1090	0
952	1090	0
953	1090	1
954	1090	0
955	1090	0
956	1090	0
958	1090	0
959	1090	0
961	1090	0
962	1090	0
963	1090	0
964	1090	0
965	1090	0
967	1090	0
