0	1136	0
1	1136	0
2	1136	0
3	1136	0
4	1136	0
5	1136	0
6	1136	1
7	1136	0
8	1136	0
10	1136	0
11	1136	0
12	1136	0
13	1136	0
15	1136	0
16	1136	0
17	1136	0
18	1136	0
19	1136	1
20	1136	0
21	1136	0
22	1136	0
23	1136	0
24	1136	0
25	1136	0
27	1136	0
28	1136	0
29	1136	0
30	1136	0
31	1136	0
32	1136	1
33	1136	0
34	1136	0
35	1136	0
36	1136	0
37	1136	0
38	1136	0
39	1136	0
40	1136	0
41	1136	0
42	1136	0
43	1136	0
44	1136	0
45	1136	0
47	1136	0
48	1136	0
49	1136	0
51	1136	1
53	1136	0
55	1136	0
56	1136	0
58	1136	0
59	1136	0
60	1136	0
61	1136	0
62	1136	0
63	1136	0
64	1136	1
65	1136	0
66	1136	0
67	1136	0
68	1136	0
69	1136	0
70	1136	0
71	1136	0
72	1136	0
73	1136	0
74	1136	0
75	1136	0
77	1136	0
78	1136	0
79	1136	0
80	1136	0
81	1136	0
83	1136	1
84	1136	1
85	1136	0
86	1136	0
87	1136	0
89	1136	0
90	1136	0
91	1136	0
92	1136	0
93	1136	0
94	1136	0
95	1136	0
96	1136	1
97	1136	0
98	1136	0
100	1136	0
101	1136	0
102	1136	0
103	1136	0
104	1136	0
105	1136	0
106	1136	0
107	1136	0
108	1136	0
109	1136	0
110	1136	1
111	1136	0
112	1136	0
113	1136	0
114	1136	0
115	1136	0
116	1136	0
117	1136	0
118	1136	0
120	1136	1
121	1136	0
124	1136	0
125	1136	0
129	1136	0
130	1136	0
131	1136	0
132	1136	0
133	1136	0
134	1136	0
135	1136	1
136	1136	0
137	1136	0
138	1136	0
139	1136	0
140	1136	0
141	1136	0
142	1136	0
143	1136	0
144	1136	0
145	1136	0
146	1136	0
147	1136	0
148	1136	1
149	1136	0
150	1136	1
151	1136	0
152	1136	0
153	1136	0
154	1136	0
155	1136	0
156	1136	0
157	1136	0
158	1136	0
159	1136	0
160	1136	0
161	1136	0
162	1136	0
163	1136	0
164	1136	1
165	1136	0
166	1136	0
167	1136	0
168	1136	0
169	1136	0
170	1136	0
171	1136	0
172	1136	0
173	1136	1
174	1136	0
175	1136	0
177	1136	0
178	1136	0
179	1136	0
180	1136	0
181	1136	0
182	1136	0
183	1136	0
184	1136	0
185	1136	0
186	1136	0
187	1136	0
188	1136	0
189	1136	0
190	1136	0
191	1136	1
193	1136	1
194	1136	1
195	1136	0
196	1136	1
197	1136	1
198	1136	0
199	1136	0
200	1136	0
201	1136	0
202	1136	0
203	1136	0
204	1136	0
206	1136	0
207	1136	1
208	1136	0
209	1136	0
210	1136	0
211	1136	0
212	1136	0
213	1136	0
214	1136	0
215	1136	0
216	1136	0
217	1136	0
218	1136	0
219	1136	0
220	1136	0
221	1136	0
222	1136	0
224	1136	0
225	1136	0
227	1136	0
228	1136	0
229	1136	0
230	1136	1
232	1136	0
233	1136	0
235	1136	0
237	1136	0
238	1136	0
239	1136	0
240	1136	1
245	1136	0
246	1136	0
247	1136	0
248	1136	0
249	1136	1
250	1136	0
251	1136	0
252	1136	0
253	1136	0
254	1136	0
255	1136	0
256	1136	0
257	1136	0
258	1136	0
259	1136	0
260	1136	0
261	1136	0
262	1136	0
263	1136	0
264	1136	0
265	1136	0
266	1136	0
267	1136	0
268	1136	0
271	1136	0
272	1136	0
273	1136	0
274	1136	0
275	1136	0
276	1136	0
277	1136	0
278	1136	0
280	1136	0
281	1136	0
282	1136	0
283	1136	0
284	1136	0
285	1136	0
286	1136	0
287	1136	0
288	1136	0
289	1136	0
290	1136	0
292	1136	0
293	1136	0
295	1136	0
296	1136	0
297	1136	0
298	1136	0
302	1136	0
303	1136	0
304	1136	0
305	1136	0
306	1136	0
308	1136	0
310	1136	0
311	1136	1
312	1136	1
313	1136	0
314	1136	0
315	1136	0
317	1136	0
318	1136	0
319	1136	0
321	1136	0
322	1136	0
323	1136	0
324	1136	0
325	1136	0
326	1136	0
327	1136	0
328	1136	1
329	1136	0
330	1136	0
331	1136	0
332	1136	0
333	1136	1
334	1136	0
336	1136	0
337	1136	0
338	1136	0
340	1136	0
341	1136	0
344	1136	0
345	1136	0
346	1136	0
347	1136	0
348	1136	0
349	1136	0
350	1136	0
351	1136	0
352	1136	0
353	1136	0
354	1136	0
355	1136	0
356	1136	0
357	1136	0
358	1136	0
359	1136	0
360	1136	1
361	1136	1
362	1136	0
363	1136	0
364	1136	1
365	1136	0
366	1136	0
367	1136	0
369	1136	0
370	1136	1
371	1136	0
372	1136	0
373	1136	0
374	1136	0
375	1136	0
376	1136	0
377	1136	0
378	1136	0
379	1136	0
381	1136	0
382	1136	0
383	1136	0
384	1136	0
385	1136	0
386	1136	0
387	1136	0
388	1136	0
389	1136	0
390	1136	0
391	1136	0
392	1136	0
393	1136	0
394	1136	0
395	1136	0
397	1136	0
398	1136	0
399	1136	0
401	1136	0
402	1136	0
403	1136	0
404	1136	0
405	1136	0
406	1136	0
407	1136	0
408	1136	0
409	1136	0
410	1136	0
412	1136	0
414	1136	0
415	1136	0
416	1136	0
417	1136	0
418	1136	0
419	1136	0
420	1136	0
421	1136	0
422	1136	0
423	1136	0
424	1136	0
425	1136	0
426	1136	0
427	1136	0
428	1136	0
429	1136	0
430	1136	0
432	1136	0
434	1136	0
436	1136	0
437	1136	0
438	1136	0
439	1136	0
440	1136	0
441	1136	0
442	1136	0
444	1136	0
445	1136	0
446	1136	0
447	1136	0
449	1136	0
450	1136	0
451	1136	0
452	1136	0
453	1136	0
454	1136	0
455	1136	0
456	1136	0
457	1136	0
458	1136	0
459	1136	0
461	1136	0
462	1136	0
463	1136	0
464	1136	0
465	1136	0
466	1136	0
468	1136	0
469	1136	0
470	1136	0
471	1136	0
472	1136	0
473	1136	0
474	1136	0
475	1136	0
476	1136	0
477	1136	0
478	1136	0
479	1136	0
480	1136	0
481	1136	0
482	1136	0
483	1136	0
484	1136	0
486	1136	0
487	1136	0
488	1136	0
489	1136	0
490	1136	0
492	1136	0
493	1136	0
494	1136	0
496	1136	0
497	1136	0
498	1136	0
499	1136	0
500	1136	0
501	1136	0
502	1136	0
503	1136	0
504	1136	0
505	1136	0
506	1136	0
507	1136	1
508	1136	1
509	1136	0
510	1136	0
511	1136	0
512	1136	0
513	1136	0
514	1136	1
515	1136	0
516	1136	0
518	1136	0
519	1136	0
520	1136	0
521	1136	0
522	1136	0
523	1136	0
524	1136	0
525	1136	1
526	1136	0
527	1136	0
528	1136	0
530	1136	0
531	1136	0
533	1136	1
534	1136	0
535	1136	1
536	1136	0
538	1136	0
539	1136	0
541	1136	0
542	1136	1
543	1136	0
544	1136	0
545	1136	0
546	1136	0
547	1136	0
549	1136	0
550	1136	0
551	1136	0
553	1136	0
554	1136	0
555	1136	0
556	1136	0
557	1136	0
558	1136	0
559	1136	0
560	1136	0
561	1136	0
562	1136	0
563	1136	0
565	1136	0
566	1136	0
567	1136	0
568	1136	0
569	1136	1
571	1136	0
573	1136	0
574	1136	0
575	1136	0
576	1136	0
577	1136	0
578	1136	0
580	1136	0
583	1136	0
584	1136	1
585	1136	0
586	1136	0
587	1136	0
588	1136	0
589	1136	0
591	1136	0
593	1136	0
595	1136	0
596	1136	0
597	1136	0
598	1136	0
599	1136	0
600	1136	0
601	1136	0
602	1136	0
604	1136	0
605	1136	0
606	1136	0
607	1136	0
608	1136	0
609	1136	0
611	1136	0
612	1136	0
613	1136	0
614	1136	0
616	1136	0
617	1136	1
618	1136	0
619	1136	0
620	1136	0
621	1136	0
622	1136	0
624	1136	0
625	1136	0
627	1136	0
628	1136	0
630	1136	0
632	1136	0
633	1136	0
634	1136	0
635	1136	0
636	1136	0
637	1136	0
638	1136	0
639	1136	0
640	1136	0
641	1136	0
642	1136	0
643	1136	0
644	1136	0
645	1136	0
646	1136	0
647	1136	0
648	1136	0
649	1136	0
650	1136	0
651	1136	1
652	1136	1
654	1136	0
655	1136	0
656	1136	0
657	1136	0
659	1136	0
660	1136	0
661	1136	0
662	1136	0
663	1136	0
664	1136	1
665	1136	0
666	1136	0
667	1136	0
668	1136	0
669	1136	0
670	1136	0
671	1136	0
672	1136	0
673	1136	0
674	1136	0
676	1136	0
677	1136	0
678	1136	0
679	1136	0
680	1136	0
681	1136	0
683	1136	0
684	1136	0
685	1136	0
686	1136	0
687	1136	0
688	1136	0
689	1136	0
690	1136	0
691	1136	0
692	1136	0
693	1136	0
694	1136	0
695	1136	1
696	1136	0
697	1136	0
698	1136	0
699	1136	0
700	1136	0
701	1136	0
703	1136	0
705	1136	0
706	1136	0
707	1136	0
709	1136	0
710	1136	0
711	1136	0
712	1136	0
713	1136	0
714	1136	0
715	1136	0
717	1136	0
718	1136	0
719	1136	0
720	1136	0
721	1136	0
722	1136	0
723	1136	0
724	1136	0
725	1136	0
726	1136	0
727	1136	0
728	1136	0
729	1136	0
730	1136	0
732	1136	0
734	1136	0
735	1136	0
736	1136	0
737	1136	0
738	1136	0
739	1136	0
740	1136	0
741	1136	0
742	1136	0
743	1136	0
744	1136	0
745	1136	0
746	1136	0
747	1136	0
748	1136	0
749	1136	1
752	1136	0
753	1136	0
754	1136	0
755	1136	0
756	1136	0
757	1136	0
758	1136	0
759	1136	1
760	1136	0
762	1136	0
764	1136	0
765	1136	0
766	1136	0
767	1136	0
768	1136	0
769	1136	0
770	1136	0
771	1136	0
772	1136	0
773	1136	0
775	1136	0
776	1136	0
777	1136	0
778	1136	0
780	1136	0
781	1136	0
782	1136	0
783	1136	0
784	1136	0
786	1136	0
787	1136	0
788	1136	0
790	1136	0
791	1136	0
792	1136	0
793	1136	0
794	1136	0
795	1136	0
796	1136	0
797	1136	0
798	1136	0
799	1136	0
800	1136	1
801	1136	0
802	1136	0
803	1136	0
804	1136	0
806	1136	0
807	1136	0
808	1136	0
810	1136	0
811	1136	0
814	1136	0
816	1136	0
818	1136	0
819	1136	0
820	1136	0
822	1136	0
823	1136	0
824	1136	0
825	1136	0
826	1136	0
827	1136	0
830	1136	0
831	1136	0
832	1136	1
833	1136	0
835	1136	0
836	1136	0
837	1136	1
838	1136	0
839	1136	0
840	1136	0
843	1136	0
844	1136	0
845	1136	0
848	1136	0
849	1136	0
850	1136	0
851	1136	0
852	1136	0
853	1136	0
854	1136	0
855	1136	0
856	1136	0
857	1136	0
861	1136	0
862	1136	0
863	1136	0
864	1136	1
866	1136	0
867	1136	0
868	1136	0
869	1136	0
871	1136	0
873	1136	0
875	1136	0
876	1136	0
877	1136	0
878	1136	0
880	1136	0
881	1136	0
882	1136	0
883	1136	0
884	1136	0
885	1136	0
887	1136	0
888	1136	0
889	1136	0
890	1136	0
891	1136	0
892	1136	0
893	1136	0
894	1136	0
895	1136	0
896	1136	0
897	1136	0
898	1136	0
899	1136	0
900	1136	0
901	1136	0
903	1136	0
904	1136	0
905	1136	0
907	1136	0
908	1136	0
909	1136	0
910	1136	0
911	1136	0
912	1136	0
913	1136	0
915	1136	0
916	1136	0
917	1136	0
918	1136	0
919	1136	0
920	1136	0
921	1136	0
922	1136	0
923	1136	0
924	1136	0
925	1136	0
926	1136	0
927	1136	0
928	1136	0
929	1136	0
934	1136	0
935	1136	0
936	1136	0
937	1136	0
939	1136	0
940	1136	0
941	1136	0
942	1136	0
943	1136	0
944	1136	0
945	1136	0
946	1136	0
948	1136	0
949	1136	0
950	1136	0
952	1136	1
953	1136	0
954	1136	0
955	1136	1
956	1136	1
957	1136	0
958	1136	0
959	1136	0
960	1136	0
961	1136	0
962	1136	0
963	1136	0
964	1136	0
965	1136	1
966	1136	0
967	1136	1
