0	1101	0
1	1101	0
2	1101	0
3	1101	0
4	1101	0
5	1101	0
6	1101	0
7	1101	0
8	1101	1
9	1101	0
10	1101	0
11	1101	0
12	1101	0
13	1101	0
14	1101	0
15	1101	0
16	1101	0
17	1101	1
18	1101	0
19	1101	0
20	1101	0
21	1101	0
22	1101	0
23	1101	0
24	1101	0
26	1101	0
27	1101	0
28	1101	0
29	1101	0
30	1101	0
31	1101	1
32	1101	0
33	1101	0
34	1101	0
35	1101	0
36	1101	1
37	1101	0
38	1101	0
39	1101	0
40	1101	0
42	1101	0
43	1101	0
44	1101	0
45	1101	0
46	1101	0
47	1101	0
48	1101	0
49	1101	0
50	1101	0
51	1101	0
52	1101	0
53	1101	0
54	1101	0
55	1101	0
56	1101	0
57	1101	0
58	1101	0
59	1101	1
60	1101	0
61	1101	0
62	1101	0
64	1101	0
65	1101	0
66	1101	0
67	1101	0
68	1101	0
69	1101	0
70	1101	1
71	1101	0
72	1101	0
73	1101	0
74	1101	0
75	1101	0
76	1101	0
77	1101	0
78	1101	0
79	1101	1
80	1101	0
81	1101	0
82	1101	0
83	1101	0
84	1101	0
85	1101	0
86	1101	0
87	1101	0
88	1101	0
89	1101	0
90	1101	0
91	1101	0
92	1101	0
93	1101	0
94	1101	0
95	1101	0
96	1101	0
97	1101	0
98	1101	0
99	1101	0
100	1101	0
101	1101	0
102	1101	0
103	1101	0
104	1101	0
105	1101	0
106	1101	0
109	1101	1
111	1101	0
112	1101	0
113	1101	0
114	1101	0
115	1101	0
116	1101	0
117	1101	1
118	1101	0
119	1101	0
120	1101	0
121	1101	0
122	1101	0
123	1101	0
124	1101	0
125	1101	0
126	1101	0
127	1101	1
129	1101	0
130	1101	0
131	1101	0
132	1101	0
133	1101	0
134	1101	0
136	1101	0
137	1101	0
138	1101	0
139	1101	0
140	1101	1
141	1101	0
142	1101	0
143	1101	0
144	1101	0
145	1101	0
146	1101	0
147	1101	0
148	1101	0
149	1101	0
150	1101	0
151	1101	0
152	1101	0
153	1101	0
154	1101	0
155	1101	0
156	1101	0
157	1101	0
158	1101	0
159	1101	0
160	1101	0
161	1101	0
162	1101	0
163	1101	0
165	1101	0
166	1101	0
167	1101	0
168	1101	0
169	1101	0
170	1101	0
171	1101	0
172	1101	1
173	1101	0
174	1101	0
175	1101	0
177	1101	0
178	1101	0
179	1101	0
180	1101	0
182	1101	0
183	1101	0
184	1101	0
185	1101	0
186	1101	0
187	1101	0
188	1101	0
189	1101	0
190	1101	0
191	1101	1
192	1101	0
193	1101	0
194	1101	1
195	1101	0
196	1101	1
197	1101	1
198	1101	0
199	1101	0
200	1101	0
201	1101	0
202	1101	0
203	1101	1
204	1101	1
206	1101	0
207	1101	0
208	1101	1
210	1101	0
211	1101	0
212	1101	1
213	1101	0
214	1101	1
215	1101	0
216	1101	0
217	1101	1
218	1101	0
219	1101	0
220	1101	0
222	1101	0
223	1101	0
224	1101	0
225	1101	1
226	1101	0
227	1101	1
228	1101	0
229	1101	0
230	1101	0
231	1101	0
232	1101	1
233	1101	0
234	1101	0
235	1101	0
236	1101	0
237	1101	0
238	1101	0
239	1101	0
240	1101	0
241	1101	0
242	1101	0
244	1101	0
245	1101	0
246	1101	0
247	1101	0
248	1101	0
249	1101	0
250	1101	0
251	1101	0
252	1101	0
253	1101	1
254	1101	0
255	1101	0
256	1101	0
258	1101	0
259	1101	0
260	1101	0
261	1101	0
262	1101	0
263	1101	0
264	1101	0
265	1101	0
266	1101	0
267	1101	0
268	1101	0
269	1101	0
270	1101	0
271	1101	0
272	1101	0
274	1101	0
275	1101	0
276	1101	0
277	1101	0
278	1101	0
279	1101	0
280	1101	0
281	1101	0
282	1101	0
283	1101	0
284	1101	0
285	1101	0
286	1101	0
287	1101	0
288	1101	1
289	1101	1
290	1101	1
291	1101	0
292	1101	0
293	1101	0
294	1101	0
295	1101	0
296	1101	0
297	1101	0
298	1101	0
299	1101	1
300	1101	0
301	1101	0
302	1101	0
303	1101	0
304	1101	0
305	1101	0
306	1101	0
307	1101	0
308	1101	0
309	1101	0
310	1101	0
311	1101	0
312	1101	0
313	1101	0
314	1101	0
315	1101	0
316	1101	0
317	1101	0
318	1101	0
319	1101	0
320	1101	0
321	1101	0
322	1101	0
323	1101	0
324	1101	0
325	1101	0
326	1101	0
327	1101	0
328	1101	1
329	1101	0
330	1101	0
331	1101	0
333	1101	0
335	1101	0
336	1101	0
337	1101	0
338	1101	0
339	1101	0
340	1101	0
341	1101	0
342	1101	0
343	1101	0
344	1101	0
346	1101	1
347	1101	0
348	1101	0
349	1101	0
350	1101	0
351	1101	0
352	1101	0
354	1101	0
355	1101	0
357	1101	0
358	1101	0
359	1101	0
360	1101	0
361	1101	0
363	1101	0
364	1101	0
365	1101	0
366	1101	0
367	1101	0
368	1101	0
370	1101	1
371	1101	0
372	1101	0
373	1101	0
374	1101	0
375	1101	1
377	1101	0
378	1101	0
379	1101	0
380	1101	0
381	1101	1
382	1101	0
383	1101	0
384	1101	0
385	1101	0
386	1101	1
387	1101	0
388	1101	0
389	1101	0
390	1101	0
391	1101	0
393	1101	0
394	1101	0
395	1101	0
396	1101	0
398	1101	0
399	1101	0
400	1101	0
401	1101	0
402	1101	0
403	1101	0
404	1101	1
405	1101	0
406	1101	0
407	1101	1
408	1101	0
409	1101	0
410	1101	0
411	1101	0
412	1101	0
413	1101	0
414	1101	0
415	1101	1
416	1101	1
417	1101	0
418	1101	0
419	1101	0
420	1101	0
421	1101	0
422	1101	0
423	1101	0
424	1101	0
425	1101	0
426	1101	0
427	1101	0
428	1101	0
429	1101	0
431	1101	0
432	1101	0
433	1101	0
434	1101	0
435	1101	0
436	1101	1
437	1101	0
438	1101	0
439	1101	0
440	1101	0
441	1101	0
442	1101	0
443	1101	0
444	1101	0
445	1101	0
446	1101	0
447	1101	0
448	1101	0
449	1101	0
450	1101	0
451	1101	0
452	1101	0
453	1101	0
454	1101	0
455	1101	0
456	1101	0
457	1101	0
458	1101	0
459	1101	0
460	1101	0
461	1101	0
462	1101	0
463	1101	0
464	1101	1
465	1101	0
466	1101	0
467	1101	0
468	1101	0
469	1101	0
470	1101	1
471	1101	0
472	1101	0
473	1101	1
474	1101	0
475	1101	0
476	1101	0
477	1101	0
478	1101	0
480	1101	0
481	1101	0
482	1101	0
483	1101	0
484	1101	0
485	1101	0
486	1101	0
487	1101	0
489	1101	0
490	1101	0
491	1101	0
492	1101	0
493	1101	0
495	1101	0
496	1101	1
497	1101	1
499	1101	0
500	1101	1
501	1101	0
502	1101	0
503	1101	1
505	1101	1
506	1101	0
508	1101	0
509	1101	0
510	1101	0
511	1101	0
512	1101	0
513	1101	0
514	1101	0
515	1101	1
516	1101	0
517	1101	0
518	1101	1
519	1101	1
520	1101	1
521	1101	0
522	1101	0
523	1101	0
524	1101	0
525	1101	0
526	1101	0
527	1101	0
528	1101	0
529	1101	0
531	1101	0
533	1101	1
534	1101	0
536	1101	0
537	1101	0
538	1101	0
540	1101	0
541	1101	0
542	1101	0
543	1101	0
544	1101	0
546	1101	0
547	1101	0
548	1101	0
549	1101	0
550	1101	0
551	1101	0
553	1101	0
554	1101	0
555	1101	0
556	1101	0
557	1101	0
558	1101	0
559	1101	0
560	1101	0
561	1101	0
562	1101	0
563	1101	0
564	1101	0
565	1101	0
566	1101	0
567	1101	0
568	1101	0
569	1101	0
570	1101	0
571	1101	0
572	1101	0
574	1101	0
575	1101	0
576	1101	0
577	1101	0
578	1101	0
579	1101	0
580	1101	0
582	1101	0
583	1101	0
584	1101	0
585	1101	0
586	1101	0
587	1101	0
588	1101	0
589	1101	0
590	1101	0
591	1101	0
592	1101	0
593	1101	0
594	1101	0
595	1101	0
596	1101	0
597	1101	0
598	1101	0
599	1101	0
600	1101	0
601	1101	0
602	1101	0
604	1101	0
605	1101	0
606	1101	0
607	1101	0
608	1101	0
609	1101	0
611	1101	0
612	1101	0
613	1101	0
614	1101	0
615	1101	0
616	1101	0
617	1101	0
618	1101	0
619	1101	0
620	1101	0
621	1101	0
622	1101	0
624	1101	0
625	1101	0
626	1101	0
627	1101	0
628	1101	0
630	1101	0
631	1101	0
632	1101	0
633	1101	0
635	1101	0
636	1101	0
637	1101	1
640	1101	0
641	1101	0
642	1101	0
643	1101	0
644	1101	1
645	1101	1
646	1101	0
647	1101	0
648	1101	0
649	1101	0
650	1101	1
651	1101	0
652	1101	1
653	1101	0
654	1101	0
655	1101	0
656	1101	1
657	1101	1
658	1101	0
659	1101	0
660	1101	0
661	1101	0
662	1101	0
663	1101	1
664	1101	1
666	1101	1
667	1101	1
668	1101	0
669	1101	0
670	1101	0
671	1101	0
672	1101	0
673	1101	0
674	1101	0
675	1101	0
676	1101	0
677	1101	0
678	1101	0
679	1101	0
680	1101	0
681	1101	0
682	1101	0
683	1101	0
684	1101	0
685	1101	0
686	1101	0
687	1101	0
688	1101	0
689	1101	1
690	1101	0
691	1101	0
692	1101	1
693	1101	0
694	1101	0
695	1101	1
696	1101	0
697	1101	0
698	1101	0
699	1101	0
700	1101	0
701	1101	1
702	1101	0
703	1101	0
704	1101	0
705	1101	0
706	1101	0
707	1101	0
708	1101	0
709	1101	0
710	1101	0
711	1101	0
712	1101	0
713	1101	0
714	1101	0
715	1101	1
716	1101	0
717	1101	0
718	1101	0
719	1101	0
720	1101	0
721	1101	0
722	1101	0
723	1101	0
724	1101	0
725	1101	0
726	1101	0
727	1101	0
728	1101	0
730	1101	0
731	1101	0
732	1101	1
733	1101	0
734	1101	0
735	1101	0
736	1101	0
737	1101	0
738	1101	0
739	1101	0
740	1101	0
741	1101	0
742	1101	0
743	1101	0
744	1101	0
745	1101	0
746	1101	0
747	1101	0
748	1101	1
749	1101	0
750	1101	1
751	1101	0
752	1101	0
753	1101	0
754	1101	0
755	1101	0
756	1101	0
757	1101	0
758	1101	0
759	1101	1
760	1101	0
761	1101	0
762	1101	0
763	1101	0
764	1101	0
765	1101	1
767	1101	0
768	1101	0
769	1101	0
770	1101	0
771	1101	0
772	1101	0
773	1101	0
774	1101	1
775	1101	0
776	1101	0
777	1101	0
778	1101	0
779	1101	0
780	1101	0
782	1101	0
783	1101	0
784	1101	0
785	1101	0
786	1101	0
787	1101	0
788	1101	0
789	1101	0
790	1101	0
791	1101	0
793	1101	0
794	1101	0
795	1101	0
796	1101	1
797	1101	0
798	1101	0
799	1101	0
800	1101	0
801	1101	0
802	1101	0
803	1101	0
804	1101	0
806	1101	0
807	1101	0
808	1101	0
809	1101	0
810	1101	0
811	1101	0
812	1101	0
813	1101	0
814	1101	0
816	1101	0
817	1101	0
818	1101	0
819	1101	0
820	1101	0
821	1101	0
822	1101	0
823	1101	0
824	1101	0
825	1101	0
826	1101	0
827	1101	0
828	1101	0
829	1101	1
830	1101	1
831	1101	0
832	1101	1
833	1101	1
834	1101	0
835	1101	0
836	1101	0
837	1101	1
839	1101	0
840	1101	0
841	1101	0
842	1101	0
843	1101	0
844	1101	0
845	1101	0
846	1101	0
847	1101	0
848	1101	0
849	1101	0
850	1101	0
851	1101	0
852	1101	0
853	1101	0
854	1101	0
855	1101	0
856	1101	0
857	1101	0
858	1101	0
859	1101	0
860	1101	0
861	1101	0
862	1101	1
863	1101	0
864	1101	0
865	1101	0
866	1101	0
867	1101	1
868	1101	0
869	1101	0
870	1101	0
872	1101	0
873	1101	0
874	1101	0
875	1101	0
876	1101	0
877	1101	0
878	1101	0
879	1101	0
880	1101	0
881	1101	0
882	1101	0
883	1101	0
884	1101	0
885	1101	0
886	1101	0
887	1101	0
888	1101	0
889	1101	0
890	1101	0
891	1101	0
892	1101	0
893	1101	0
894	1101	0
895	1101	1
896	1101	0
897	1101	0
898	1101	0
900	1101	0
901	1101	0
902	1101	0
903	1101	0
904	1101	0
905	1101	0
906	1101	0
907	1101	0
908	1101	0
909	1101	0
910	1101	0
911	1101	0
912	1101	0
913	1101	1
914	1101	0
916	1101	0
917	1101	0
918	1101	0
919	1101	0
920	1101	0
921	1101	1
922	1101	0
923	1101	0
924	1101	0
925	1101	0
926	1101	0
927	1101	0
928	1101	1
930	1101	0
931	1101	0
933	1101	1
934	1101	0
935	1101	0
936	1101	0
937	1101	1
938	1101	0
939	1101	0
940	1101	0
941	1101	0
942	1101	0
943	1101	0
944	1101	0
945	1101	0
946	1101	0
947	1101	0
948	1101	0
949	1101	0
950	1101	0
952	1101	0
953	1101	0
954	1101	0
955	1101	0
956	1101	1
958	1101	1
959	1101	0
961	1101	0
962	1101	0
963	1101	1
964	1101	0
965	1101	0
967	1101	1
