0	1011	0
1	1011	0
2	1011	0
3	1011	0
4	1011	0
5	1011	0
6	1011	0
7	1011	0
8	1011	0
9	1011	1
10	1011	0
11	1011	0
12	1011	0
13	1011	0
14	1011	0
15	1011	0
16	1011	0
17	1011	0
18	1011	0
19	1011	1
20	1011	0
21	1011	0
22	1011	0
23	1011	1
24	1011	0
26	1011	0
27	1011	0
28	1011	0
29	1011	1
30	1011	0
31	1011	0
32	1011	0
33	1011	0
34	1011	0
35	1011	0
36	1011	0
37	1011	0
38	1011	0
39	1011	0
40	1011	0
42	1011	1
43	1011	0
44	1011	1
45	1011	0
46	1011	0
47	1011	0
48	1011	0
49	1011	0
50	1011	0
51	1011	1
52	1011	0
53	1011	0
54	1011	0
55	1011	0
56	1011	0
57	1011	0
58	1011	0
59	1011	0
60	1011	0
61	1011	0
62	1011	0
64	1011	0
65	1011	0
66	1011	0
67	1011	0
68	1011	0
69	1011	0
70	1011	0
71	1011	0
72	1011	0
73	1011	0
74	1011	0
75	1011	0
76	1011	0
77	1011	0
78	1011	0
79	1011	0
80	1011	0
81	1011	0
82	1011	0
83	1011	0
84	1011	0
85	1011	0
86	1011	0
87	1011	0
88	1011	0
89	1011	0
90	1011	0
91	1011	0
92	1011	0
93	1011	0
95	1011	0
96	1011	0
97	1011	0
98	1011	0
99	1011	0
100	1011	0
101	1011	0
102	1011	0
103	1011	0
104	1011	0
105	1011	0
106	1011	0
109	1011	0
111	1011	0
112	1011	0
113	1011	0
114	1011	0
115	1011	0
116	1011	0
117	1011	0
118	1011	0
119	1011	0
120	1011	0
121	1011	0
122	1011	0
123	1011	0
124	1011	0
125	1011	0
130	1011	0
131	1011	0
132	1011	0
133	1011	0
134	1011	0
136	1011	0
137	1011	0
138	1011	0
139	1011	0
141	1011	0
142	1011	0
144	1011	0
146	1011	0
147	1011	0
149	1011	0
150	1011	1
151	1011	0
152	1011	0
153	1011	0
154	1011	0
155	1011	0
156	1011	0
157	1011	0
158	1011	0
159	1011	0
160	1011	0
161	1011	0
162	1011	0
163	1011	0
164	1011	0
165	1011	0
166	1011	0
168	1011	0
169	1011	0
170	1011	0
171	1011	0
172	1011	0
173	1011	0
174	1011	0
175	1011	0
177	1011	0
178	1011	0
179	1011	0
180	1011	0
181	1011	0
182	1011	0
183	1011	0
184	1011	0
187	1011	0
188	1011	0
189	1011	0
190	1011	0
191	1011	1
192	1011	0
193	1011	1
194	1011	0
195	1011	0
196	1011	0
197	1011	0
200	1011	0
201	1011	0
202	1011	0
203	1011	0
204	1011	0
206	1011	1
207	1011	1
208	1011	0
210	1011	0
211	1011	0
212	1011	1
213	1011	0
214	1011	0
216	1011	0
217	1011	0
218	1011	0
219	1011	0
220	1011	0
222	1011	0
223	1011	0
224	1011	0
225	1011	0
226	1011	0
227	1011	0
228	1011	0
229	1011	0
230	1011	0
231	1011	0
232	1011	0
233	1011	0
234	1011	0
235	1011	0
236	1011	0
237	1011	0
238	1011	0
239	1011	0
240	1011	0
241	1011	0
242	1011	0
244	1011	0
245	1011	0
246	1011	0
247	1011	0
248	1011	0
249	1011	0
250	1011	0
251	1011	0
252	1011	0
253	1011	0
254	1011	0
255	1011	0
256	1011	0
258	1011	0
259	1011	0
260	1011	0
261	1011	0
262	1011	0
263	1011	0
264	1011	0
265	1011	0
266	1011	0
267	1011	0
268	1011	0
269	1011	0
270	1011	0
271	1011	0
272	1011	0
273	1011	0
274	1011	0
275	1011	0
276	1011	0
277	1011	0
279	1011	0
280	1011	0
281	1011	0
282	1011	0
283	1011	0
284	1011	0
285	1011	0
286	1011	0
288	1011	0
289	1011	0
290	1011	0
291	1011	0
292	1011	0
293	1011	0
294	1011	0
295	1011	0
296	1011	0
297	1011	0
298	1011	1
299	1011	0
300	1011	0
301	1011	1
302	1011	0
303	1011	1
304	1011	0
306	1011	0
307	1011	0
308	1011	0
309	1011	0
310	1011	0
311	1011	0
312	1011	0
313	1011	0
314	1011	0
315	1011	0
316	1011	0
317	1011	0
318	1011	0
319	1011	0
320	1011	0
321	1011	0
322	1011	0
323	1011	0
324	1011	0
325	1011	0
326	1011	0
327	1011	0
328	1011	1
329	1011	0
330	1011	0
331	1011	0
333	1011	1
334	1011	0
335	1011	0
336	1011	0
337	1011	0
338	1011	1
339	1011	0
340	1011	0
341	1011	0
342	1011	0
343	1011	0
344	1011	0
346	1011	0
347	1011	0
348	1011	0
349	1011	0
350	1011	0
354	1011	0
355	1011	0
356	1011	0
357	1011	0
358	1011	0
359	1011	0
360	1011	1
361	1011	1
363	1011	0
364	1011	0
365	1011	0
366	1011	0
367	1011	0
368	1011	0
370	1011	1
371	1011	0
372	1011	0
373	1011	0
374	1011	0
377	1011	0
378	1011	0
380	1011	0
381	1011	1
382	1011	0
383	1011	0
384	1011	0
385	1011	0
386	1011	0
387	1011	0
390	1011	0
391	1011	0
393	1011	0
394	1011	0
395	1011	0
396	1011	0
397	1011	0
398	1011	0
399	1011	0
400	1011	0
401	1011	0
402	1011	0
403	1011	0
404	1011	0
405	1011	0
406	1011	0
408	1011	1
409	1011	0
410	1011	0
411	1011	0
412	1011	0
413	1011	0
414	1011	0
415	1011	0
416	1011	0
417	1011	1
418	1011	0
419	1011	0
420	1011	0
421	1011	0
422	1011	0
423	1011	0
424	1011	0
425	1011	0
426	1011	0
427	1011	1
428	1011	0
429	1011	0
430	1011	0
431	1011	0
432	1011	0
433	1011	0
434	1011	0
435	1011	1
436	1011	0
437	1011	0
438	1011	0
439	1011	0
440	1011	0
441	1011	0
442	1011	0
443	1011	0
444	1011	0
445	1011	0
446	1011	0
447	1011	0
448	1011	0
449	1011	0
450	1011	0
451	1011	0
452	1011	0
453	1011	0
454	1011	0
455	1011	0
456	1011	0
457	1011	0
458	1011	0
459	1011	0
460	1011	0
461	1011	0
462	1011	0
463	1011	0
464	1011	0
466	1011	0
467	1011	0
468	1011	0
469	1011	0
470	1011	0
471	1011	0
472	1011	0
473	1011	0
474	1011	0
475	1011	0
476	1011	0
477	1011	0
478	1011	0
480	1011	1
481	1011	0
482	1011	0
483	1011	0
484	1011	0
485	1011	0
486	1011	0
487	1011	0
489	1011	0
490	1011	0
491	1011	0
492	1011	0
493	1011	0
495	1011	0
496	1011	0
497	1011	0
499	1011	0
500	1011	0
501	1011	0
502	1011	0
503	1011	0
505	1011	0
508	1011	0
509	1011	0
510	1011	0
511	1011	0
512	1011	0
513	1011	0
514	1011	1
515	1011	0
516	1011	0
517	1011	0
518	1011	0
519	1011	0
520	1011	0
521	1011	0
522	1011	0
523	1011	0
524	1011	0
525	1011	0
527	1011	0
528	1011	0
529	1011	0
533	1011	0
534	1011	0
536	1011	0
537	1011	0
538	1011	0
540	1011	1
541	1011	0
542	1011	0
543	1011	0
544	1011	0
546	1011	0
547	1011	0
548	1011	0
549	1011	0
550	1011	0
551	1011	0
553	1011	0
554	1011	0
555	1011	0
556	1011	0
557	1011	0
558	1011	0
559	1011	0
560	1011	0
561	1011	0
562	1011	0
563	1011	0
564	1011	0
565	1011	0
566	1011	0
567	1011	0
568	1011	0
569	1011	0
570	1011	0
571	1011	0
572	1011	0
573	1011	0
574	1011	0
575	1011	0
576	1011	0
577	1011	0
578	1011	0
579	1011	0
580	1011	0
582	1011	0
583	1011	0
584	1011	0
585	1011	0
586	1011	0
587	1011	1
588	1011	0
589	1011	0
590	1011	0
591	1011	0
592	1011	0
593	1011	0
594	1011	1
595	1011	0
596	1011	0
597	1011	0
598	1011	0
599	1011	0
600	1011	0
601	1011	0
602	1011	0
604	1011	0
605	1011	0
606	1011	0
607	1011	0
608	1011	0
609	1011	0
611	1011	0
612	1011	0
613	1011	0
614	1011	0
615	1011	0
616	1011	0
617	1011	0
618	1011	0
620	1011	0
621	1011	0
622	1011	0
624	1011	0
625	1011	0
626	1011	0
627	1011	0
628	1011	0
630	1011	0
631	1011	0
632	1011	0
633	1011	0
635	1011	0
636	1011	0
637	1011	0
640	1011	0
641	1011	0
642	1011	0
643	1011	0
644	1011	0
645	1011	1
646	1011	0
647	1011	0
648	1011	0
649	1011	0
650	1011	0
651	1011	0
652	1011	1
653	1011	0
654	1011	0
655	1011	0
658	1011	0
659	1011	0
661	1011	0
662	1011	0
663	1011	0
664	1011	0
666	1011	0
667	1011	0
668	1011	0
669	1011	0
670	1011	0
671	1011	0
672	1011	0
673	1011	0
674	1011	0
675	1011	0
676	1011	0
680	1011	0
682	1011	0
683	1011	0
684	1011	0
685	1011	0
686	1011	0
688	1011	0
689	1011	0
690	1011	0
691	1011	0
692	1011	0
693	1011	0
694	1011	0
695	1011	0
696	1011	0
697	1011	0
698	1011	0
699	1011	0
700	1011	0
701	1011	0
702	1011	0
703	1011	0
704	1011	0
705	1011	0
706	1011	0
707	1011	0
708	1011	0
709	1011	1
710	1011	0
711	1011	0
713	1011	0
714	1011	0
715	1011	0
716	1011	0
717	1011	0
718	1011	1
720	1011	0
721	1011	0
722	1011	0
728	1011	0
730	1011	0
731	1011	0
732	1011	0
733	1011	0
734	1011	0
735	1011	0
736	1011	0
737	1011	0
738	1011	0
739	1011	0
740	1011	0
741	1011	1
742	1011	0
744	1011	0
745	1011	0
746	1011	0
747	1011	0
748	1011	0
749	1011	0
750	1011	0
751	1011	0
752	1011	0
753	1011	0
754	1011	0
755	1011	0
756	1011	0
757	1011	0
758	1011	0
759	1011	0
760	1011	1
761	1011	0
762	1011	0
763	1011	0
764	1011	0
765	1011	0
766	1011	0
767	1011	0
768	1011	0
769	1011	0
770	1011	0
771	1011	0
772	1011	0
773	1011	0
774	1011	1
775	1011	0
776	1011	0
777	1011	0
778	1011	0
779	1011	0
780	1011	0
783	1011	0
784	1011	1
785	1011	1
786	1011	0
787	1011	0
788	1011	0
789	1011	0
790	1011	0
791	1011	0
794	1011	0
796	1011	0
797	1011	0
798	1011	0
799	1011	0
800	1011	0
801	1011	0
802	1011	1
803	1011	1
804	1011	0
806	1011	0
807	1011	0
808	1011	0
809	1011	0
810	1011	0
811	1011	1
814	1011	0
816	1011	0
817	1011	0
819	1011	0
820	1011	0
821	1011	0
824	1011	0
825	1011	0
827	1011	0
828	1011	0
830	1011	0
831	1011	0
832	1011	1
833	1011	0
834	1011	0
835	1011	0
836	1011	0
837	1011	0
839	1011	0
840	1011	0
841	1011	0
843	1011	0
845	1011	0
846	1011	0
847	1011	0
848	1011	0
849	1011	1
850	1011	1
851	1011	0
852	1011	0
853	1011	0
854	1011	0
855	1011	0
856	1011	0
857	1011	0
858	1011	0
859	1011	0
860	1011	0
861	1011	0
862	1011	0
863	1011	0
864	1011	1
865	1011	0
866	1011	0
867	1011	0
868	1011	0
869	1011	0
870	1011	0
872	1011	0
873	1011	0
874	1011	0
875	1011	0
876	1011	0
877	1011	1
879	1011	0
880	1011	0
881	1011	0
882	1011	0
883	1011	0
884	1011	0
885	1011	0
886	1011	0
887	1011	0
888	1011	0
889	1011	0
890	1011	0
891	1011	1
892	1011	0
893	1011	0
894	1011	0
895	1011	0
896	1011	0
897	1011	0
898	1011	0
900	1011	0
901	1011	0
902	1011	0
903	1011	0
904	1011	0
905	1011	0
906	1011	0
907	1011	0
908	1011	0
909	1011	0
911	1011	0
912	1011	0
913	1011	0
914	1011	0
916	1011	0
917	1011	1
918	1011	0
919	1011	1
920	1011	0
921	1011	0
922	1011	0
923	1011	0
924	1011	0
925	1011	0
927	1011	0
928	1011	0
930	1011	1
931	1011	0
933	1011	0
934	1011	0
936	1011	0
937	1011	0
939	1011	0
940	1011	0
941	1011	0
942	1011	0
943	1011	0
944	1011	0
945	1011	0
946	1011	0
947	1011	0
948	1011	0
949	1011	0
950	1011	1
952	1011	0
953	1011	0
954	1011	0
955	1011	0
956	1011	0
958	1011	1
961	1011	0
962	1011	0
963	1011	0
964	1011	0
965	1011	0
966	1011	0
967	1011	0
