1	1206	0
2	1206	0
3	1206	0
4	1206	0
5	1206	0
6	1206	1
7	1206	0
8	1206	0
9	1206	0
10	1206	0
11	1206	0
12	1206	0
13	1206	1
14	1206	0
16	1206	0
17	1206	0
18	1206	1
19	1206	0
20	1206	0
21	1206	0
22	1206	0
23	1206	0
24	1206	0
25	1206	0
26	1206	0
27	1206	0
28	1206	0
29	1206	0
31	1206	0
32	1206	0
33	1206	0
34	1206	0
35	1206	0
36	1206	1
37	1206	0
38	1206	0
39	1206	0
41	1206	1
43	1206	0
44	1206	0
45	1206	1
46	1206	0
47	1206	0
48	1206	1
49	1206	0
50	1206	0
51	1206	0
52	1206	1
53	1206	0
54	1206	0
55	1206	0
56	1206	0
58	1206	0
59	1206	1
60	1206	0
61	1206	0
62	1206	0
63	1206	0
64	1206	1
65	1206	1
66	1206	1
67	1206	0
68	1206	0
69	1206	0
70	1206	1
71	1206	1
72	1206	0
73	1206	0
74	1206	0
75	1206	0
77	1206	1
78	1206	0
79	1206	0
80	1206	0
81	1206	0
82	1206	0
83	1206	1
84	1206	0
85	1206	0
86	1206	0
87	1206	0
88	1206	0
89	1206	0
91	1206	1
92	1206	0
93	1206	0
94	1206	0
95	1206	1
96	1206	1
97	1206	0
98	1206	0
99	1206	0
100	1206	0
101	1206	0
102	1206	0
103	1206	0
104	1206	0
105	1206	0
106	1206	0
107	1206	0
108	1206	0
109	1206	1
110	1206	1
111	1206	1
112	1206	0
113	1206	0
114	1206	0
115	1206	0
116	1206	0
117	1206	1
118	1206	0
119	1206	0
120	1206	0
121	1206	0
122	1206	0
123	1206	0
124	1206	0
125	1206	1
128	1206	0
129	1206	0
130	1206	0
131	1206	0
132	1206	0
133	1206	0
134	1206	1
135	1206	0
136	1206	0
137	1206	0
138	1206	0
139	1206	0
140	1206	0
141	1206	0
142	1206	0
143	1206	0
144	1206	0
145	1206	0
146	1206	1
147	1206	0
148	1206	0
149	1206	0
150	1206	0
151	1206	1
152	1206	1
153	1206	0
154	1206	1
155	1206	0
156	1206	0
158	1206	1
159	1206	0
160	1206	0
161	1206	0
162	1206	0
163	1206	0
165	1206	0
166	1206	0
167	1206	0
168	1206	0
169	1206	0
170	1206	1
171	1206	1
172	1206	0
173	1206	0
174	1206	0
175	1206	1
177	1206	0
178	1206	0
179	1206	0
180	1206	0
181	1206	0
182	1206	0
183	1206	0
184	1206	1
185	1206	0
186	1206	0
187	1206	0
188	1206	0
189	1206	0
190	1206	0
191	1206	0
192	1206	0
193	1206	0
194	1206	0
195	1206	0
196	1206	0
197	1206	0
198	1206	0
199	1206	0
200	1206	0
201	1206	0
202	1206	0
203	1206	0
204	1206	0
206	1206	1
207	1206	0
208	1206	0
209	1206	0
210	1206	0
211	1206	1
212	1206	0
214	1206	1
215	1206	0
216	1206	0
217	1206	1
218	1206	0
219	1206	0
220	1206	0
221	1206	1
222	1206	0
223	1206	0
224	1206	0
226	1206	0
227	1206	0
228	1206	0
229	1206	0
230	1206	0
231	1206	0
232	1206	1
233	1206	0
235	1206	0
236	1206	0
237	1206	0
238	1206	0
239	1206	0
240	1206	0
241	1206	0
242	1206	0
243	1206	0
244	1206	0
245	1206	0
246	1206	0
247	1206	1
248	1206	0
249	1206	0
250	1206	0
251	1206	0
252	1206	1
253	1206	1
254	1206	0
255	1206	0
256	1206	0
257	1206	0
258	1206	0
259	1206	0
260	1206	0
261	1206	0
262	1206	0
263	1206	0
264	1206	0
265	1206	0
266	1206	0
267	1206	1
268	1206	0
270	1206	0
271	1206	0
272	1206	0
273	1206	0
274	1206	0
275	1206	1
276	1206	0
277	1206	0
278	1206	0
279	1206	0
280	1206	0
281	1206	0
282	1206	0
283	1206	0
284	1206	0
285	1206	0
286	1206	1
287	1206	1
288	1206	0
289	1206	1
290	1206	0
291	1206	0
292	1206	1
293	1206	0
294	1206	1
295	1206	1
296	1206	0
297	1206	0
298	1206	0
299	1206	0
300	1206	0
301	1206	0
302	1206	0
303	1206	1
304	1206	0
305	1206	0
306	1206	0
307	1206	0
308	1206	0
309	1206	1
310	1206	1
311	1206	0
312	1206	0
313	1206	0
314	1206	0
315	1206	0
316	1206	0
317	1206	0
318	1206	1
319	1206	0
320	1206	0
321	1206	0
322	1206	0
323	1206	0
324	1206	0
325	1206	0
326	1206	0
328	1206	0
329	1206	0
331	1206	0
332	1206	0
333	1206	0
334	1206	1
335	1206	0
336	1206	1
337	1206	1
338	1206	0
339	1206	0
340	1206	1
341	1206	0
342	1206	1
343	1206	0
344	1206	0
345	1206	1
346	1206	0
347	1206	1
348	1206	0
349	1206	0
350	1206	0
351	1206	0
352	1206	0
354	1206	0
355	1206	0
356	1206	0
357	1206	0
358	1206	1
359	1206	0
360	1206	0
362	1206	0
363	1206	1
364	1206	1
365	1206	0
366	1206	0
367	1206	0
368	1206	0
369	1206	1
370	1206	0
371	1206	1
372	1206	0
373	1206	0
374	1206	1
375	1206	0
376	1206	0
377	1206	0
378	1206	1
379	1206	0
380	1206	1
381	1206	0
382	1206	0
383	1206	0
384	1206	1
385	1206	0
386	1206	1
387	1206	0
388	1206	0
389	1206	1
391	1206	0
392	1206	0
393	1206	0
394	1206	0
395	1206	0
396	1206	0
397	1206	1
398	1206	1
399	1206	0
400	1206	0
401	1206	0
402	1206	0
403	1206	0
404	1206	1
405	1206	0
406	1206	0
407	1206	0
408	1206	1
410	1206	0
411	1206	0
412	1206	0
413	1206	1
415	1206	0
416	1206	0
417	1206	0
418	1206	0
419	1206	0
420	1206	1
421	1206	0
422	1206	0
423	1206	0
424	1206	0
425	1206	0
426	1206	0
427	1206	0
428	1206	0
429	1206	0
430	1206	0
431	1206	0
432	1206	0
433	1206	0
434	1206	0
435	1206	0
436	1206	0
437	1206	0
438	1206	0
439	1206	0
440	1206	0
441	1206	0
442	1206	0
443	1206	0
444	1206	1
445	1206	0
446	1206	1
447	1206	0
448	1206	1
449	1206	0
450	1206	0
451	1206	0
452	1206	0
453	1206	0
454	1206	0
455	1206	1
456	1206	0
457	1206	1
458	1206	0
459	1206	0
460	1206	0
461	1206	1
462	1206	0
463	1206	0
464	1206	0
465	1206	1
466	1206	0
467	1206	0
468	1206	0
469	1206	0
470	1206	0
471	1206	0
472	1206	1
473	1206	0
474	1206	0
475	1206	0
476	1206	0
477	1206	1
478	1206	1
479	1206	0
480	1206	0
481	1206	0
482	1206	0
483	1206	0
484	1206	0
485	1206	0
486	1206	0
487	1206	0
488	1206	0
489	1206	1
491	1206	0
493	1206	0
494	1206	0
495	1206	0
496	1206	0
497	1206	0
499	1206	0
500	1206	0
501	1206	0
502	1206	0
503	1206	1
504	1206	0
505	1206	1
506	1206	1
507	1206	1
508	1206	1
509	1206	1
510	1206	0
511	1206	0
512	1206	0
513	1206	1
514	1206	1
515	1206	0
516	1206	0
517	1206	0
518	1206	0
519	1206	0
520	1206	0
521	1206	0
522	1206	0
523	1206	0
524	1206	0
525	1206	0
527	1206	0
528	1206	0
529	1206	1
530	1206	0
531	1206	0
533	1206	0
534	1206	0
535	1206	0
536	1206	0
537	1206	0
538	1206	0
539	1206	1
540	1206	0
541	1206	0
542	1206	1
543	1206	0
544	1206	0
545	1206	0
546	1206	0
547	1206	0
548	1206	0
549	1206	0
550	1206	0
551	1206	0
552	1206	0
553	1206	0
554	1206	0
555	1206	0
556	1206	0
557	1206	0
558	1206	0
560	1206	0
561	1206	0
562	1206	0
563	1206	0
564	1206	0
565	1206	0
566	1206	0
567	1206	0
568	1206	0
569	1206	0
570	1206	0
571	1206	0
572	1206	0
574	1206	0
575	1206	0
576	1206	0
577	1206	0
578	1206	0
579	1206	1
581	1206	0
582	1206	1
583	1206	0
584	1206	1
585	1206	1
586	1206	0
587	1206	0
588	1206	0
589	1206	0
590	1206	0
591	1206	0
593	1206	0
594	1206	0
595	1206	0
596	1206	0
597	1206	0
598	1206	0
599	1206	0
600	1206	0
601	1206	1
602	1206	0
604	1206	0
605	1206	0
607	1206	0
608	1206	0
609	1206	0
611	1206	0
612	1206	0
614	1206	0
615	1206	0
616	1206	0
617	1206	0
618	1206	0
619	1206	0
622	1206	0
624	1206	0
625	1206	1
626	1206	1
627	1206	0
628	1206	0
630	1206	0
632	1206	0
633	1206	0
634	1206	1
635	1206	1
636	1206	0
637	1206	1
638	1206	1
639	1206	0
640	1206	0
642	1206	0
643	1206	0
644	1206	0
645	1206	1
646	1206	0
647	1206	0
648	1206	0
649	1206	0
650	1206	0
651	1206	0
652	1206	0
653	1206	1
654	1206	0
655	1206	0
656	1206	0
657	1206	0
658	1206	0
659	1206	0
660	1206	0
661	1206	1
662	1206	0
663	1206	0
664	1206	1
666	1206	1
667	1206	0
669	1206	0
670	1206	0
671	1206	0
672	1206	0
673	1206	0
674	1206	0
675	1206	1
676	1206	0
677	1206	0
678	1206	0
679	1206	0
680	1206	0
681	1206	0
682	1206	0
683	1206	0
684	1206	0
685	1206	0
686	1206	0
687	1206	0
688	1206	0
690	1206	0
691	1206	0
692	1206	1
693	1206	1
694	1206	1
696	1206	0
697	1206	0
698	1206	0
699	1206	1
700	1206	0
701	1206	0
702	1206	0
703	1206	0
704	1206	0
705	1206	0
706	1206	0
707	1206	0
708	1206	0
709	1206	0
710	1206	0
711	1206	0
712	1206	0
713	1206	0
715	1206	0
716	1206	0
717	1206	0
718	1206	0
719	1206	0
720	1206	1
721	1206	1
722	1206	1
723	1206	0
724	1206	0
725	1206	0
726	1206	0
727	1206	0
729	1206	1
730	1206	0
731	1206	0
732	1206	1
733	1206	0
734	1206	0
735	1206	0
736	1206	0
737	1206	1
738	1206	0
739	1206	0
740	1206	0
741	1206	0
742	1206	0
743	1206	0
744	1206	0
745	1206	0
747	1206	1
748	1206	1
749	1206	1
750	1206	0
751	1206	0
752	1206	0
753	1206	0
754	1206	0
755	1206	0
756	1206	0
758	1206	1
759	1206	0
760	1206	0
761	1206	0
762	1206	0
764	1206	0
765	1206	1
766	1206	0
767	1206	0
768	1206	0
769	1206	0
770	1206	0
771	1206	0
772	1206	0
773	1206	0
775	1206	1
776	1206	1
777	1206	0
778	1206	0
779	1206	0
780	1206	0
781	1206	0
782	1206	0
783	1206	1
784	1206	0
785	1206	0
786	1206	0
787	1206	0
788	1206	0
789	1206	0
790	1206	0
791	1206	0
792	1206	0
793	1206	0
794	1206	0
795	1206	0
796	1206	0
797	1206	0
798	1206	0
799	1206	0
800	1206	0
801	1206	0
802	1206	0
803	1206	0
804	1206	1
805	1206	0
806	1206	0
807	1206	0
808	1206	0
809	1206	0
810	1206	0
811	1206	0
812	1206	0
814	1206	1
816	1206	0
817	1206	1
818	1206	0
819	1206	1
820	1206	1
822	1206	0
823	1206	0
824	1206	1
825	1206	0
826	1206	0
827	1206	1
829	1206	1
830	1206	1
831	1206	1
832	1206	1
833	1206	1
834	1206	0
835	1206	0
836	1206	0
838	1206	0
839	1206	0
840	1206	1
841	1206	0
842	1206	0
843	1206	0
844	1206	1
845	1206	1
846	1206	0
847	1206	0
848	1206	0
849	1206	0
850	1206	0
851	1206	1
852	1206	0
853	1206	0
854	1206	0
855	1206	0
856	1206	1
857	1206	1
858	1206	0
859	1206	0
860	1206	0
861	1206	0
863	1206	1
864	1206	0
865	1206	0
866	1206	0
867	1206	0
868	1206	0
869	1206	0
870	1206	0
871	1206	1
872	1206	0
873	1206	0
874	1206	0
875	1206	0
876	1206	0
877	1206	0
878	1206	0
880	1206	0
881	1206	0
882	1206	0
883	1206	0
884	1206	1
885	1206	0
886	1206	0
887	1206	0
888	1206	0
889	1206	0
890	1206	0
891	1206	1
892	1206	0
893	1206	0
894	1206	0
895	1206	1
896	1206	0
897	1206	1
898	1206	0
899	1206	0
900	1206	0
901	1206	1
902	1206	1
903	1206	1
904	1206	0
905	1206	0
907	1206	0
908	1206	0
909	1206	0
910	1206	0
911	1206	1
912	1206	0
913	1206	0
914	1206	0
915	1206	0
916	1206	0
917	1206	0
918	1206	0
919	1206	0
920	1206	0
921	1206	0
922	1206	0
923	1206	1
924	1206	0
925	1206	0
926	1206	0
927	1206	0
928	1206	0
929	1206	0
930	1206	0
931	1206	0
933	1206	0
934	1206	1
935	1206	0
936	1206	0
937	1206	1
939	1206	0
940	1206	0
941	1206	0
942	1206	0
943	1206	0
944	1206	0
945	1206	0
946	1206	0
947	1206	0
948	1206	1
949	1206	1
950	1206	0
953	1206	0
955	1206	0
957	1206	0
958	1206	1
959	1206	0
960	1206	1
961	1206	0
962	1206	0
963	1206	1
964	1206	0
965	1206	0
966	1206	0
967	1206	1
