0	1080	0
1	1080	0
2	1080	0
3	1080	0
4	1080	0
5	1080	0
6	1080	0
7	1080	0
8	1080	1
9	1080	1
10	1080	0
11	1080	0
12	1080	0
13	1080	0
14	1080	0
15	1080	0
16	1080	0
17	1080	1
18	1080	1
19	1080	0
20	1080	0
21	1080	0
22	1080	0
23	1080	0
24	1080	0
26	1080	0
27	1080	0
28	1080	0
29	1080	0
30	1080	0
31	1080	1
32	1080	1
33	1080	0
34	1080	0
35	1080	0
36	1080	0
37	1080	0
38	1080	0
39	1080	0
40	1080	0
42	1080	0
43	1080	0
44	1080	0
45	1080	1
46	1080	0
47	1080	0
48	1080	0
49	1080	0
50	1080	0
51	1080	0
52	1080	0
53	1080	0
54	1080	0
55	1080	0
56	1080	0
57	1080	0
58	1080	0
59	1080	1
60	1080	0
61	1080	0
62	1080	0
64	1080	1
65	1080	0
66	1080	0
67	1080	0
68	1080	0
69	1080	0
70	1080	1
71	1080	1
72	1080	0
73	1080	0
74	1080	0
75	1080	0
76	1080	0
77	1080	0
78	1080	0
79	1080	0
80	1080	0
81	1080	0
82	1080	0
83	1080	0
84	1080	0
85	1080	0
86	1080	0
87	1080	0
88	1080	0
89	1080	0
90	1080	0
91	1080	0
92	1080	0
93	1080	0
94	1080	0
95	1080	0
96	1080	1
97	1080	0
98	1080	0
99	1080	0
100	1080	0
101	1080	0
102	1080	0
103	1080	0
104	1080	0
105	1080	0
106	1080	0
109	1080	1
111	1080	0
112	1080	0
113	1080	0
114	1080	0
115	1080	0
116	1080	0
117	1080	0
118	1080	0
119	1080	0
120	1080	0
121	1080	0
122	1080	0
123	1080	1
124	1080	0
125	1080	1
126	1080	0
127	1080	0
129	1080	0
130	1080	0
131	1080	0
132	1080	0
133	1080	0
134	1080	0
136	1080	1
137	1080	0
138	1080	1
139	1080	0
140	1080	1
141	1080	0
142	1080	0
143	1080	0
144	1080	0
145	1080	0
146	1080	0
147	1080	0
148	1080	0
149	1080	0
150	1080	0
151	1080	1
152	1080	0
153	1080	0
154	1080	1
155	1080	0
156	1080	0
157	1080	0
158	1080	0
159	1080	0
160	1080	1
161	1080	0
162	1080	0
163	1080	0
165	1080	0
166	1080	0
167	1080	0
168	1080	0
169	1080	0
170	1080	0
171	1080	1
172	1080	1
173	1080	0
174	1080	0
175	1080	0
177	1080	0
178	1080	0
179	1080	0
180	1080	0
182	1080	0
183	1080	0
184	1080	0
185	1080	0
186	1080	0
187	1080	0
188	1080	1
189	1080	0
190	1080	0
191	1080	1
192	1080	0
193	1080	0
194	1080	1
195	1080	0
196	1080	1
197	1080	1
198	1080	0
199	1080	0
200	1080	0
201	1080	0
202	1080	0
203	1080	1
204	1080	1
206	1080	0
207	1080	0
208	1080	1
210	1080	0
211	1080	0
212	1080	1
213	1080	0
214	1080	1
215	1080	0
216	1080	0
217	1080	0
218	1080	0
219	1080	0
220	1080	0
222	1080	0
223	1080	0
224	1080	0
225	1080	1
226	1080	0
227	1080	1
228	1080	0
229	1080	0
230	1080	0
231	1080	0
232	1080	1
233	1080	0
234	1080	0
235	1080	0
236	1080	0
237	1080	0
238	1080	0
239	1080	0
240	1080	0
241	1080	0
242	1080	0
244	1080	0
245	1080	0
246	1080	0
247	1080	0
248	1080	0
249	1080	0
250	1080	0
251	1080	0
252	1080	0
253	1080	1
254	1080	0
255	1080	1
256	1080	0
258	1080	0
259	1080	0
260	1080	0
261	1080	0
262	1080	0
263	1080	0
264	1080	0
265	1080	0
266	1080	0
267	1080	0
268	1080	0
269	1080	0
270	1080	0
271	1080	0
272	1080	0
274	1080	0
275	1080	0
276	1080	0
277	1080	0
278	1080	0
279	1080	0
280	1080	0
281	1080	0
282	1080	0
283	1080	0
284	1080	0
285	1080	0
286	1080	0
287	1080	0
288	1080	0
289	1080	1
290	1080	0
291	1080	0
292	1080	0
293	1080	0
294	1080	0
295	1080	0
296	1080	0
297	1080	0
298	1080	0
299	1080	0
300	1080	0
301	1080	0
302	1080	0
303	1080	0
304	1080	0
305	1080	0
306	1080	0
307	1080	0
308	1080	0
309	1080	0
310	1080	0
311	1080	0
312	1080	0
313	1080	0
314	1080	0
315	1080	0
316	1080	0
317	1080	0
318	1080	0
319	1080	0
320	1080	0
321	1080	0
322	1080	0
323	1080	0
324	1080	0
325	1080	0
326	1080	0
327	1080	0
328	1080	0
329	1080	0
330	1080	0
331	1080	0
333	1080	0
335	1080	0
336	1080	0
337	1080	0
338	1080	0
339	1080	0
340	1080	1
341	1080	1
342	1080	0
343	1080	0
344	1080	0
346	1080	1
347	1080	0
348	1080	0
349	1080	0
350	1080	0
351	1080	0
352	1080	0
354	1080	0
355	1080	0
357	1080	0
358	1080	0
359	1080	1
360	1080	0
361	1080	1
363	1080	0
364	1080	0
365	1080	1
366	1080	0
367	1080	0
368	1080	0
370	1080	1
371	1080	0
372	1080	1
373	1080	0
374	1080	1
375	1080	1
377	1080	1
378	1080	1
379	1080	0
380	1080	1
381	1080	0
382	1080	0
383	1080	0
384	1080	0
385	1080	0
386	1080	0
387	1080	0
388	1080	0
389	1080	0
390	1080	1
391	1080	0
393	1080	0
394	1080	0
395	1080	1
396	1080	0
398	1080	0
399	1080	0
400	1080	0
401	1080	0
402	1080	0
403	1080	0
404	1080	1
405	1080	0
406	1080	0
407	1080	1
408	1080	0
409	1080	0
410	1080	0
411	1080	0
412	1080	0
413	1080	0
414	1080	0
415	1080	0
416	1080	0
417	1080	0
418	1080	0
419	1080	0
420	1080	0
421	1080	0
422	1080	0
423	1080	0
424	1080	1
425	1080	0
426	1080	0
427	1080	0
428	1080	0
429	1080	0
431	1080	0
432	1080	0
433	1080	0
434	1080	0
435	1080	0
436	1080	1
437	1080	0
438	1080	0
439	1080	0
440	1080	0
441	1080	0
442	1080	0
443	1080	0
444	1080	0
445	1080	0
446	1080	1
447	1080	0
448	1080	0
449	1080	1
450	1080	0
451	1080	0
452	1080	0
453	1080	0
454	1080	0
455	1080	0
456	1080	0
457	1080	1
458	1080	0
459	1080	0
460	1080	0
461	1080	0
462	1080	0
463	1080	0
464	1080	1
465	1080	0
466	1080	0
467	1080	0
468	1080	0
469	1080	0
470	1080	0
471	1080	0
472	1080	0
473	1080	0
474	1080	0
475	1080	0
476	1080	0
477	1080	1
478	1080	0
480	1080	0
481	1080	0
482	1080	0
483	1080	0
484	1080	0
485	1080	0
486	1080	0
487	1080	0
489	1080	0
490	1080	0
491	1080	0
492	1080	0
493	1080	0
495	1080	0
496	1080	1
497	1080	1
499	1080	0
500	1080	1
501	1080	0
502	1080	0
503	1080	1
505	1080	1
506	1080	1
508	1080	0
509	1080	0
510	1080	0
511	1080	0
512	1080	0
513	1080	0
514	1080	1
515	1080	0
516	1080	0
517	1080	0
518	1080	1
519	1080	0
520	1080	1
521	1080	0
522	1080	0
523	1080	0
524	1080	0
525	1080	0
526	1080	1
527	1080	0
528	1080	0
529	1080	1
531	1080	0
533	1080	0
534	1080	0
536	1080	0
537	1080	0
538	1080	0
540	1080	0
541	1080	0
542	1080	0
543	1080	0
544	1080	0
546	1080	0
547	1080	0
548	1080	0
549	1080	0
550	1080	0
551	1080	0
553	1080	0
554	1080	0
555	1080	0
556	1080	0
557	1080	0
558	1080	1
559	1080	0
560	1080	0
561	1080	0
562	1080	0
563	1080	0
564	1080	0
565	1080	0
566	1080	0
567	1080	0
568	1080	0
569	1080	0
570	1080	0
571	1080	0
572	1080	0
574	1080	0
575	1080	0
576	1080	0
577	1080	0
578	1080	0
579	1080	0
580	1080	0
582	1080	0
583	1080	0
584	1080	0
585	1080	1
586	1080	0
587	1080	0
588	1080	0
589	1080	0
590	1080	0
591	1080	0
592	1080	0
593	1080	0
594	1080	0
595	1080	0
596	1080	0
597	1080	0
598	1080	0
599	1080	0
600	1080	0
601	1080	0
602	1080	0
604	1080	0
605	1080	0
606	1080	0
607	1080	0
608	1080	0
609	1080	0
611	1080	0
612	1080	1
613	1080	0
614	1080	1
615	1080	0
616	1080	0
617	1080	0
618	1080	0
619	1080	0
620	1080	0
621	1080	1
622	1080	0
624	1080	0
625	1080	0
626	1080	0
627	1080	0
628	1080	0
630	1080	0
631	1080	1
632	1080	0
633	1080	0
635	1080	0
636	1080	0
637	1080	0
640	1080	0
641	1080	0
642	1080	0
643	1080	0
644	1080	0
645	1080	1
646	1080	0
647	1080	0
648	1080	0
649	1080	0
650	1080	0
651	1080	0
652	1080	1
653	1080	0
654	1080	0
655	1080	0
656	1080	0
657	1080	0
658	1080	0
659	1080	0
660	1080	0
661	1080	0
662	1080	1
663	1080	0
664	1080	1
666	1080	1
667	1080	1
668	1080	0
669	1080	0
670	1080	0
671	1080	0
672	1080	1
673	1080	0
674	1080	0
675	1080	0
676	1080	0
677	1080	0
678	1080	0
679	1080	0
680	1080	0
681	1080	0
682	1080	0
683	1080	0
684	1080	0
685	1080	0
686	1080	0
687	1080	0
688	1080	0
689	1080	1
690	1080	0
691	1080	0
692	1080	1
693	1080	0
694	1080	1
695	1080	0
696	1080	0
697	1080	0
698	1080	0
699	1080	0
700	1080	0
701	1080	0
702	1080	0
703	1080	0
704	1080	0
705	1080	0
706	1080	0
707	1080	0
708	1080	0
709	1080	0
710	1080	0
711	1080	0
712	1080	0
713	1080	1
714	1080	0
715	1080	0
716	1080	0
717	1080	0
718	1080	0
719	1080	0
720	1080	0
721	1080	0
722	1080	0
723	1080	1
724	1080	0
725	1080	0
726	1080	1
727	1080	1
728	1080	0
730	1080	0
731	1080	0
732	1080	1
733	1080	0
734	1080	0
735	1080	0
736	1080	0
737	1080	0
738	1080	0
739	1080	0
740	1080	0
741	1080	0
742	1080	1
743	1080	0
744	1080	0
745	1080	0
746	1080	0
747	1080	1
748	1080	1
749	1080	0
750	1080	1
751	1080	0
752	1080	0
753	1080	0
754	1080	1
755	1080	0
756	1080	0
757	1080	0
758	1080	0
759	1080	1
760	1080	0
761	1080	0
762	1080	0
763	1080	0
764	1080	0
765	1080	0
767	1080	0
768	1080	0
769	1080	0
770	1080	0
771	1080	0
772	1080	0
773	1080	0
774	1080	1
775	1080	0
776	1080	0
777	1080	0
778	1080	0
779	1080	0
780	1080	0
782	1080	0
783	1080	0
784	1080	0
785	1080	0
786	1080	0
787	1080	0
788	1080	0
789	1080	0
790	1080	0
791	1080	0
793	1080	0
794	1080	0
795	1080	0
796	1080	1
797	1080	0
798	1080	0
799	1080	0
800	1080	0
801	1080	0
802	1080	0
803	1080	0
804	1080	0
806	1080	0
807	1080	0
808	1080	0
809	1080	0
810	1080	0
811	1080	0
812	1080	0
813	1080	0
814	1080	0
816	1080	0
817	1080	0
818	1080	0
819	1080	0
820	1080	0
821	1080	0
822	1080	0
823	1080	0
824	1080	0
825	1080	0
826	1080	0
827	1080	1
828	1080	0
829	1080	1
830	1080	1
831	1080	0
832	1080	1
833	1080	1
834	1080	1
835	1080	0
836	1080	0
837	1080	1
839	1080	0
840	1080	0
841	1080	0
842	1080	0
843	1080	0
844	1080	0
845	1080	0
846	1080	0
847	1080	0
848	1080	0
849	1080	0
850	1080	0
851	1080	0
852	1080	0
853	1080	0
854	1080	0
855	1080	0
856	1080	0
857	1080	0
858	1080	0
859	1080	0
860	1080	0
861	1080	0
862	1080	0
863	1080	0
864	1080	0
865	1080	0
866	1080	0
867	1080	1
868	1080	0
869	1080	0
870	1080	0
872	1080	0
873	1080	0
874	1080	0
875	1080	0
876	1080	0
877	1080	0
878	1080	0
879	1080	0
880	1080	0
881	1080	0
882	1080	0
883	1080	0
884	1080	0
885	1080	0
886	1080	0
887	1080	0
888	1080	1
889	1080	0
890	1080	0
891	1080	0
892	1080	0
893	1080	0
894	1080	0
895	1080	0
896	1080	0
897	1080	0
898	1080	0
900	1080	0
901	1080	0
902	1080	0
903	1080	0
904	1080	0
905	1080	0
906	1080	0
907	1080	0
908	1080	0
909	1080	0
910	1080	0
911	1080	0
912	1080	1
913	1080	0
914	1080	0
916	1080	0
917	1080	1
918	1080	1
919	1080	0
920	1080	0
921	1080	0
922	1080	0
923	1080	0
924	1080	0
925	1080	0
926	1080	0
927	1080	0
928	1080	1
930	1080	1
931	1080	0
933	1080	1
934	1080	0
935	1080	0
936	1080	0
937	1080	1
938	1080	0
939	1080	0
940	1080	0
941	1080	0
942	1080	0
943	1080	0
944	1080	0
945	1080	0
946	1080	0
947	1080	1
948	1080	0
949	1080	0
950	1080	0
952	1080	0
953	1080	0
954	1080	0
955	1080	0
956	1080	0
958	1080	1
959	1080	1
961	1080	0
962	1080	0
963	1080	1
964	1080	0
965	1080	1
967	1080	1
