0	1097	0
1	1097	0
2	1097	0
3	1097	0
4	1097	0
5	1097	0
6	1097	0
7	1097	0
8	1097	1
9	1097	1
10	1097	1
11	1097	0
12	1097	0
13	1097	0
14	1097	1
15	1097	0
16	1097	0
17	1097	0
18	1097	1
19	1097	0
20	1097	0
21	1097	0
22	1097	0
23	1097	0
24	1097	0
26	1097	0
27	1097	0
28	1097	0
29	1097	0
30	1097	0
31	1097	1
32	1097	1
33	1097	0
34	1097	0
35	1097	1
36	1097	0
37	1097	0
38	1097	0
39	1097	1
40	1097	0
42	1097	0
43	1097	0
44	1097	0
45	1097	1
46	1097	0
47	1097	1
48	1097	0
49	1097	0
50	1097	0
51	1097	0
52	1097	0
53	1097	0
54	1097	0
55	1097	0
56	1097	0
57	1097	0
58	1097	0
59	1097	1
60	1097	0
61	1097	0
62	1097	0
64	1097	0
65	1097	0
66	1097	0
67	1097	0
68	1097	1
69	1097	0
70	1097	1
71	1097	0
72	1097	0
73	1097	0
74	1097	0
75	1097	0
76	1097	0
77	1097	0
78	1097	0
79	1097	0
80	1097	0
81	1097	0
82	1097	0
83	1097	0
84	1097	0
85	1097	0
86	1097	0
87	1097	0
88	1097	0
89	1097	0
90	1097	0
91	1097	0
92	1097	0
93	1097	0
94	1097	1
95	1097	0
96	1097	0
97	1097	0
98	1097	1
99	1097	0
100	1097	0
101	1097	0
102	1097	1
103	1097	0
104	1097	0
105	1097	0
106	1097	0
109	1097	0
111	1097	0
112	1097	0
113	1097	0
114	1097	0
115	1097	0
116	1097	0
117	1097	0
118	1097	0
119	1097	0
120	1097	0
121	1097	0
122	1097	0
123	1097	0
124	1097	0
125	1097	0
126	1097	0
127	1097	0
129	1097	0
130	1097	0
131	1097	0
132	1097	0
133	1097	0
134	1097	0
136	1097	0
137	1097	0
138	1097	1
139	1097	0
140	1097	1
141	1097	0
142	1097	0
143	1097	0
144	1097	1
145	1097	0
146	1097	0
147	1097	0
148	1097	1
149	1097	0
150	1097	0
151	1097	0
152	1097	0
153	1097	0
154	1097	0
155	1097	0
156	1097	0
157	1097	0
158	1097	1
159	1097	0
160	1097	0
161	1097	0
162	1097	0
163	1097	0
165	1097	0
166	1097	0
167	1097	0
168	1097	0
169	1097	0
170	1097	0
171	1097	0
172	1097	0
173	1097	0
174	1097	0
175	1097	0
177	1097	0
178	1097	0
179	1097	0
180	1097	0
182	1097	0
183	1097	0
184	1097	0
185	1097	1
186	1097	0
187	1097	0
188	1097	1
189	1097	1
190	1097	0
191	1097	0
192	1097	0
193	1097	0
194	1097	0
195	1097	0
196	1097	1
197	1097	1
198	1097	0
199	1097	0
200	1097	0
201	1097	1
202	1097	0
203	1097	0
204	1097	0
206	1097	0
207	1097	0
208	1097	0
210	1097	0
211	1097	0
212	1097	1
213	1097	0
214	1097	0
215	1097	0
216	1097	0
217	1097	0
218	1097	0
219	1097	0
220	1097	0
222	1097	0
223	1097	0
224	1097	0
225	1097	0
226	1097	0
227	1097	1
228	1097	0
229	1097	0
230	1097	0
231	1097	1
232	1097	0
233	1097	0
234	1097	0
235	1097	0
236	1097	0
237	1097	0
238	1097	0
239	1097	0
240	1097	0
241	1097	0
242	1097	0
244	1097	0
245	1097	0
246	1097	0
247	1097	0
248	1097	0
249	1097	0
250	1097	0
251	1097	0
252	1097	0
253	1097	0
254	1097	1
255	1097	0
256	1097	0
258	1097	0
259	1097	0
260	1097	0
261	1097	0
262	1097	0
263	1097	0
264	1097	0
265	1097	0
266	1097	0
267	1097	0
268	1097	0
269	1097	0
270	1097	0
271	1097	0
272	1097	0
274	1097	0
275	1097	0
276	1097	0
277	1097	0
278	1097	0
279	1097	0
280	1097	0
281	1097	0
282	1097	0
283	1097	0
284	1097	0
285	1097	0
286	1097	0
287	1097	0
288	1097	0
289	1097	0
290	1097	0
291	1097	0
292	1097	0
293	1097	0
294	1097	0
295	1097	0
296	1097	0
297	1097	0
298	1097	0
299	1097	0
300	1097	0
301	1097	0
302	1097	0
303	1097	0
304	1097	0
305	1097	0
306	1097	0
307	1097	0
308	1097	0
309	1097	0
310	1097	0
311	1097	0
312	1097	0
313	1097	0
314	1097	0
315	1097	0
316	1097	0
317	1097	0
318	1097	0
319	1097	0
320	1097	0
321	1097	1
322	1097	0
323	1097	0
324	1097	1
325	1097	1
326	1097	0
327	1097	1
328	1097	1
329	1097	0
330	1097	0
331	1097	0
333	1097	0
335	1097	0
336	1097	1
337	1097	0
338	1097	0
339	1097	0
340	1097	0
341	1097	0
342	1097	0
343	1097	0
344	1097	0
346	1097	0
347	1097	0
348	1097	0
349	1097	0
350	1097	0
351	1097	0
352	1097	0
354	1097	0
355	1097	0
357	1097	0
358	1097	0
359	1097	0
360	1097	0
361	1097	0
363	1097	0
364	1097	0
365	1097	0
366	1097	0
367	1097	0
368	1097	0
370	1097	1
371	1097	0
372	1097	0
373	1097	1
374	1097	0
375	1097	1
377	1097	1
378	1097	1
379	1097	1
380	1097	1
381	1097	0
382	1097	0
383	1097	0
384	1097	0
385	1097	0
386	1097	0
387	1097	0
388	1097	0
389	1097	0
390	1097	0
391	1097	0
393	1097	0
394	1097	0
395	1097	1
396	1097	0
398	1097	1
399	1097	0
400	1097	0
401	1097	0
402	1097	0
403	1097	0
404	1097	0
405	1097	1
406	1097	0
407	1097	1
408	1097	0
409	1097	0
410	1097	0
411	1097	0
412	1097	0
413	1097	1
414	1097	0
415	1097	0
416	1097	1
417	1097	0
418	1097	0
419	1097	0
420	1097	0
421	1097	0
422	1097	0
423	1097	0
424	1097	0
425	1097	1
426	1097	0
427	1097	0
428	1097	0
429	1097	0
431	1097	0
432	1097	0
433	1097	0
434	1097	0
435	1097	1
436	1097	0
437	1097	0
438	1097	0
439	1097	0
440	1097	0
441	1097	0
442	1097	0
443	1097	0
444	1097	0
445	1097	0
446	1097	1
447	1097	0
448	1097	0
449	1097	1
450	1097	0
451	1097	0
452	1097	0
453	1097	0
454	1097	0
455	1097	0
456	1097	0
457	1097	0
458	1097	0
459	1097	0
460	1097	0
461	1097	0
462	1097	0
463	1097	0
464	1097	0
465	1097	1
466	1097	0
467	1097	0
468	1097	0
469	1097	0
470	1097	0
471	1097	0
472	1097	0
473	1097	0
474	1097	0
475	1097	0
476	1097	0
477	1097	0
478	1097	0
480	1097	0
481	1097	0
482	1097	0
483	1097	0
484	1097	0
485	1097	0
486	1097	0
487	1097	0
489	1097	0
490	1097	0
491	1097	0
492	1097	0
493	1097	0
495	1097	0
496	1097	1
497	1097	0
499	1097	0
500	1097	0
501	1097	0
502	1097	0
503	1097	1
505	1097	0
506	1097	0
508	1097	1
509	1097	1
510	1097	0
511	1097	0
512	1097	0
513	1097	0
514	1097	1
515	1097	0
516	1097	0
517	1097	0
518	1097	0
519	1097	0
520	1097	1
521	1097	0
522	1097	0
523	1097	0
524	1097	0
525	1097	0
526	1097	1
527	1097	0
528	1097	0
529	1097	0
531	1097	0
533	1097	1
534	1097	0
536	1097	0
537	1097	0
538	1097	0
540	1097	0
541	1097	0
542	1097	1
543	1097	0
544	1097	0
546	1097	0
547	1097	0
548	1097	0
549	1097	0
550	1097	0
551	1097	0
553	1097	0
554	1097	0
555	1097	0
556	1097	0
557	1097	0
558	1097	1
559	1097	0
560	1097	1
561	1097	0
562	1097	0
563	1097	0
564	1097	0
565	1097	0
566	1097	0
567	1097	0
568	1097	0
569	1097	0
570	1097	0
571	1097	0
572	1097	0
574	1097	0
575	1097	0
576	1097	0
577	1097	0
578	1097	0
579	1097	0
580	1097	0
582	1097	0
583	1097	0
584	1097	0
585	1097	1
586	1097	0
587	1097	0
588	1097	0
589	1097	0
590	1097	0
591	1097	0
592	1097	0
593	1097	0
594	1097	0
595	1097	0
596	1097	0
597	1097	0
598	1097	0
599	1097	0
600	1097	0
601	1097	0
602	1097	0
604	1097	0
605	1097	0
606	1097	0
607	1097	0
608	1097	0
609	1097	0
611	1097	0
612	1097	0
613	1097	0
614	1097	0
615	1097	0
616	1097	0
617	1097	0
618	1097	0
619	1097	0
620	1097	1
621	1097	0
622	1097	0
624	1097	0
625	1097	0
626	1097	0
627	1097	0
628	1097	0
630	1097	1
631	1097	0
632	1097	0
633	1097	0
635	1097	0
636	1097	0
637	1097	1
640	1097	0
641	1097	0
642	1097	0
643	1097	0
644	1097	0
645	1097	1
646	1097	0
647	1097	0
648	1097	0
649	1097	1
650	1097	1
651	1097	0
652	1097	0
653	1097	0
654	1097	0
655	1097	0
656	1097	0
657	1097	0
658	1097	0
659	1097	0
660	1097	0
661	1097	1
662	1097	0
663	1097	1
664	1097	0
666	1097	0
667	1097	0
668	1097	0
669	1097	0
670	1097	0
671	1097	0
672	1097	0
673	1097	0
674	1097	0
675	1097	0
676	1097	0
677	1097	0
678	1097	0
679	1097	0
680	1097	0
681	1097	0
682	1097	0
683	1097	0
684	1097	0
685	1097	0
686	1097	0
687	1097	0
688	1097	0
689	1097	0
690	1097	0
691	1097	1
692	1097	0
693	1097	0
694	1097	1
695	1097	1
696	1097	0
697	1097	0
698	1097	0
699	1097	1
700	1097	0
701	1097	0
702	1097	0
703	1097	0
704	1097	0
705	1097	0
706	1097	0
707	1097	0
708	1097	0
709	1097	0
710	1097	0
711	1097	0
712	1097	0
713	1097	0
714	1097	0
715	1097	0
716	1097	0
717	1097	0
718	1097	1
719	1097	0
720	1097	0
721	1097	1
722	1097	0
723	1097	0
724	1097	0
725	1097	0
726	1097	0
727	1097	0
728	1097	0
730	1097	0
731	1097	0
732	1097	1
733	1097	0
734	1097	0
735	1097	0
736	1097	0
737	1097	0
738	1097	0
739	1097	0
740	1097	0
741	1097	0
742	1097	0
743	1097	0
744	1097	0
745	1097	0
746	1097	1
747	1097	0
748	1097	0
749	1097	0
750	1097	0
751	1097	1
752	1097	0
753	1097	0
754	1097	0
755	1097	0
756	1097	0
757	1097	0
758	1097	0
759	1097	1
760	1097	0
761	1097	0
762	1097	0
763	1097	1
764	1097	0
765	1097	0
767	1097	0
768	1097	0
769	1097	0
770	1097	0
771	1097	1
772	1097	0
773	1097	0
774	1097	1
775	1097	0
776	1097	0
777	1097	0
778	1097	0
779	1097	0
780	1097	0
782	1097	0
783	1097	0
784	1097	0
785	1097	0
786	1097	0
787	1097	0
788	1097	0
789	1097	0
790	1097	0
791	1097	0
793	1097	0
794	1097	0
795	1097	0
796	1097	0
797	1097	0
798	1097	0
799	1097	0
800	1097	0
801	1097	0
802	1097	0
803	1097	0
804	1097	0
806	1097	0
807	1097	0
808	1097	1
809	1097	0
810	1097	0
811	1097	0
812	1097	0
813	1097	0
814	1097	0
816	1097	0
817	1097	0
818	1097	0
819	1097	0
820	1097	0
821	1097	0
822	1097	0
823	1097	0
824	1097	0
825	1097	0
826	1097	0
827	1097	0
828	1097	1
829	1097	1
830	1097	1
831	1097	1
832	1097	1
833	1097	1
834	1097	0
835	1097	0
836	1097	0
837	1097	0
839	1097	0
840	1097	0
841	1097	0
842	1097	0
843	1097	0
844	1097	0
845	1097	0
846	1097	0
847	1097	0
848	1097	0
849	1097	0
850	1097	0
851	1097	0
852	1097	1
853	1097	1
854	1097	0
855	1097	0
856	1097	0
857	1097	0
858	1097	0
859	1097	0
860	1097	0
861	1097	0
862	1097	0
863	1097	0
864	1097	0
865	1097	0
866	1097	0
867	1097	0
868	1097	0
869	1097	0
870	1097	0
872	1097	0
873	1097	0
874	1097	0
875	1097	0
876	1097	0
877	1097	0
878	1097	0
879	1097	1
880	1097	0
881	1097	0
882	1097	0
883	1097	0
884	1097	0
885	1097	0
886	1097	0
887	1097	0
888	1097	1
889	1097	0
890	1097	0
891	1097	0
892	1097	0
893	1097	0
894	1097	0
895	1097	0
896	1097	0
897	1097	0
898	1097	0
900	1097	0
901	1097	0
902	1097	0
903	1097	0
904	1097	0
905	1097	0
906	1097	0
907	1097	0
908	1097	0
909	1097	0
910	1097	0
911	1097	0
912	1097	0
913	1097	0
914	1097	0
916	1097	0
917	1097	0
918	1097	0
919	1097	0
920	1097	0
921	1097	0
922	1097	0
923	1097	0
924	1097	0
925	1097	0
926	1097	1
927	1097	0
928	1097	0
930	1097	0
931	1097	0
933	1097	0
934	1097	0
935	1097	0
936	1097	0
937	1097	0
938	1097	0
939	1097	0
940	1097	0
941	1097	0
942	1097	1
943	1097	1
944	1097	0
945	1097	0
946	1097	0
947	1097	0
948	1097	0
949	1097	1
950	1097	0
952	1097	1
953	1097	0
954	1097	0
955	1097	0
956	1097	1
958	1097	0
959	1097	0
961	1097	0
962	1097	0
963	1097	0
964	1097	0
965	1097	1
967	1097	1
