1	1232	0
2	1232	0
3	1232	0
5	1232	0
6	1232	0
7	1232	1
8	1232	0
9	1232	0
10	1232	0
11	1232	0
14	1232	0
16	1232	0
17	1232	0
18	1232	0
19	1232	0
21	1232	0
23	1232	0
24	1232	0
25	1232	0
26	1232	1
27	1232	0
29	1232	0
31	1232	0
32	1232	0
33	1232	0
34	1232	0
35	1232	0
36	1232	0
37	1232	0
38	1232	0
39	1232	0
41	1232	0
43	1232	0
44	1232	0
45	1232	0
46	1232	0
48	1232	0
49	1232	0
50	1232	0
51	1232	0
52	1232	0
54	1232	0
56	1232	0
58	1232	0
59	1232	0
60	1232	0
62	1232	0
63	1232	0
64	1232	0
65	1232	0
66	1232	0
68	1232	0
69	1232	0
70	1232	0
71	1232	0
72	1232	0
73	1232	0
74	1232	0
78	1232	0
80	1232	0
81	1232	0
82	1232	0
84	1232	0
85	1232	0
86	1232	0
87	1232	0
88	1232	0
89	1232	0
91	1232	0
93	1232	0
94	1232	0
95	1232	0
96	1232	0
97	1232	0
99	1232	0
100	1232	0
103	1232	0
104	1232	0
105	1232	0
107	1232	0
108	1232	0
109	1232	0
110	1232	0
111	1232	0
112	1232	0
113	1232	0
114	1232	0
115	1232	0
116	1232	0
117	1232	0
118	1232	0
119	1232	0
120	1232	1
121	1232	0
123	1232	0
124	1232	0
128	1232	0
129	1232	0
130	1232	0
131	1232	0
133	1232	0
134	1232	0
135	1232	1
137	1232	0
138	1232	0
141	1232	0
142	1232	0
144	1232	0
146	1232	0
147	1232	0
150	1232	1
152	1232	0
154	1232	0
155	1232	0
156	1232	0
157	1232	0
158	1232	0
161	1232	0
162	1232	0
163	1232	0
168	1232	0
169	1232	0
170	1232	1
171	1232	0
172	1232	0
173	1232	0
174	1232	1
175	1232	1
177	1232	0
178	1232	0
179	1232	0
180	1232	0
181	1232	0
182	1232	0
183	1232	0
184	1232	1
185	1232	0
187	1232	0
190	1232	0
192	1232	0
193	1232	0
194	1232	0
196	1232	1
198	1232	0
199	1232	0
201	1232	0
203	1232	0
204	1232	0
206	1232	0
207	1232	0
208	1232	0
209	1232	0
211	1232	0
212	1232	0
214	1232	0
216	1232	0
217	1232	0
218	1232	0
219	1232	0
220	1232	0
221	1232	0
222	1232	0
223	1232	0
224	1232	0
226	1232	1
227	1232	0
228	1232	0
230	1232	0
232	1232	0
233	1232	1
236	1232	0
237	1232	0
239	1232	0
244	1232	0
245	1232	0
246	1232	1
247	1232	0
248	1232	0
249	1232	0
250	1232	0
251	1232	0
252	1232	1
253	1232	0
254	1232	0
255	1232	0
257	1232	0
258	1232	1
260	1232	1
261	1232	0
262	1232	0
263	1232	0
266	1232	1
267	1232	0
268	1232	0
270	1232	1
271	1232	0
273	1232	0
274	1232	0
275	1232	0
277	1232	0
278	1232	0
282	1232	0
283	1232	0
284	1232	0
285	1232	0
286	1232	0
288	1232	1
289	1232	0
290	1232	0
291	1232	0
292	1232	0
293	1232	0
294	1232	0
295	1232	0
296	1232	0
297	1232	0
298	1232	0
300	1232	0
301	1232	0
302	1232	0
303	1232	0
305	1232	0
307	1232	0
308	1232	0
309	1232	0
310	1232	0
312	1232	1
314	1232	0
315	1232	0
316	1232	0
317	1232	0
318	1232	0
320	1232	0
321	1232	0
322	1232	0
323	1232	0
324	1232	0
328	1232	0
329	1232	0
331	1232	0
332	1232	0
333	1232	1
334	1232	0
336	1232	0
337	1232	0
338	1232	1
340	1232	0
341	1232	0
342	1232	0
343	1232	0
345	1232	0
347	1232	0
348	1232	0
349	1232	0
350	1232	0
352	1232	0
353	1232	0
355	1232	0
356	1232	0
358	1232	0
359	1232	0
360	1232	0
361	1232	0
362	1232	0
363	1232	0
364	1232	0
365	1232	0
366	1232	0
368	1232	0
369	1232	0
370	1232	0
371	1232	0
372	1232	0
373	1232	0
374	1232	0
375	1232	0
377	1232	0
378	1232	0
379	1232	0
380	1232	0
381	1232	0
382	1232	0
383	1232	0
384	1232	0
386	1232	0
389	1232	0
391	1232	0
392	1232	0
393	1232	0
394	1232	1
395	1232	0
396	1232	0
397	1232	0
398	1232	0
399	1232	0
400	1232	1
402	1232	0
404	1232	0
406	1232	0
407	1232	0
408	1232	0
411	1232	0
413	1232	1
415	1232	0
416	1232	0
417	1232	0
418	1232	0
419	1232	0
420	1232	0
421	1232	0
423	1232	0
424	1232	0
425	1232	0
427	1232	0
428	1232	0
429	1232	0
435	1232	0
436	1232	0
437	1232	0
439	1232	0
440	1232	0
441	1232	0
442	1232	0
444	1232	0
445	1232	0
446	1232	0
448	1232	1
449	1232	0
450	1232	0
451	1232	0
452	1232	0
453	1232	0
454	1232	0
455	1232	0
456	1232	0
457	1232	0
458	1232	0
459	1232	0
460	1232	1
463	1232	0
465	1232	0
466	1232	0
467	1232	0
468	1232	0
469	1232	0
470	1232	0
472	1232	0
473	1232	0
474	1232	0
476	1232	0
477	1232	0
478	1232	0
479	1232	0
480	1232	0
482	1232	0
484	1232	0
485	1232	0
486	1232	0
487	1232	0
488	1232	0
489	1232	0
491	1232	0
493	1232	0
494	1232	0
495	1232	0
496	1232	1
499	1232	0
501	1232	0
502	1232	1
504	1232	0
505	1232	0
506	1232	0
507	1232	0
508	1232	0
509	1232	1
510	1232	0
511	1232	0
512	1232	0
513	1232	0
514	1232	1
515	1232	0
517	1232	0
518	1232	0
519	1232	0
520	1232	1
521	1232	0
522	1232	0
523	1232	0
524	1232	0
527	1232	0
531	1232	0
533	1232	0
534	1232	0
535	1232	0
536	1232	0
537	1232	0
538	1232	0
539	1232	0
540	1232	0
541	1232	0
543	1232	0
544	1232	0
545	1232	0
547	1232	0
548	1232	0
549	1232	0
550	1232	0
551	1232	0
553	1232	0
554	1232	0
555	1232	0
556	1232	0
558	1232	1
561	1232	0
563	1232	0
564	1232	0
565	1232	0
566	1232	0
567	1232	0
568	1232	0
570	1232	0
571	1232	0
572	1232	0
574	1232	0
575	1232	0
576	1232	0
577	1232	0
578	1232	0
579	1232	0
581	1232	0
582	1232	0
584	1232	0
585	1232	0
586	1232	0
588	1232	0
589	1232	0
590	1232	0
591	1232	0
593	1232	0
596	1232	0
597	1232	0
598	1232	0
599	1232	0
600	1232	0
601	1232	0
602	1232	0
606	1232	0
607	1232	0
608	1232	0
609	1232	0
611	1232	0
612	1232	0
614	1232	0
615	1232	0
616	1232	0
617	1232	0
618	1232	0
621	1232	0
624	1232	0
625	1232	0
626	1232	0
627	1232	0
628	1232	0
630	1232	0
632	1232	0
633	1232	0
634	1232	0
635	1232	1
636	1232	0
637	1232	1
638	1232	0
640	1232	0
641	1232	0
642	1232	0
645	1232	0
646	1232	0
647	1232	0
649	1232	0
651	1232	0
652	1232	0
653	1232	0
656	1232	0
658	1232	0
659	1232	0
661	1232	1
663	1232	0
664	1232	0
666	1232	0
667	1232	0
668	1232	0
669	1232	0
671	1232	0
672	1232	0
673	1232	0
674	1232	0
675	1232	0
676	1232	0
677	1232	0
681	1232	0
682	1232	0
683	1232	0
684	1232	0
686	1232	0
687	1232	0
689	1232	0
691	1232	0
692	1232	0
693	1232	0
694	1232	0
696	1232	0
697	1232	0
699	1232	0
701	1232	0
702	1232	0
703	1232	0
704	1232	0
705	1232	0
706	1232	0
708	1232	0
711	1232	0
713	1232	0
715	1232	0
716	1232	0
718	1232	0
720	1232	0
721	1232	0
722	1232	0
728	1232	0
729	1232	0
731	1232	0
732	1232	0
733	1232	0
735	1232	0
736	1232	0
737	1232	0
739	1232	0
740	1232	0
741	1232	1
742	1232	0
744	1232	0
745	1232	0
748	1232	0
749	1232	1
750	1232	0
751	1232	0
752	1232	0
754	1232	0
755	1232	0
756	1232	1
758	1232	0
760	1232	0
761	1232	0
762	1232	0
764	1232	0
765	1232	0
767	1232	0
771	1232	0
772	1232	0
773	1232	0
775	1232	0
776	1232	1
777	1232	0
779	1232	0
780	1232	0
781	1232	0
783	1232	1
784	1232	0
785	1232	0
786	1232	0
787	1232	0
788	1232	0
790	1232	0
791	1232	0
792	1232	0
794	1232	0
799	1232	0
801	1232	0
802	1232	0
803	1232	1
804	1232	0
805	1232	0
807	1232	0
808	1232	0
809	1232	0
810	1232	0
811	1232	1
812	1232	0
814	1232	0
817	1232	0
818	1232	0
819	1232	0
820	1232	0
822	1232	0
823	1232	0
824	1232	0
826	1232	0
827	1232	0
829	1232	0
830	1232	0
831	1232	0
832	1232	0
834	1232	0
836	1232	0
838	1232	0
839	1232	0
840	1232	0
841	1232	0
842	1232	0
843	1232	0
844	1232	0
845	1232	0
846	1232	0
847	1232	0
849	1232	0
851	1232	0
853	1232	0
855	1232	0
856	1232	0
857	1232	0
858	1232	0
859	1232	0
860	1232	0
862	1232	0
863	1232	0
864	1232	0
865	1232	0
866	1232	1
867	1232	0
869	1232	0
870	1232	0
871	1232	0
872	1232	0
873	1232	0
874	1232	0
875	1232	0
876	1232	0
877	1232	0
880	1232	0
881	1232	0
882	1232	0
883	1232	0
884	1232	0
886	1232	0
887	1232	0
888	1232	0
889	1232	0
893	1232	0
895	1232	0
897	1232	0
899	1232	0
900	1232	0
901	1232	0
902	1232	0
903	1232	0
904	1232	0
908	1232	1
909	1232	0
911	1232	1
913	1232	0
915	1232	0
918	1232	0
920	1232	0
922	1232	0
923	1232	0
924	1232	0
925	1232	0
927	1232	0
928	1232	0
930	1232	0
931	1232	1
933	1232	0
935	1232	0
937	1232	0
939	1232	0
940	1232	0
942	1232	0
943	1232	0
946	1232	0
947	1232	0
948	1232	0
949	1232	0
953	1232	0
955	1232	0
957	1232	0
958	1232	0
960	1232	0
961	1232	0
962	1232	0
963	1232	0
964	1232	0
965	1232	0
967	1232	0
