0	1118	0
1	1118	0
2	1118	0
3	1118	0
4	1118	0
5	1118	0
6	1118	0
7	1118	0
8	1118	1
9	1118	0
10	1118	0
11	1118	0
12	1118	0
13	1118	0
14	1118	0
15	1118	0
16	1118	0
17	1118	1
18	1118	1
19	1118	0
20	1118	0
21	1118	0
22	1118	0
23	1118	0
24	1118	0
26	1118	0
27	1118	0
28	1118	0
29	1118	0
30	1118	0
31	1118	1
32	1118	1
33	1118	0
34	1118	0
35	1118	0
36	1118	1
37	1118	0
38	1118	0
39	1118	1
40	1118	0
42	1118	0
43	1118	0
44	1118	0
45	1118	1
46	1118	0
47	1118	1
48	1118	0
49	1118	0
50	1118	0
51	1118	0
52	1118	0
53	1118	0
54	1118	0
55	1118	0
56	1118	0
57	1118	0
58	1118	0
59	1118	1
60	1118	0
61	1118	0
62	1118	0
64	1118	0
65	1118	0
66	1118	1
67	1118	0
68	1118	0
69	1118	0
70	1118	0
71	1118	0
72	1118	0
73	1118	0
74	1118	0
75	1118	0
76	1118	0
77	1118	0
78	1118	0
79	1118	0
80	1118	0
81	1118	0
82	1118	0
83	1118	0
84	1118	0
85	1118	0
86	1118	0
87	1118	0
88	1118	0
89	1118	0
90	1118	0
91	1118	0
92	1118	0
93	1118	0
94	1118	0
95	1118	0
96	1118	1
97	1118	0
98	1118	0
99	1118	0
100	1118	1
101	1118	0
102	1118	0
103	1118	0
104	1118	0
105	1118	0
106	1118	0
109	1118	1
111	1118	0
112	1118	0
113	1118	0
114	1118	0
115	1118	0
116	1118	0
117	1118	0
118	1118	0
119	1118	0
120	1118	0
121	1118	0
122	1118	0
123	1118	1
124	1118	0
125	1118	0
126	1118	0
127	1118	0
129	1118	0
130	1118	0
131	1118	0
132	1118	0
133	1118	0
134	1118	0
136	1118	0
137	1118	1
138	1118	0
139	1118	0
140	1118	0
141	1118	0
142	1118	0
143	1118	0
144	1118	0
145	1118	0
146	1118	0
147	1118	0
148	1118	0
149	1118	0
150	1118	0
151	1118	0
152	1118	0
153	1118	0
154	1118	1
155	1118	0
156	1118	0
157	1118	0
158	1118	0
159	1118	0
160	1118	1
161	1118	0
162	1118	0
163	1118	1
165	1118	0
166	1118	0
167	1118	0
168	1118	0
169	1118	0
170	1118	0
171	1118	0
172	1118	1
173	1118	0
174	1118	0
175	1118	0
177	1118	0
178	1118	0
179	1118	0
180	1118	0
182	1118	1
183	1118	0
184	1118	0
185	1118	0
186	1118	0
187	1118	0
188	1118	1
189	1118	0
190	1118	0
191	1118	0
192	1118	0
193	1118	0
194	1118	1
195	1118	0
196	1118	0
197	1118	1
198	1118	0
199	1118	0
200	1118	0
201	1118	0
202	1118	0
203	1118	0
204	1118	0
206	1118	1
207	1118	0
208	1118	1
210	1118	0
211	1118	0
212	1118	1
213	1118	0
214	1118	1
215	1118	1
216	1118	0
217	1118	0
218	1118	0
219	1118	0
220	1118	0
222	1118	0
223	1118	0
224	1118	0
225	1118	0
226	1118	0
227	1118	1
228	1118	0
229	1118	0
230	1118	0
231	1118	0
232	1118	0
233	1118	0
234	1118	1
235	1118	0
236	1118	0
237	1118	0
238	1118	0
239	1118	0
240	1118	0
241	1118	0
242	1118	0
244	1118	0
245	1118	0
247	1118	0
248	1118	0
249	1118	0
250	1118	0
251	1118	1
252	1118	0
253	1118	1
254	1118	0
255	1118	1
256	1118	0
258	1118	0
259	1118	0
260	1118	0
261	1118	0
262	1118	0
263	1118	0
264	1118	0
265	1118	0
266	1118	0
267	1118	0
268	1118	0
269	1118	0
270	1118	0
271	1118	0
272	1118	0
273	1118	0
274	1118	0
275	1118	0
276	1118	0
277	1118	0
278	1118	0
279	1118	0
280	1118	0
281	1118	0
282	1118	0
283	1118	0
284	1118	0
285	1118	0
286	1118	0
287	1118	0
288	1118	0
289	1118	0
290	1118	0
291	1118	0
292	1118	0
293	1118	0
294	1118	0
295	1118	0
296	1118	0
297	1118	0
298	1118	0
299	1118	0
300	1118	0
301	1118	1
302	1118	0
303	1118	0
304	1118	0
305	1118	0
306	1118	0
307	1118	0
308	1118	0
309	1118	0
310	1118	0
311	1118	0
312	1118	0
313	1118	0
314	1118	0
315	1118	0
316	1118	0
317	1118	0
318	1118	0
319	1118	0
320	1118	1
321	1118	0
322	1118	0
323	1118	0
324	1118	0
325	1118	0
326	1118	0
327	1118	1
328	1118	0
329	1118	0
330	1118	0
331	1118	0
333	1118	0
335	1118	0
336	1118	1
337	1118	0
338	1118	0
339	1118	0
340	1118	0
342	1118	0
343	1118	0
344	1118	0
346	1118	0
347	1118	0
348	1118	0
349	1118	0
350	1118	0
351	1118	0
352	1118	0
354	1118	0
355	1118	0
357	1118	0
358	1118	0
359	1118	0
360	1118	0
361	1118	1
363	1118	1
364	1118	0
365	1118	0
366	1118	0
367	1118	0
368	1118	0
371	1118	0
372	1118	0
373	1118	1
374	1118	1
377	1118	0
378	1118	1
379	1118	0
380	1118	1
381	1118	0
382	1118	0
383	1118	0
384	1118	0
385	1118	0
386	1118	0
387	1118	0
388	1118	0
389	1118	0
390	1118	1
391	1118	0
393	1118	0
394	1118	0
395	1118	1
396	1118	0
398	1118	0
399	1118	0
400	1118	0
401	1118	0
402	1118	0
403	1118	0
404	1118	1
405	1118	0
406	1118	0
407	1118	0
408	1118	0
409	1118	0
410	1118	0
411	1118	0
412	1118	0
413	1118	0
414	1118	0
415	1118	0
416	1118	0
417	1118	0
418	1118	0
419	1118	0
420	1118	1
421	1118	0
422	1118	0
423	1118	0
424	1118	0
425	1118	0
426	1118	0
427	1118	0
428	1118	0
429	1118	0
431	1118	0
432	1118	0
433	1118	0
434	1118	0
435	1118	1
436	1118	0
437	1118	0
438	1118	1
439	1118	0
440	1118	0
441	1118	0
442	1118	0
443	1118	0
444	1118	0
445	1118	0
446	1118	1
447	1118	0
448	1118	0
449	1118	0
450	1118	0
451	1118	0
452	1118	0
453	1118	0
454	1118	0
455	1118	0
456	1118	0
457	1118	0
458	1118	0
459	1118	0
460	1118	0
461	1118	0
462	1118	0
463	1118	0
464	1118	1
465	1118	0
466	1118	0
467	1118	0
468	1118	0
469	1118	0
470	1118	0
471	1118	0
472	1118	0
473	1118	0
474	1118	0
475	1118	0
476	1118	0
477	1118	0
478	1118	1
480	1118	0
481	1118	0
482	1118	0
483	1118	0
484	1118	0
485	1118	0
486	1118	0
487	1118	0
489	1118	1
490	1118	0
491	1118	0
492	1118	0
493	1118	0
495	1118	0
496	1118	0
497	1118	1
499	1118	0
500	1118	0
501	1118	0
502	1118	0
503	1118	1
505	1118	1
506	1118	0
508	1118	0
509	1118	1
510	1118	0
511	1118	0
512	1118	0
513	1118	0
514	1118	1
515	1118	1
516	1118	0
517	1118	0
518	1118	1
519	1118	1
520	1118	1
521	1118	0
522	1118	0
523	1118	0
524	1118	0
525	1118	0
526	1118	0
527	1118	0
528	1118	0
529	1118	0
531	1118	0
533	1118	1
534	1118	0
536	1118	0
537	1118	0
538	1118	0
540	1118	0
541	1118	0
542	1118	0
543	1118	0
544	1118	0
546	1118	0
547	1118	0
548	1118	0
549	1118	0
550	1118	0
551	1118	0
553	1118	0
554	1118	0
555	1118	0
556	1118	0
557	1118	0
558	1118	0
559	1118	0
560	1118	1
561	1118	0
562	1118	0
563	1118	0
564	1118	0
565	1118	0
566	1118	0
567	1118	0
568	1118	0
569	1118	0
570	1118	0
571	1118	0
572	1118	0
573	1118	0
574	1118	0
575	1118	0
576	1118	0
577	1118	0
578	1118	0
579	1118	0
580	1118	0
582	1118	0
583	1118	0
584	1118	0
585	1118	0
586	1118	0
587	1118	0
588	1118	0
589	1118	0
590	1118	0
591	1118	0
592	1118	0
593	1118	1
594	1118	0
595	1118	0
596	1118	0
597	1118	0
598	1118	0
599	1118	0
600	1118	0
601	1118	0
602	1118	0
604	1118	0
605	1118	1
606	1118	0
607	1118	0
608	1118	0
609	1118	0
611	1118	0
612	1118	0
613	1118	0
614	1118	0
615	1118	0
616	1118	0
617	1118	0
618	1118	0
619	1118	0
620	1118	0
621	1118	0
622	1118	0
624	1118	0
625	1118	0
626	1118	0
627	1118	0
628	1118	0
630	1118	0
631	1118	0
632	1118	0
633	1118	0
635	1118	0
636	1118	0
637	1118	1
640	1118	0
641	1118	0
642	1118	0
643	1118	0
644	1118	0
645	1118	1
646	1118	0
647	1118	0
648	1118	0
649	1118	1
650	1118	1
651	1118	0
652	1118	1
653	1118	0
654	1118	1
655	1118	0
656	1118	1
657	1118	1
658	1118	0
659	1118	0
660	1118	0
661	1118	1
662	1118	0
663	1118	1
664	1118	1
666	1118	1
667	1118	0
668	1118	0
669	1118	0
670	1118	0
671	1118	0
672	1118	0
673	1118	0
674	1118	0
675	1118	0
676	1118	0
677	1118	0
678	1118	0
679	1118	0
680	1118	0
681	1118	0
682	1118	0
683	1118	0
684	1118	0
685	1118	0
686	1118	0
687	1118	0
688	1118	0
689	1118	0
690	1118	0
691	1118	0
692	1118	1
693	1118	0
694	1118	1
695	1118	1
696	1118	0
697	1118	0
698	1118	0
699	1118	0
700	1118	0
701	1118	0
702	1118	0
703	1118	0
704	1118	0
705	1118	0
706	1118	0
707	1118	0
708	1118	0
709	1118	0
710	1118	0
711	1118	0
712	1118	0
713	1118	0
714	1118	0
715	1118	1
716	1118	0
717	1118	0
718	1118	0
719	1118	0
720	1118	0
721	1118	0
722	1118	0
723	1118	0
724	1118	0
725	1118	0
726	1118	0
727	1118	0
728	1118	0
730	1118	0
731	1118	0
732	1118	1
733	1118	0
734	1118	0
735	1118	0
736	1118	0
737	1118	1
738	1118	1
739	1118	0
740	1118	0
741	1118	0
742	1118	0
743	1118	0
744	1118	0
745	1118	0
746	1118	0
747	1118	0
748	1118	1
749	1118	1
750	1118	0
751	1118	0
752	1118	1
753	1118	0
754	1118	0
755	1118	0
756	1118	0
757	1118	0
758	1118	0
759	1118	0
760	1118	0
761	1118	0
762	1118	0
763	1118	0
764	1118	0
765	1118	0
767	1118	0
768	1118	0
769	1118	0
770	1118	0
771	1118	0
772	1118	0
773	1118	0
774	1118	1
775	1118	0
776	1118	0
777	1118	0
778	1118	0
779	1118	0
780	1118	0
782	1118	0
783	1118	0
784	1118	0
785	1118	0
786	1118	0
787	1118	0
788	1118	0
789	1118	0
790	1118	0
791	1118	0
793	1118	0
794	1118	0
795	1118	0
796	1118	0
797	1118	0
798	1118	0
799	1118	0
800	1118	0
801	1118	0
802	1118	0
803	1118	0
804	1118	0
806	1118	0
807	1118	0
808	1118	0
809	1118	0
810	1118	0
811	1118	0
812	1118	0
813	1118	0
814	1118	0
816	1118	0
817	1118	0
818	1118	0
819	1118	0
820	1118	0
821	1118	0
822	1118	0
823	1118	0
824	1118	0
825	1118	0
826	1118	0
827	1118	1
828	1118	0
829	1118	0
830	1118	1
831	1118	0
832	1118	1
833	1118	1
834	1118	1
835	1118	0
836	1118	1
837	1118	0
839	1118	1
840	1118	0
841	1118	0
842	1118	0
843	1118	0
844	1118	0
845	1118	0
846	1118	0
847	1118	0
848	1118	0
849	1118	0
850	1118	0
851	1118	0
852	1118	0
853	1118	0
854	1118	0
855	1118	0
856	1118	0
857	1118	0
858	1118	0
859	1118	0
860	1118	0
861	1118	0
862	1118	0
863	1118	0
864	1118	0
865	1118	0
866	1118	0
867	1118	0
868	1118	0
869	1118	0
870	1118	1
872	1118	0
873	1118	0
874	1118	0
875	1118	0
876	1118	0
877	1118	1
878	1118	0
879	1118	0
880	1118	0
881	1118	0
882	1118	0
883	1118	0
884	1118	0
885	1118	0
886	1118	0
887	1118	0
888	1118	0
889	1118	0
890	1118	0
891	1118	0
892	1118	0
893	1118	0
894	1118	0
895	1118	1
896	1118	0
897	1118	0
898	1118	0
900	1118	0
901	1118	0
902	1118	0
903	1118	0
904	1118	0
905	1118	0
906	1118	0
907	1118	0
908	1118	0
909	1118	0
910	1118	0
911	1118	0
912	1118	1
913	1118	0
914	1118	0
916	1118	0
917	1118	1
918	1118	0
919	1118	0
920	1118	0
921	1118	1
922	1118	0
923	1118	0
924	1118	1
925	1118	0
926	1118	0
927	1118	0
928	1118	1
930	1118	0
931	1118	0
933	1118	0
934	1118	0
935	1118	1
936	1118	0
937	1118	0
938	1118	0
939	1118	0
940	1118	0
941	1118	0
942	1118	0
943	1118	0
944	1118	0
945	1118	0
946	1118	0
947	1118	1
948	1118	0
949	1118	0
950	1118	0
952	1118	0
953	1118	1
954	1118	0
955	1118	0
956	1118	1
958	1118	1
959	1118	0
961	1118	0
962	1118	0
963	1118	1
964	1118	0
965	1118	1
967	1118	0
