0	1149	0
1	1149	0
2	1149	0
3	1149	1
4	1149	0
5	1149	0
6	1149	1
7	1149	0
8	1149	1
10	1149	0
11	1149	0
12	1149	0
13	1149	0
15	1149	0
16	1149	0
17	1149	0
18	1149	0
19	1149	1
20	1149	0
21	1149	0
22	1149	0
23	1149	0
24	1149	0
25	1149	1
27	1149	0
28	1149	0
29	1149	0
31	1149	0
32	1149	0
33	1149	0
34	1149	0
35	1149	0
36	1149	0
37	1149	0
38	1149	0
39	1149	0
40	1149	0
41	1149	0
42	1149	0
43	1149	0
44	1149	1
45	1149	0
47	1149	1
48	1149	0
49	1149	0
51	1149	0
53	1149	0
55	1149	0
56	1149	1
58	1149	0
59	1149	1
60	1149	0
61	1149	0
62	1149	0
63	1149	0
64	1149	1
66	1149	0
67	1149	0
68	1149	0
69	1149	0
70	1149	0
71	1149	0
72	1149	0
73	1149	0
74	1149	0
75	1149	0
77	1149	0
78	1149	1
79	1149	1
80	1149	0
81	1149	0
84	1149	1
85	1149	0
86	1149	0
87	1149	0
89	1149	0
90	1149	0
91	1149	0
92	1149	0
93	1149	0
94	1149	0
95	1149	0
96	1149	1
97	1149	0
98	1149	1
100	1149	1
101	1149	0
102	1149	0
103	1149	0
104	1149	0
105	1149	0
106	1149	0
107	1149	0
108	1149	0
109	1149	0
110	1149	0
111	1149	0
112	1149	0
113	1149	0
114	1149	0
115	1149	0
116	1149	0
117	1149	0
118	1149	0
120	1149	0
121	1149	0
124	1149	0
125	1149	0
129	1149	0
130	1149	0
131	1149	0
132	1149	0
133	1149	0
134	1149	0
135	1149	1
136	1149	0
137	1149	0
138	1149	0
139	1149	0
140	1149	0
141	1149	0
142	1149	0
143	1149	0
144	1149	0
145	1149	0
146	1149	0
147	1149	0
148	1149	1
149	1149	0
151	1149	0
152	1149	1
153	1149	0
154	1149	0
155	1149	0
156	1149	1
157	1149	0
158	1149	0
159	1149	0
160	1149	0
161	1149	0
162	1149	0
163	1149	0
164	1149	1
165	1149	0
166	1149	0
167	1149	0
168	1149	0
169	1149	0
170	1149	0
171	1149	0
172	1149	0
173	1149	0
174	1149	0
175	1149	0
177	1149	0
178	1149	0
179	1149	1
180	1149	1
181	1149	0
182	1149	0
183	1149	0
184	1149	0
185	1149	0
186	1149	1
187	1149	0
188	1149	0
189	1149	0
190	1149	0
191	1149	0
193	1149	0
194	1149	0
195	1149	0
196	1149	0
197	1149	1
198	1149	0
199	1149	0
200	1149	0
201	1149	1
202	1149	0
203	1149	0
204	1149	1
206	1149	0
207	1149	1
208	1149	0
209	1149	0
210	1149	0
211	1149	0
212	1149	0
213	1149	0
214	1149	1
215	1149	0
216	1149	0
217	1149	0
218	1149	0
219	1149	0
220	1149	1
221	1149	1
222	1149	0
224	1149	0
225	1149	0
227	1149	0
228	1149	0
229	1149	0
230	1149	0
232	1149	0
233	1149	0
235	1149	0
237	1149	0
238	1149	0
239	1149	0
240	1149	1
245	1149	0
246	1149	0
247	1149	0
248	1149	0
249	1149	1
250	1149	0
251	1149	0
252	1149	0
253	1149	0
254	1149	0
255	1149	0
256	1149	0
257	1149	0
258	1149	0
259	1149	0
260	1149	0
261	1149	0
262	1149	0
263	1149	0
264	1149	0
265	1149	1
266	1149	0
267	1149	0
268	1149	0
271	1149	0
272	1149	0
273	1149	0
274	1149	0
275	1149	0
276	1149	0
277	1149	0
280	1149	0
281	1149	0
282	1149	1
283	1149	0
284	1149	0
285	1149	0
286	1149	0
287	1149	0
288	1149	1
289	1149	1
290	1149	0
292	1149	0
293	1149	0
295	1149	0
296	1149	0
297	1149	0
298	1149	0
302	1149	0
303	1149	1
304	1149	0
305	1149	0
306	1149	0
308	1149	0
310	1149	0
311	1149	1
312	1149	1
313	1149	0
314	1149	0
315	1149	0
317	1149	0
318	1149	0
319	1149	0
321	1149	0
322	1149	0
323	1149	1
324	1149	0
325	1149	0
326	1149	0
327	1149	0
329	1149	0
330	1149	0
331	1149	1
332	1149	0
334	1149	0
336	1149	0
337	1149	0
338	1149	0
340	1149	0
341	1149	0
344	1149	0
345	1149	1
346	1149	0
347	1149	0
348	1149	0
349	1149	0
350	1149	0
351	1149	0
352	1149	0
353	1149	0
355	1149	0
356	1149	0
357	1149	1
358	1149	0
359	1149	0
360	1149	0
361	1149	0
362	1149	0
363	1149	1
364	1149	0
365	1149	0
366	1149	0
367	1149	1
369	1149	1
370	1149	1
371	1149	0
372	1149	1
373	1149	0
374	1149	0
375	1149	0
376	1149	0
377	1149	0
378	1149	1
379	1149	1
381	1149	0
382	1149	0
383	1149	0
384	1149	0
385	1149	0
386	1149	0
387	1149	0
388	1149	0
389	1149	0
390	1149	0
391	1149	0
392	1149	0
393	1149	0
395	1149	1
397	1149	0
398	1149	0
399	1149	0
401	1149	0
402	1149	0
403	1149	0
404	1149	0
405	1149	0
406	1149	0
407	1149	0
408	1149	0
409	1149	0
410	1149	0
412	1149	0
414	1149	1
415	1149	0
416	1149	0
418	1149	0
419	1149	0
420	1149	0
421	1149	1
422	1149	0
423	1149	1
424	1149	0
425	1149	0
426	1149	0
427	1149	0
428	1149	0
429	1149	0
430	1149	0
432	1149	0
434	1149	0
436	1149	0
437	1149	0
438	1149	0
439	1149	0
440	1149	0
441	1149	0
442	1149	0
444	1149	0
445	1149	0
446	1149	0
447	1149	0
449	1149	0
450	1149	0
451	1149	0
452	1149	0
453	1149	0
454	1149	0
455	1149	0
456	1149	0
457	1149	0
458	1149	0
459	1149	0
461	1149	0
462	1149	0
463	1149	0
464	1149	1
465	1149	0
466	1149	0
468	1149	0
469	1149	1
470	1149	0
471	1149	0
472	1149	0
473	1149	0
474	1149	0
475	1149	1
476	1149	0
477	1149	0
478	1149	0
479	1149	1
480	1149	0
481	1149	0
482	1149	0
483	1149	0
484	1149	1
486	1149	1
487	1149	0
488	1149	0
489	1149	1
490	1149	0
492	1149	0
493	1149	0
494	1149	0
496	1149	0
497	1149	1
498	1149	1
499	1149	0
500	1149	0
501	1149	1
502	1149	0
503	1149	0
504	1149	0
505	1149	0
506	1149	0
507	1149	1
508	1149	1
509	1149	0
510	1149	0
511	1149	0
512	1149	0
513	1149	0
514	1149	0
515	1149	0
516	1149	1
518	1149	0
519	1149	0
520	1149	0
521	1149	0
522	1149	0
523	1149	0
524	1149	0
525	1149	0
526	1149	0
527	1149	0
528	1149	0
530	1149	0
531	1149	0
533	1149	0
534	1149	0
535	1149	0
536	1149	0
538	1149	0
539	1149	0
541	1149	0
542	1149	0
543	1149	0
544	1149	0
545	1149	0
546	1149	0
547	1149	0
549	1149	0
550	1149	0
551	1149	0
553	1149	0
554	1149	0
555	1149	0
556	1149	0
557	1149	0
558	1149	0
559	1149	0
560	1149	0
561	1149	0
562	1149	0
563	1149	0
565	1149	0
566	1149	0
567	1149	0
568	1149	0
569	1149	0
571	1149	0
573	1149	0
574	1149	0
575	1149	0
576	1149	0
577	1149	0
578	1149	0
580	1149	0
583	1149	0
584	1149	0
585	1149	0
586	1149	0
587	1149	0
588	1149	0
589	1149	0
591	1149	0
593	1149	0
595	1149	0
596	1149	0
597	1149	0
598	1149	0
599	1149	0
600	1149	0
601	1149	0
602	1149	0
604	1149	0
605	1149	1
606	1149	0
607	1149	0
608	1149	0
609	1149	0
611	1149	0
612	1149	0
613	1149	0
614	1149	0
616	1149	0
617	1149	0
618	1149	0
619	1149	0
620	1149	0
621	1149	0
622	1149	0
624	1149	0
625	1149	0
626	1149	0
627	1149	0
628	1149	0
630	1149	0
632	1149	0
633	1149	0
634	1149	0
635	1149	0
636	1149	0
637	1149	0
638	1149	1
639	1149	0
640	1149	0
641	1149	0
642	1149	0
643	1149	0
644	1149	0
645	1149	0
646	1149	0
647	1149	0
648	1149	0
649	1149	0
650	1149	0
651	1149	1
652	1149	1
654	1149	0
655	1149	0
656	1149	0
657	1149	0
659	1149	0
660	1149	0
661	1149	0
662	1149	0
663	1149	0
664	1149	0
665	1149	1
666	1149	0
667	1149	0
668	1149	0
669	1149	0
670	1149	0
671	1149	0
672	1149	0
673	1149	0
674	1149	1
676	1149	0
677	1149	0
678	1149	0
679	1149	0
680	1149	1
681	1149	0
683	1149	0
684	1149	0
685	1149	0
686	1149	0
687	1149	1
688	1149	0
689	1149	0
690	1149	0
691	1149	0
692	1149	0
693	1149	0
694	1149	0
696	1149	0
697	1149	0
698	1149	0
699	1149	0
700	1149	0
701	1149	0
703	1149	0
705	1149	0
706	1149	0
707	1149	0
709	1149	1
710	1149	0
711	1149	0
712	1149	0
713	1149	0
714	1149	1
715	1149	0
717	1149	0
718	1149	0
719	1149	0
720	1149	0
721	1149	1
722	1149	0
723	1149	0
724	1149	0
725	1149	1
726	1149	1
727	1149	1
728	1149	0
729	1149	0
730	1149	0
732	1149	0
734	1149	0
735	1149	0
736	1149	0
737	1149	0
738	1149	0
739	1149	0
740	1149	1
741	1149	0
742	1149	0
743	1149	0
744	1149	0
745	1149	0
746	1149	1
747	1149	1
748	1149	0
749	1149	1
752	1149	0
753	1149	0
754	1149	1
755	1149	0
756	1149	0
757	1149	0
758	1149	0
759	1149	0
760	1149	0
762	1149	0
764	1149	0
765	1149	0
766	1149	0
767	1149	0
768	1149	1
769	1149	0
770	1149	0
771	1149	0
772	1149	0
773	1149	0
775	1149	0
776	1149	0
777	1149	0
778	1149	0
780	1149	0
781	1149	0
782	1149	1
783	1149	0
784	1149	1
786	1149	0
787	1149	0
788	1149	0
790	1149	0
791	1149	0
792	1149	0
793	1149	0
794	1149	0
795	1149	0
796	1149	0
797	1149	0
798	1149	0
799	1149	0
800	1149	0
801	1149	0
802	1149	1
803	1149	0
804	1149	0
806	1149	1
807	1149	0
808	1149	0
810	1149	0
811	1149	0
814	1149	1
816	1149	0
818	1149	0
819	1149	0
820	1149	0
822	1149	0
823	1149	1
824	1149	0
825	1149	0
826	1149	0
827	1149	0
830	1149	1
831	1149	0
832	1149	1
833	1149	1
835	1149	1
836	1149	0
837	1149	0
838	1149	1
839	1149	0
840	1149	0
843	1149	0
844	1149	0
845	1149	0
848	1149	0
849	1149	0
850	1149	0
851	1149	0
852	1149	0
853	1149	0
854	1149	0
855	1149	0
856	1149	0
857	1149	1
861	1149	0
862	1149	0
863	1149	1
864	1149	0
866	1149	0
867	1149	0
868	1149	0
869	1149	1
871	1149	0
873	1149	0
875	1149	0
876	1149	0
877	1149	0
878	1149	0
880	1149	0
881	1149	0
882	1149	0
883	1149	0
884	1149	0
885	1149	0
887	1149	0
888	1149	0
889	1149	0
890	1149	0
891	1149	0
892	1149	1
893	1149	0
894	1149	0
895	1149	0
896	1149	1
898	1149	0
899	1149	0
900	1149	1
901	1149	0
903	1149	0
904	1149	0
905	1149	0
907	1149	0
908	1149	0
909	1149	0
910	1149	0
911	1149	1
912	1149	0
913	1149	0
915	1149	0
916	1149	0
917	1149	0
918	1149	0
919	1149	0
920	1149	0
921	1149	0
922	1149	0
923	1149	1
924	1149	1
925	1149	0
926	1149	0
927	1149	0
928	1149	1
929	1149	0
934	1149	0
935	1149	0
936	1149	0
937	1149	0
939	1149	0
940	1149	0
941	1149	0
942	1149	1
943	1149	0
944	1149	0
945	1149	1
946	1149	0
948	1149	0
949	1149	0
950	1149	0
952	1149	0
953	1149	0
954	1149	0
955	1149	0
956	1149	1
957	1149	0
958	1149	0
959	1149	1
960	1149	0
961	1149	0
962	1149	0
963	1149	0
964	1149	0
965	1149	1
966	1149	0
967	1149	0
