0	1155	0
1	1155	0
2	1155	0
3	1155	0
4	1155	0
5	1155	0
6	1155	0
7	1155	0
8	1155	1
10	1155	0
11	1155	0
12	1155	0
13	1155	0
15	1155	0
16	1155	0
17	1155	0
18	1155	0
19	1155	0
20	1155	0
21	1155	1
22	1155	0
23	1155	0
24	1155	0
25	1155	0
27	1155	0
28	1155	0
29	1155	0
30	1155	0
31	1155	1
32	1155	0
33	1155	0
34	1155	0
35	1155	0
36	1155	0
37	1155	0
38	1155	0
39	1155	1
40	1155	0
41	1155	1
42	1155	0
43	1155	0
44	1155	0
45	1155	0
47	1155	0
48	1155	0
49	1155	0
51	1155	0
53	1155	0
55	1155	1
56	1155	0
58	1155	0
59	1155	1
60	1155	0
61	1155	0
62	1155	0
63	1155	0
64	1155	1
65	1155	0
66	1155	0
67	1155	0
68	1155	0
69	1155	0
70	1155	0
71	1155	0
72	1155	0
73	1155	0
74	1155	0
75	1155	0
77	1155	0
78	1155	0
79	1155	0
80	1155	0
81	1155	0
83	1155	0
84	1155	0
85	1155	0
86	1155	0
87	1155	0
89	1155	0
90	1155	0
91	1155	0
92	1155	0
93	1155	0
94	1155	0
95	1155	0
96	1155	1
97	1155	0
98	1155	1
100	1155	0
101	1155	0
102	1155	0
103	1155	0
104	1155	0
105	1155	0
106	1155	0
107	1155	0
108	1155	0
109	1155	0
110	1155	0
111	1155	0
112	1155	0
113	1155	0
114	1155	0
115	1155	0
116	1155	0
117	1155	0
118	1155	0
120	1155	0
121	1155	0
124	1155	0
125	1155	0
129	1155	0
130	1155	0
131	1155	0
132	1155	0
133	1155	0
134	1155	0
135	1155	0
136	1155	0
137	1155	0
138	1155	1
139	1155	0
140	1155	0
141	1155	0
142	1155	0
143	1155	0
144	1155	0
145	1155	0
146	1155	0
147	1155	0
148	1155	0
149	1155	0
150	1155	0
151	1155	0
152	1155	0
153	1155	0
154	1155	1
155	1155	0
156	1155	1
157	1155	0
158	1155	0
159	1155	0
160	1155	0
161	1155	0
162	1155	0
163	1155	0
164	1155	0
165	1155	0
166	1155	0
167	1155	0
168	1155	0
169	1155	0
170	1155	0
171	1155	0
172	1155	0
173	1155	0
174	1155	0
175	1155	0
177	1155	0
178	1155	0
179	1155	0
180	1155	0
181	1155	0
182	1155	0
183	1155	0
184	1155	0
185	1155	0
186	1155	0
187	1155	0
188	1155	1
189	1155	0
190	1155	1
191	1155	0
194	1155	0
195	1155	0
196	1155	0
197	1155	0
198	1155	0
199	1155	0
200	1155	0
201	1155	0
202	1155	0
203	1155	0
204	1155	0
206	1155	0
207	1155	0
208	1155	0
209	1155	0
210	1155	0
211	1155	0
212	1155	0
213	1155	0
214	1155	0
215	1155	0
216	1155	0
217	1155	0
218	1155	0
219	1155	0
220	1155	0
221	1155	0
222	1155	0
224	1155	0
225	1155	0
227	1155	0
228	1155	0
229	1155	0
230	1155	1
232	1155	0
233	1155	0
235	1155	0
237	1155	0
238	1155	0
239	1155	0
240	1155	0
245	1155	0
246	1155	0
247	1155	0
248	1155	0
249	1155	0
250	1155	0
251	1155	0
252	1155	0
253	1155	0
254	1155	1
255	1155	0
256	1155	0
257	1155	0
258	1155	0
259	1155	0
260	1155	0
261	1155	0
262	1155	0
263	1155	0
264	1155	0
265	1155	0
266	1155	0
267	1155	0
268	1155	0
271	1155	0
272	1155	0
273	1155	0
274	1155	0
275	1155	0
276	1155	0
277	1155	0
278	1155	0
280	1155	0
281	1155	0
282	1155	1
283	1155	0
284	1155	0
285	1155	0
286	1155	0
287	1155	0
288	1155	0
289	1155	0
290	1155	0
292	1155	0
293	1155	0
295	1155	0
296	1155	0
297	1155	0
298	1155	0
302	1155	0
303	1155	0
304	1155	0
305	1155	0
306	1155	0
308	1155	0
310	1155	0
311	1155	0
312	1155	0
313	1155	0
314	1155	0
315	1155	0
317	1155	0
318	1155	0
319	1155	0
321	1155	0
322	1155	0
323	1155	0
324	1155	0
325	1155	0
326	1155	0
327	1155	0
328	1155	0
329	1155	0
330	1155	0
331	1155	1
332	1155	0
333	1155	0
334	1155	0
336	1155	0
337	1155	0
338	1155	0
340	1155	0
341	1155	0
344	1155	0
345	1155	1
346	1155	0
347	1155	0
348	1155	0
349	1155	0
350	1155	0
351	1155	0
352	1155	0
353	1155	0
354	1155	0
355	1155	0
356	1155	0
357	1155	0
358	1155	0
359	1155	0
360	1155	0
361	1155	0
362	1155	0
363	1155	1
364	1155	1
365	1155	0
366	1155	0
367	1155	0
369	1155	0
370	1155	1
371	1155	1
372	1155	0
373	1155	0
374	1155	0
375	1155	1
376	1155	0
377	1155	0
378	1155	1
379	1155	1
381	1155	0
382	1155	0
383	1155	0
384	1155	0
385	1155	0
386	1155	0
387	1155	0
388	1155	0
389	1155	0
390	1155	0
391	1155	0
392	1155	0
393	1155	0
394	1155	1
395	1155	0
397	1155	0
398	1155	0
399	1155	0
401	1155	0
402	1155	0
403	1155	0
404	1155	1
405	1155	0
406	1155	0
407	1155	0
408	1155	0
409	1155	0
410	1155	0
412	1155	0
414	1155	0
415	1155	0
416	1155	0
417	1155	0
418	1155	0
419	1155	0
420	1155	0
421	1155	0
422	1155	0
423	1155	0
424	1155	1
425	1155	0
426	1155	1
427	1155	0
428	1155	0
429	1155	0
430	1155	0
431	1155	0
432	1155	0
434	1155	0
436	1155	0
437	1155	0
438	1155	0
439	1155	0
440	1155	0
441	1155	0
442	1155	0
444	1155	0
445	1155	0
446	1155	0
447	1155	0
449	1155	0
450	1155	0
451	1155	0
452	1155	0
453	1155	0
454	1155	0
455	1155	0
456	1155	0
457	1155	0
458	1155	0
459	1155	0
461	1155	0
462	1155	0
463	1155	0
464	1155	0
465	1155	0
466	1155	0
468	1155	0
469	1155	0
470	1155	0
471	1155	0
472	1155	0
473	1155	0
474	1155	0
475	1155	0
476	1155	0
477	1155	0
478	1155	0
479	1155	0
480	1155	0
481	1155	0
482	1155	0
483	1155	0
484	1155	0
486	1155	0
487	1155	0
488	1155	0
489	1155	0
490	1155	0
492	1155	0
493	1155	0
494	1155	0
496	1155	0
497	1155	1
498	1155	0
499	1155	0
500	1155	0
501	1155	0
502	1155	0
503	1155	1
504	1155	0
505	1155	0
506	1155	0
507	1155	0
508	1155	0
509	1155	1
510	1155	0
511	1155	0
512	1155	0
513	1155	0
514	1155	1
515	1155	0
516	1155	0
518	1155	0
519	1155	0
520	1155	1
521	1155	0
522	1155	0
523	1155	0
524	1155	0
525	1155	1
526	1155	0
527	1155	0
528	1155	0
530	1155	0
531	1155	0
533	1155	0
534	1155	0
535	1155	0
536	1155	0
538	1155	0
539	1155	0
541	1155	0
542	1155	0
543	1155	0
544	1155	0
545	1155	0
546	1155	0
547	1155	0
549	1155	0
550	1155	0
551	1155	0
553	1155	0
554	1155	0
555	1155	0
556	1155	0
557	1155	0
558	1155	1
559	1155	0
560	1155	0
561	1155	0
562	1155	0
563	1155	0
565	1155	0
566	1155	0
567	1155	0
568	1155	0
569	1155	0
571	1155	0
573	1155	0
574	1155	0
575	1155	0
576	1155	0
578	1155	0
580	1155	0
583	1155	0
584	1155	0
585	1155	0
586	1155	0
587	1155	0
588	1155	0
589	1155	0
591	1155	0
593	1155	0
595	1155	0
596	1155	0
597	1155	0
598	1155	0
599	1155	0
600	1155	0
601	1155	0
602	1155	0
604	1155	0
605	1155	0
606	1155	0
607	1155	0
608	1155	0
609	1155	0
611	1155	0
612	1155	0
613	1155	0
614	1155	0
616	1155	0
617	1155	0
618	1155	0
619	1155	0
620	1155	0
621	1155	0
622	1155	0
624	1155	0
625	1155	0
626	1155	0
627	1155	0
628	1155	0
630	1155	0
632	1155	0
633	1155	0
634	1155	0
635	1155	0
636	1155	0
637	1155	0
638	1155	0
639	1155	0
640	1155	0
641	1155	0
642	1155	0
643	1155	1
644	1155	0
645	1155	1
646	1155	0
647	1155	0
648	1155	0
649	1155	1
650	1155	0
651	1155	0
652	1155	1
654	1155	0
655	1155	0
656	1155	0
657	1155	0
659	1155	0
660	1155	0
661	1155	0
662	1155	0
663	1155	0
664	1155	0
665	1155	1
666	1155	0
667	1155	0
668	1155	1
669	1155	0
670	1155	1
671	1155	0
672	1155	1
673	1155	0
674	1155	0
676	1155	0
677	1155	0
678	1155	0
679	1155	0
680	1155	0
681	1155	0
683	1155	0
684	1155	0
685	1155	0
686	1155	0
687	1155	0
688	1155	0
689	1155	0
690	1155	0
691	1155	0
692	1155	0
693	1155	0
694	1155	0
695	1155	0
696	1155	0
697	1155	0
698	1155	0
699	1155	0
700	1155	0
701	1155	0
703	1155	0
705	1155	0
706	1155	0
707	1155	0
709	1155	0
710	1155	1
711	1155	0
712	1155	0
713	1155	0
714	1155	0
715	1155	1
717	1155	0
718	1155	0
719	1155	0
720	1155	0
721	1155	1
722	1155	0
723	1155	0
724	1155	0
725	1155	0
726	1155	0
727	1155	0
728	1155	0
729	1155	1
730	1155	0
732	1155	0
734	1155	0
735	1155	0
736	1155	0
737	1155	0
738	1155	0
739	1155	0
740	1155	0
741	1155	0
742	1155	0
743	1155	0
744	1155	0
745	1155	0
746	1155	0
747	1155	0
748	1155	0
749	1155	1
752	1155	0
753	1155	0
754	1155	0
755	1155	0
756	1155	0
757	1155	0
758	1155	0
759	1155	0
760	1155	0
762	1155	0
764	1155	0
765	1155	0
766	1155	0
767	1155	0
768	1155	0
769	1155	0
770	1155	0
771	1155	1
772	1155	0
773	1155	0
775	1155	0
776	1155	0
777	1155	1
778	1155	0
780	1155	0
781	1155	0
782	1155	0
783	1155	0
784	1155	0
786	1155	0
787	1155	1
788	1155	0
790	1155	0
791	1155	0
792	1155	0
793	1155	0
794	1155	0
795	1155	0
796	1155	0
797	1155	0
798	1155	0
799	1155	0
800	1155	0
801	1155	0
802	1155	0
803	1155	0
804	1155	0
806	1155	1
807	1155	0
808	1155	0
810	1155	0
811	1155	0
814	1155	1
816	1155	1
818	1155	0
819	1155	0
820	1155	0
822	1155	0
823	1155	0
824	1155	0
825	1155	0
826	1155	0
827	1155	0
830	1155	0
831	1155	0
832	1155	1
833	1155	1
835	1155	0
836	1155	0
837	1155	0
838	1155	0
839	1155	0
840	1155	0
843	1155	0
844	1155	0
845	1155	0
848	1155	0
849	1155	0
850	1155	0
851	1155	0
852	1155	0
853	1155	0
854	1155	0
855	1155	0
856	1155	1
857	1155	0
861	1155	0
862	1155	0
863	1155	0
864	1155	0
866	1155	0
867	1155	0
868	1155	0
869	1155	0
871	1155	0
873	1155	0
875	1155	0
876	1155	0
877	1155	0
878	1155	0
880	1155	0
881	1155	0
882	1155	0
883	1155	0
884	1155	0
885	1155	0
887	1155	0
888	1155	0
889	1155	0
890	1155	0
891	1155	0
892	1155	0
893	1155	0
894	1155	0
895	1155	0
896	1155	0
897	1155	0
898	1155	0
899	1155	0
900	1155	0
901	1155	0
903	1155	0
904	1155	0
905	1155	0
907	1155	0
908	1155	0
909	1155	0
910	1155	0
911	1155	0
912	1155	0
913	1155	0
915	1155	0
916	1155	0
917	1155	0
918	1155	0
919	1155	0
920	1155	0
921	1155	0
922	1155	0
923	1155	0
924	1155	1
925	1155	0
926	1155	0
927	1155	0
928	1155	0
929	1155	0
934	1155	1
935	1155	0
936	1155	0
937	1155	0
939	1155	0
940	1155	0
941	1155	0
942	1155	1
943	1155	0
944	1155	0
945	1155	0
946	1155	0
948	1155	0
949	1155	0
950	1155	0
952	1155	0
953	1155	0
954	1155	0
955	1155	0
956	1155	0
957	1155	0
958	1155	0
959	1155	0
960	1155	0
961	1155	0
962	1155	0
963	1155	0
964	1155	0
965	1155	0
966	1155	0
967	1155	1
