0	1107	0
1	1107	0
2	1107	0
3	1107	0
4	1107	0
5	1107	0
6	1107	0
7	1107	0
8	1107	0
9	1107	1
10	1107	0
11	1107	0
12	1107	0
13	1107	0
14	1107	1
15	1107	0
16	1107	0
17	1107	0
18	1107	0
19	1107	0
20	1107	0
21	1107	0
22	1107	0
23	1107	0
24	1107	0
26	1107	0
27	1107	0
28	1107	0
29	1107	0
30	1107	0
31	1107	0
32	1107	1
33	1107	0
34	1107	0
35	1107	0
36	1107	0
37	1107	0
38	1107	0
39	1107	0
40	1107	0
42	1107	0
43	1107	0
44	1107	0
45	1107	0
46	1107	0
47	1107	1
48	1107	0
49	1107	0
50	1107	0
51	1107	0
52	1107	0
53	1107	0
54	1107	0
55	1107	0
56	1107	0
57	1107	0
58	1107	0
59	1107	0
60	1107	0
61	1107	0
62	1107	0
64	1107	1
65	1107	0
66	1107	0
67	1107	0
68	1107	0
69	1107	0
70	1107	0
71	1107	0
72	1107	0
73	1107	0
74	1107	0
75	1107	0
76	1107	0
77	1107	0
78	1107	0
79	1107	0
80	1107	0
81	1107	0
82	1107	0
83	1107	0
84	1107	0
85	1107	0
86	1107	0
87	1107	0
88	1107	0
89	1107	0
90	1107	0
91	1107	0
92	1107	0
93	1107	0
94	1107	0
95	1107	0
96	1107	0
97	1107	0
98	1107	1
99	1107	0
100	1107	0
101	1107	0
102	1107	0
103	1107	0
104	1107	0
105	1107	0
106	1107	0
109	1107	1
111	1107	0
112	1107	0
113	1107	0
114	1107	0
115	1107	0
116	1107	0
117	1107	0
118	1107	0
119	1107	1
120	1107	0
121	1107	0
122	1107	0
123	1107	0
124	1107	0
125	1107	1
126	1107	0
127	1107	0
129	1107	0
130	1107	0
131	1107	0
132	1107	0
133	1107	0
134	1107	0
136	1107	0
137	1107	0
138	1107	1
139	1107	0
140	1107	1
141	1107	0
142	1107	0
143	1107	0
144	1107	0
145	1107	0
146	1107	0
147	1107	0
148	1107	0
149	1107	0
150	1107	0
151	1107	1
152	1107	0
153	1107	0
154	1107	1
155	1107	0
156	1107	0
157	1107	0
158	1107	1
159	1107	0
160	1107	1
161	1107	0
162	1107	0
163	1107	1
165	1107	0
166	1107	0
167	1107	0
168	1107	0
169	1107	0
170	1107	0
171	1107	0
172	1107	1
173	1107	0
174	1107	0
175	1107	0
177	1107	0
178	1107	0
179	1107	0
180	1107	0
182	1107	0
183	1107	0
184	1107	1
185	1107	0
186	1107	0
187	1107	0
188	1107	1
189	1107	0
190	1107	0
191	1107	1
192	1107	0
193	1107	0
194	1107	1
195	1107	0
196	1107	1
197	1107	0
198	1107	0
199	1107	0
200	1107	0
201	1107	0
202	1107	0
203	1107	0
204	1107	0
206	1107	0
207	1107	0
208	1107	0
210	1107	0
211	1107	0
212	1107	0
213	1107	0
214	1107	0
215	1107	0
216	1107	0
217	1107	0
218	1107	0
219	1107	0
220	1107	0
222	1107	0
223	1107	0
224	1107	0
225	1107	0
226	1107	0
227	1107	1
228	1107	0
229	1107	0
230	1107	0
231	1107	0
232	1107	1
233	1107	0
234	1107	0
235	1107	0
236	1107	0
237	1107	0
238	1107	0
239	1107	0
240	1107	0
241	1107	0
242	1107	0
244	1107	0
245	1107	0
246	1107	0
247	1107	0
248	1107	0
249	1107	0
250	1107	0
251	1107	0
252	1107	0
253	1107	0
254	1107	0
255	1107	0
256	1107	0
258	1107	0
259	1107	0
260	1107	0
261	1107	0
262	1107	0
263	1107	0
264	1107	0
265	1107	0
266	1107	0
267	1107	0
268	1107	0
269	1107	0
270	1107	0
271	1107	0
272	1107	0
274	1107	0
275	1107	0
276	1107	0
277	1107	0
278	1107	0
279	1107	0
280	1107	1
281	1107	0
282	1107	0
283	1107	0
284	1107	0
285	1107	0
286	1107	0
287	1107	0
288	1107	0
289	1107	0
290	1107	0
291	1107	0
292	1107	1
293	1107	0
294	1107	0
295	1107	0
296	1107	0
297	1107	0
298	1107	0
299	1107	0
300	1107	0
301	1107	0
302	1107	0
303	1107	0
304	1107	0
305	1107	0
306	1107	0
307	1107	1
308	1107	0
309	1107	0
310	1107	0
311	1107	0
312	1107	0
313	1107	0
314	1107	0
315	1107	0
316	1107	0
317	1107	0
318	1107	0
319	1107	0
320	1107	0
321	1107	0
322	1107	0
323	1107	0
324	1107	0
325	1107	0
326	1107	0
327	1107	0
328	1107	0
329	1107	0
330	1107	0
331	1107	0
333	1107	0
335	1107	0
336	1107	0
337	1107	0
338	1107	0
339	1107	0
340	1107	1
341	1107	0
342	1107	0
343	1107	0
344	1107	0
346	1107	0
347	1107	0
348	1107	0
349	1107	0
350	1107	1
351	1107	0
352	1107	0
354	1107	1
355	1107	0
357	1107	0
358	1107	0
359	1107	1
360	1107	0
361	1107	1
363	1107	1
364	1107	0
365	1107	1
366	1107	0
367	1107	0
368	1107	0
370	1107	1
371	1107	0
372	1107	0
373	1107	1
374	1107	1
375	1107	1
377	1107	1
378	1107	0
379	1107	0
380	1107	1
381	1107	0
382	1107	0
383	1107	0
384	1107	0
385	1107	0
386	1107	0
387	1107	0
388	1107	0
389	1107	0
390	1107	1
391	1107	0
393	1107	0
394	1107	0
395	1107	1
396	1107	0
398	1107	0
399	1107	0
400	1107	0
401	1107	0
402	1107	0
403	1107	0
404	1107	1
405	1107	0
406	1107	0
407	1107	0
408	1107	0
409	1107	0
410	1107	0
411	1107	0
412	1107	0
413	1107	0
414	1107	0
415	1107	0
416	1107	0
417	1107	0
418	1107	0
419	1107	0
420	1107	0
421	1107	1
422	1107	0
423	1107	0
424	1107	1
425	1107	0
426	1107	0
427	1107	0
428	1107	0
429	1107	0
431	1107	0
432	1107	0
433	1107	0
434	1107	0
435	1107	1
436	1107	0
437	1107	0
438	1107	1
439	1107	1
440	1107	0
441	1107	0
442	1107	0
443	1107	0
444	1107	0
445	1107	0
446	1107	0
447	1107	0
448	1107	0
449	1107	1
450	1107	0
451	1107	0
452	1107	0
453	1107	0
454	1107	0
455	1107	0
456	1107	0
457	1107	1
458	1107	0
459	1107	0
460	1107	0
461	1107	0
462	1107	0
463	1107	0
464	1107	0
465	1107	0
466	1107	0
467	1107	0
468	1107	0
469	1107	0
470	1107	0
471	1107	0
472	1107	0
473	1107	0
474	1107	0
475	1107	0
476	1107	0
477	1107	0
478	1107	1
480	1107	0
481	1107	0
482	1107	0
483	1107	0
484	1107	0
485	1107	0
486	1107	0
487	1107	0
489	1107	0
490	1107	0
491	1107	0
492	1107	0
493	1107	0
495	1107	0
496	1107	0
497	1107	0
499	1107	0
500	1107	0
501	1107	0
502	1107	0
503	1107	1
505	1107	1
506	1107	1
508	1107	0
509	1107	0
510	1107	0
511	1107	0
512	1107	0
513	1107	0
514	1107	0
515	1107	0
516	1107	1
517	1107	0
518	1107	1
519	1107	0
520	1107	0
521	1107	0
522	1107	1
523	1107	0
524	1107	0
525	1107	0
526	1107	1
527	1107	0
528	1107	0
529	1107	1
531	1107	0
533	1107	0
534	1107	0
536	1107	0
537	1107	0
538	1107	0
540	1107	0
541	1107	0
542	1107	0
543	1107	0
544	1107	0
546	1107	0
547	1107	0
548	1107	0
549	1107	0
550	1107	0
551	1107	0
553	1107	0
554	1107	0
555	1107	0
556	1107	0
557	1107	0
558	1107	1
559	1107	0
560	1107	0
561	1107	0
562	1107	0
563	1107	0
564	1107	0
565	1107	0
566	1107	0
567	1107	0
568	1107	0
569	1107	0
570	1107	0
571	1107	0
572	1107	0
574	1107	0
575	1107	0
576	1107	0
577	1107	0
578	1107	0
579	1107	0
580	1107	0
582	1107	0
583	1107	0
584	1107	0
585	1107	0
586	1107	0
587	1107	0
588	1107	0
589	1107	0
590	1107	0
591	1107	0
592	1107	1
593	1107	0
594	1107	0
595	1107	0
596	1107	0
597	1107	0
598	1107	0
599	1107	0
600	1107	0
601	1107	0
602	1107	0
604	1107	0
605	1107	0
606	1107	0
607	1107	0
608	1107	0
609	1107	0
611	1107	0
612	1107	1
613	1107	0
614	1107	0
615	1107	0
616	1107	0
617	1107	0
618	1107	0
619	1107	0
620	1107	0
621	1107	1
622	1107	0
624	1107	0
625	1107	0
626	1107	0
627	1107	0
628	1107	0
630	1107	0
631	1107	0
632	1107	0
633	1107	0
635	1107	0
636	1107	1
637	1107	0
640	1107	0
641	1107	0
642	1107	0
643	1107	0
644	1107	0
645	1107	0
646	1107	0
647	1107	0
648	1107	0
649	1107	0
650	1107	1
651	1107	0
652	1107	0
653	1107	0
654	1107	0
655	1107	0
656	1107	0
657	1107	0
658	1107	0
659	1107	0
660	1107	0
661	1107	0
662	1107	0
663	1107	0
664	1107	0
667	1107	1
668	1107	0
669	1107	0
670	1107	0
671	1107	0
672	1107	0
673	1107	0
674	1107	0
675	1107	0
676	1107	0
677	1107	0
678	1107	0
679	1107	0
680	1107	0
681	1107	0
682	1107	0
683	1107	0
684	1107	0
685	1107	0
686	1107	0
687	1107	0
688	1107	0
689	1107	0
690	1107	0
691	1107	0
692	1107	0
693	1107	0
694	1107	1
695	1107	0
696	1107	0
697	1107	0
698	1107	0
699	1107	0
700	1107	0
701	1107	0
702	1107	0
703	1107	0
704	1107	0
705	1107	0
706	1107	0
707	1107	0
708	1107	0
709	1107	0
710	1107	0
711	1107	0
712	1107	0
713	1107	0
714	1107	0
715	1107	0
716	1107	0
717	1107	0
718	1107	0
719	1107	0
720	1107	0
721	1107	0
722	1107	0
723	1107	0
724	1107	0
725	1107	0
726	1107	1
727	1107	1
728	1107	0
730	1107	0
731	1107	0
732	1107	0
733	1107	0
734	1107	0
735	1107	0
736	1107	0
737	1107	0
738	1107	0
739	1107	0
740	1107	0
741	1107	0
742	1107	0
743	1107	0
744	1107	0
745	1107	0
746	1107	0
747	1107	0
748	1107	1
749	1107	0
750	1107	0
751	1107	0
752	1107	0
753	1107	0
754	1107	0
755	1107	0
756	1107	0
757	1107	0
758	1107	0
759	1107	1
760	1107	0
761	1107	0
762	1107	0
763	1107	0
764	1107	0
765	1107	0
767	1107	0
768	1107	0
769	1107	0
770	1107	0
771	1107	0
772	1107	0
773	1107	0
774	1107	0
775	1107	0
776	1107	0
777	1107	0
778	1107	0
779	1107	0
780	1107	0
782	1107	0
783	1107	0
784	1107	0
785	1107	0
786	1107	0
787	1107	0
788	1107	0
789	1107	0
790	1107	0
791	1107	0
793	1107	0
794	1107	0
795	1107	0
796	1107	0
797	1107	0
798	1107	0
799	1107	0
800	1107	0
801	1107	0
802	1107	0
803	1107	0
804	1107	0
806	1107	0
807	1107	0
808	1107	0
809	1107	0
810	1107	0
811	1107	0
812	1107	0
813	1107	1
814	1107	0
816	1107	0
817	1107	0
818	1107	0
819	1107	0
820	1107	0
821	1107	0
822	1107	0
823	1107	0
824	1107	0
825	1107	0
826	1107	0
827	1107	0
828	1107	0
829	1107	0
830	1107	1
831	1107	0
832	1107	0
833	1107	0
834	1107	0
835	1107	0
836	1107	0
837	1107	1
839	1107	0
840	1107	0
841	1107	0
842	1107	0
843	1107	0
844	1107	0
845	1107	0
846	1107	0
847	1107	0
848	1107	0
849	1107	0
850	1107	0
851	1107	0
852	1107	0
853	1107	0
854	1107	0
855	1107	0
856	1107	0
857	1107	0
858	1107	0
859	1107	0
860	1107	0
861	1107	0
862	1107	0
863	1107	0
864	1107	0
865	1107	0
866	1107	0
867	1107	0
868	1107	0
869	1107	0
870	1107	0
872	1107	0
873	1107	0
874	1107	0
875	1107	0
876	1107	0
877	1107	0
878	1107	0
879	1107	0
880	1107	0
881	1107	0
882	1107	0
883	1107	0
884	1107	0
885	1107	0
886	1107	0
887	1107	0
888	1107	1
889	1107	0
890	1107	0
891	1107	0
892	1107	0
893	1107	0
894	1107	0
895	1107	1
896	1107	0
897	1107	0
898	1107	0
900	1107	0
901	1107	0
902	1107	0
903	1107	0
904	1107	0
905	1107	0
906	1107	0
907	1107	0
908	1107	0
909	1107	0
910	1107	0
911	1107	0
912	1107	1
913	1107	0
914	1107	0
916	1107	0
917	1107	0
918	1107	1
919	1107	0
920	1107	0
921	1107	1
922	1107	1
923	1107	1
924	1107	0
925	1107	0
926	1107	0
927	1107	0
928	1107	0
930	1107	1
931	1107	0
933	1107	1
934	1107	0
935	1107	0
936	1107	0
937	1107	1
938	1107	0
939	1107	0
940	1107	0
941	1107	0
942	1107	1
943	1107	0
944	1107	0
945	1107	0
946	1107	0
947	1107	0
948	1107	0
949	1107	1
950	1107	0
952	1107	0
953	1107	0
954	1107	0
955	1107	0
956	1107	0
958	1107	0
959	1107	0
961	1107	0
962	1107	0
963	1107	1
964	1107	0
965	1107	1
967	1107	0
