0	1134	0
1	1134	0
3	1134	0
5	1134	0
6	1134	0
7	1134	0
8	1134	0
9	1134	0
10	1134	0
11	1134	0
12	1134	0
13	1134	0
14	1134	0
15	1134	0
16	1134	0
17	1134	1
18	1134	0
19	1134	0
20	1134	0
21	1134	0
22	1134	0
23	1134	1
24	1134	0
26	1134	0
27	1134	0
28	1134	0
29	1134	0
30	1134	0
31	1134	1
32	1134	0
33	1134	0
34	1134	0
35	1134	0
36	1134	0
37	1134	0
38	1134	0
39	1134	0
40	1134	0
42	1134	0
43	1134	0
44	1134	0
45	1134	0
46	1134	0
47	1134	1
48	1134	0
49	1134	0
50	1134	0
51	1134	0
52	1134	0
53	1134	0
54	1134	0
55	1134	0
56	1134	0
57	1134	0
58	1134	0
59	1134	1
60	1134	0
61	1134	0
62	1134	0
64	1134	0
65	1134	0
66	1134	0
67	1134	0
68	1134	0
69	1134	0
70	1134	0
71	1134	1
72	1134	0
73	1134	0
74	1134	0
75	1134	0
77	1134	0
78	1134	0
79	1134	0
80	1134	0
81	1134	0
82	1134	0
84	1134	0
85	1134	0
86	1134	0
87	1134	0
88	1134	0
89	1134	0
90	1134	0
91	1134	0
92	1134	0
93	1134	0
94	1134	0
95	1134	0
96	1134	0
97	1134	0
98	1134	0
99	1134	0
100	1134	1
101	1134	0
102	1134	0
103	1134	0
104	1134	0
105	1134	0
106	1134	0
109	1134	1
111	1134	0
112	1134	0
113	1134	0
114	1134	0
115	1134	0
116	1134	0
117	1134	0
118	1134	0
119	1134	0
120	1134	0
121	1134	0
122	1134	0
123	1134	0
124	1134	0
125	1134	0
126	1134	0
127	1134	0
129	1134	0
130	1134	0
131	1134	0
132	1134	0
133	1134	0
134	1134	0
136	1134	0
137	1134	0
138	1134	0
139	1134	0
140	1134	0
141	1134	0
142	1134	0
143	1134	0
144	1134	0
145	1134	0
146	1134	0
147	1134	0
148	1134	0
149	1134	0
150	1134	0
151	1134	1
152	1134	0
153	1134	0
154	1134	1
155	1134	0
156	1134	0
157	1134	0
158	1134	0
159	1134	0
160	1134	1
161	1134	0
162	1134	0
163	1134	1
165	1134	0
166	1134	0
167	1134	0
168	1134	0
169	1134	0
170	1134	0
171	1134	0
172	1134	0
173	1134	0
174	1134	0
175	1134	0
177	1134	1
178	1134	0
179	1134	0
180	1134	0
182	1134	1
183	1134	0
184	1134	0
185	1134	0
186	1134	0
187	1134	0
188	1134	1
189	1134	0
190	1134	0
191	1134	1
192	1134	0
193	1134	0
194	1134	1
195	1134	0
196	1134	1
197	1134	1
198	1134	0
199	1134	0
200	1134	0
201	1134	0
202	1134	0
203	1134	1
204	1134	0
206	1134	1
207	1134	0
208	1134	1
210	1134	0
211	1134	1
212	1134	1
213	1134	0
214	1134	1
215	1134	0
216	1134	0
217	1134	0
218	1134	0
219	1134	0
220	1134	0
222	1134	0
223	1134	0
224	1134	0
225	1134	0
226	1134	0
227	1134	0
228	1134	1
229	1134	0
230	1134	0
231	1134	1
232	1134	1
233	1134	0
234	1134	0
235	1134	0
236	1134	0
237	1134	0
238	1134	0
239	1134	0
240	1134	0
241	1134	0
242	1134	0
244	1134	0
245	1134	0
247	1134	0
249	1134	0
250	1134	0
251	1134	0
252	1134	0
253	1134	0
254	1134	0
255	1134	1
256	1134	0
258	1134	0
259	1134	0
260	1134	0
261	1134	0
262	1134	0
263	1134	0
264	1134	0
265	1134	0
266	1134	0
267	1134	0
268	1134	0
269	1134	0
270	1134	0
271	1134	0
272	1134	0
273	1134	0
274	1134	0
275	1134	0
276	1134	0
277	1134	0
278	1134	1
279	1134	0
280	1134	0
281	1134	0
282	1134	0
283	1134	0
284	1134	0
285	1134	0
286	1134	0
287	1134	0
288	1134	0
289	1134	1
290	1134	0
291	1134	0
293	1134	0
294	1134	0
295	1134	0
296	1134	0
297	1134	0
298	1134	0
299	1134	0
300	1134	0
301	1134	0
302	1134	0
303	1134	0
304	1134	0
305	1134	0
306	1134	0
307	1134	0
308	1134	0
309	1134	0
310	1134	0
311	1134	0
312	1134	0
313	1134	0
314	1134	0
315	1134	0
316	1134	0
317	1134	0
318	1134	0
319	1134	0
320	1134	0
321	1134	0
322	1134	0
323	1134	0
324	1134	0
325	1134	0
326	1134	0
327	1134	0
328	1134	1
329	1134	0
330	1134	0
331	1134	0
335	1134	0
336	1134	0
337	1134	0
338	1134	0
339	1134	0
340	1134	0
342	1134	0
343	1134	0
344	1134	0
346	1134	0
347	1134	0
348	1134	0
349	1134	0
350	1134	0
351	1134	0
352	1134	0
354	1134	0
355	1134	0
357	1134	0
358	1134	0
359	1134	0
360	1134	0
361	1134	1
363	1134	0
364	1134	0
365	1134	0
366	1134	0
368	1134	0
371	1134	0
372	1134	0
373	1134	0
374	1134	1
377	1134	1
378	1134	0
379	1134	0
380	1134	0
381	1134	0
382	1134	0
383	1134	0
384	1134	0
385	1134	0
386	1134	0
387	1134	0
388	1134	0
389	1134	0
390	1134	1
391	1134	0
393	1134	0
394	1134	0
395	1134	1
396	1134	0
398	1134	0
399	1134	0
400	1134	0
401	1134	0
402	1134	0
403	1134	0
404	1134	1
405	1134	0
406	1134	0
407	1134	0
408	1134	0
409	1134	0
410	1134	0
411	1134	0
412	1134	0
413	1134	0
414	1134	0
415	1134	0
416	1134	0
417	1134	0
418	1134	0
419	1134	0
420	1134	0
421	1134	1
422	1134	0
423	1134	0
424	1134	0
425	1134	0
426	1134	0
427	1134	0
428	1134	0
429	1134	0
431	1134	0
432	1134	0
433	1134	0
434	1134	0
435	1134	0
436	1134	1
437	1134	0
438	1134	0
439	1134	0
440	1134	0
441	1134	0
442	1134	0
443	1134	0
444	1134	0
445	1134	0
446	1134	0
447	1134	0
448	1134	0
449	1134	0
450	1134	0
451	1134	0
452	1134	0
453	1134	0
454	1134	0
455	1134	0
456	1134	0
457	1134	0
458	1134	0
459	1134	0
460	1134	0
461	1134	0
462	1134	0
463	1134	0
464	1134	0
465	1134	0
466	1134	0
467	1134	0
468	1134	0
469	1134	0
470	1134	0
471	1134	0
472	1134	0
473	1134	0
474	1134	0
475	1134	0
476	1134	0
477	1134	0
478	1134	0
480	1134	1
481	1134	0
482	1134	0
483	1134	0
484	1134	0
485	1134	0
486	1134	0
487	1134	0
489	1134	1
490	1134	0
491	1134	0
492	1134	0
493	1134	0
495	1134	0
496	1134	1
497	1134	1
500	1134	0
501	1134	0
502	1134	0
503	1134	1
505	1134	1
506	1134	0
508	1134	0
509	1134	1
510	1134	0
511	1134	0
512	1134	0
513	1134	0
514	1134	1
515	1134	0
516	1134	0
517	1134	0
518	1134	1
519	1134	1
520	1134	1
521	1134	0
522	1134	0
523	1134	0
524	1134	0
525	1134	0
526	1134	0
527	1134	0
528	1134	0
529	1134	0
531	1134	0
533	1134	1
534	1134	0
536	1134	0
537	1134	0
538	1134	0
540	1134	0
541	1134	0
542	1134	0
543	1134	0
544	1134	0
546	1134	0
547	1134	0
548	1134	0
549	1134	0
550	1134	0
551	1134	0
553	1134	0
554	1134	0
556	1134	0
557	1134	0
558	1134	0
559	1134	0
560	1134	0
561	1134	0
562	1134	0
563	1134	0
564	1134	0
565	1134	0
566	1134	0
567	1134	0
568	1134	0
569	1134	0
570	1134	0
571	1134	0
572	1134	0
573	1134	0
574	1134	0
575	1134	0
576	1134	0
577	1134	0
578	1134	0
579	1134	0
580	1134	0
582	1134	0
583	1134	0
584	1134	0
585	1134	1
586	1134	0
587	1134	0
588	1134	0
589	1134	0
590	1134	0
591	1134	0
592	1134	0
593	1134	0
594	1134	0
595	1134	0
596	1134	0
597	1134	0
598	1134	0
599	1134	0
600	1134	0
601	1134	0
602	1134	0
604	1134	0
605	1134	1
606	1134	0
607	1134	0
608	1134	0
609	1134	0
611	1134	0
612	1134	1
613	1134	0
614	1134	0
615	1134	0
616	1134	0
617	1134	0
618	1134	0
619	1134	0
620	1134	0
621	1134	0
622	1134	0
624	1134	1
625	1134	0
626	1134	0
627	1134	0
628	1134	0
630	1134	0
632	1134	0
633	1134	0
635	1134	0
636	1134	0
637	1134	1
640	1134	0
641	1134	0
642	1134	0
643	1134	0
644	1134	0
645	1134	1
646	1134	0
647	1134	0
648	1134	0
649	1134	0
650	1134	0
651	1134	0
652	1134	1
653	1134	0
654	1134	0
655	1134	0
656	1134	0
657	1134	0
658	1134	0
659	1134	0
660	1134	0
661	1134	1
662	1134	1
663	1134	0
664	1134	1
666	1134	0
667	1134	1
668	1134	0
669	1134	0
670	1134	0
671	1134	0
673	1134	0
674	1134	0
675	1134	0
676	1134	0
677	1134	0
678	1134	0
679	1134	0
680	1134	0
681	1134	0
682	1134	0
683	1134	0
684	1134	0
685	1134	0
686	1134	0
687	1134	0
688	1134	0
689	1134	0
690	1134	0
691	1134	0
692	1134	1
693	1134	0
694	1134	0
695	1134	0
696	1134	0
697	1134	0
698	1134	0
699	1134	0
700	1134	0
701	1134	0
702	1134	0
703	1134	0
704	1134	0
705	1134	0
706	1134	0
707	1134	0
708	1134	0
709	1134	0
710	1134	0
711	1134	0
712	1134	0
713	1134	0
714	1134	0
715	1134	1
716	1134	0
717	1134	0
718	1134	0
719	1134	0
720	1134	0
721	1134	0
722	1134	0
723	1134	0
724	1134	0
725	1134	0
726	1134	0
727	1134	0
728	1134	0
730	1134	0
731	1134	0
732	1134	0
733	1134	0
734	1134	0
735	1134	0
736	1134	0
737	1134	0
738	1134	0
739	1134	0
740	1134	0
741	1134	0
742	1134	0
743	1134	0
744	1134	0
745	1134	0
746	1134	0
747	1134	0
748	1134	0
749	1134	1
750	1134	1
751	1134	0
752	1134	0
753	1134	0
754	1134	0
755	1134	0
756	1134	0
757	1134	0
758	1134	0
759	1134	1
760	1134	0
761	1134	0
762	1134	0
763	1134	0
764	1134	0
765	1134	0
767	1134	0
768	1134	0
769	1134	0
770	1134	0
771	1134	0
772	1134	0
773	1134	0
774	1134	1
775	1134	0
776	1134	0
777	1134	0
778	1134	0
779	1134	0
780	1134	0
782	1134	0
783	1134	0
784	1134	0
785	1134	0
786	1134	0
787	1134	0
788	1134	0
789	1134	0
790	1134	0
791	1134	0
793	1134	0
794	1134	0
795	1134	0
796	1134	0
797	1134	0
798	1134	0
799	1134	0
800	1134	0
801	1134	0
802	1134	0
803	1134	0
804	1134	0
807	1134	0
808	1134	1
809	1134	0
810	1134	0
811	1134	0
812	1134	0
813	1134	0
814	1134	0
816	1134	0
818	1134	0
819	1134	0
820	1134	0
821	1134	0
822	1134	0
823	1134	0
824	1134	0
825	1134	0
826	1134	0
827	1134	1
828	1134	0
829	1134	0
830	1134	0
831	1134	0
832	1134	0
833	1134	0
834	1134	0
835	1134	0
836	1134	0
837	1134	0
839	1134	0
840	1134	0
841	1134	0
842	1134	0
843	1134	0
844	1134	0
845	1134	0
846	1134	0
847	1134	0
848	1134	0
849	1134	0
850	1134	0
851	1134	0
853	1134	0
854	1134	0
855	1134	0
856	1134	0
857	1134	0
858	1134	0
859	1134	0
860	1134	0
861	1134	0
862	1134	0
863	1134	0
864	1134	0
865	1134	0
866	1134	0
867	1134	0
868	1134	0
869	1134	0
870	1134	1
872	1134	0
873	1134	0
874	1134	0
875	1134	0
876	1134	0
877	1134	0
878	1134	0
879	1134	0
880	1134	0
881	1134	0
882	1134	0
883	1134	0
884	1134	0
885	1134	0
886	1134	0
887	1134	0
888	1134	0
889	1134	0
890	1134	0
891	1134	0
892	1134	0
893	1134	0
895	1134	1
896	1134	0
897	1134	0
898	1134	0
900	1134	1
901	1134	0
902	1134	0
903	1134	0
904	1134	0
905	1134	0
906	1134	0
907	1134	0
908	1134	0
909	1134	0
910	1134	0
911	1134	0
912	1134	0
913	1134	0
914	1134	0
916	1134	0
917	1134	1
919	1134	0
920	1134	0
921	1134	0
922	1134	0
923	1134	0
924	1134	0
925	1134	0
926	1134	0
927	1134	0
928	1134	1
930	1134	0
931	1134	0
933	1134	0
934	1134	0
935	1134	0
936	1134	0
937	1134	0
938	1134	0
939	1134	0
940	1134	0
941	1134	0
942	1134	0
943	1134	0
944	1134	0
945	1134	0
946	1134	0
947	1134	0
948	1134	0
949	1134	0
950	1134	0
952	1134	0
953	1134	0
954	1134	0
955	1134	0
956	1134	0
958	1134	0
959	1134	0
961	1134	0
962	1134	0
963	1134	0
964	1134	0
965	1134	0
967	1134	0
