0	1056	0
1	1056	0
2	1056	0
3	1056	0
4	1056	0
5	1056	0
6	1056	0
7	1056	0
8	1056	1
9	1056	0
10	1056	0
11	1056	0
12	1056	0
13	1056	0
14	1056	0
15	1056	0
16	1056	0
17	1056	0
18	1056	1
19	1056	1
20	1056	0
21	1056	0
22	1056	0
23	1056	0
24	1056	0
26	1056	0
27	1056	0
28	1056	0
29	1056	0
30	1056	0
31	1056	0
32	1056	1
33	1056	0
34	1056	1
35	1056	0
36	1056	0
37	1056	0
38	1056	0
39	1056	1
40	1056	0
42	1056	0
43	1056	0
44	1056	0
45	1056	1
46	1056	0
47	1056	0
48	1056	0
49	1056	0
50	1056	0
51	1056	0
52	1056	0
53	1056	0
54	1056	0
55	1056	0
56	1056	0
57	1056	0
58	1056	0
59	1056	1
60	1056	0
61	1056	0
62	1056	0
64	1056	0
65	1056	0
66	1056	0
67	1056	0
68	1056	0
69	1056	0
70	1056	0
71	1056	0
72	1056	0
73	1056	0
74	1056	1
75	1056	0
76	1056	0
77	1056	0
78	1056	0
79	1056	0
80	1056	0
81	1056	0
82	1056	0
83	1056	0
84	1056	0
85	1056	0
86	1056	0
87	1056	1
88	1056	0
89	1056	0
90	1056	0
91	1056	0
92	1056	0
93	1056	0
94	1056	0
95	1056	1
96	1056	1
97	1056	0
98	1056	0
99	1056	0
100	1056	0
101	1056	1
102	1056	0
103	1056	0
104	1056	0
105	1056	0
106	1056	0
109	1056	1
111	1056	0
112	1056	0
113	1056	0
114	1056	0
115	1056	0
116	1056	0
117	1056	0
118	1056	0
119	1056	0
120	1056	0
121	1056	0
122	1056	0
123	1056	0
124	1056	0
125	1056	0
126	1056	0
127	1056	0
129	1056	0
130	1056	0
131	1056	0
132	1056	0
133	1056	0
134	1056	0
136	1056	0
137	1056	0
138	1056	1
139	1056	0
140	1056	0
141	1056	0
142	1056	0
143	1056	0
144	1056	0
145	1056	0
146	1056	1
147	1056	0
148	1056	0
149	1056	0
150	1056	1
151	1056	0
152	1056	0
153	1056	0
154	1056	0
155	1056	0
156	1056	0
157	1056	0
158	1056	0
159	1056	0
160	1056	0
161	1056	0
162	1056	0
163	1056	1
165	1056	0
166	1056	0
167	1056	0
168	1056	0
169	1056	0
170	1056	0
171	1056	0
172	1056	0
173	1056	0
174	1056	0
175	1056	1
177	1056	0
178	1056	0
179	1056	0
180	1056	0
182	1056	1
183	1056	0
184	1056	0
185	1056	0
186	1056	0
187	1056	0
188	1056	0
189	1056	0
190	1056	0
191	1056	0
192	1056	0
193	1056	1
194	1056	0
195	1056	0
196	1056	0
197	1056	1
198	1056	0
199	1056	0
200	1056	0
201	1056	0
202	1056	0
203	1056	0
204	1056	0
206	1056	0
207	1056	0
208	1056	1
210	1056	0
211	1056	1
212	1056	1
213	1056	0
214	1056	0
215	1056	0
216	1056	0
217	1056	0
218	1056	0
219	1056	0
220	1056	0
222	1056	0
223	1056	0
224	1056	0
225	1056	0
226	1056	0
227	1056	0
228	1056	0
229	1056	0
230	1056	0
231	1056	0
232	1056	0
233	1056	0
234	1056	0
235	1056	0
236	1056	0
237	1056	0
238	1056	0
239	1056	1
240	1056	0
241	1056	0
242	1056	0
244	1056	0
245	1056	1
246	1056	0
247	1056	0
248	1056	0
249	1056	0
250	1056	0
251	1056	1
252	1056	0
253	1056	0
254	1056	0
255	1056	1
256	1056	0
258	1056	0
259	1056	0
260	1056	0
261	1056	0
262	1056	0
263	1056	0
264	1056	1
265	1056	0
266	1056	0
267	1056	0
268	1056	0
269	1056	1
270	1056	0
271	1056	0
272	1056	0
274	1056	0
275	1056	1
276	1056	1
277	1056	0
278	1056	0
279	1056	0
280	1056	0
281	1056	0
282	1056	0
283	1056	0
284	1056	0
285	1056	0
286	1056	0
287	1056	0
288	1056	0
289	1056	0
290	1056	1
291	1056	0
292	1056	0
293	1056	0
294	1056	0
295	1056	0
296	1056	0
297	1056	0
298	1056	0
299	1056	1
300	1056	0
301	1056	0
302	1056	0
303	1056	0
304	1056	0
305	1056	0
306	1056	0
307	1056	0
308	1056	0
309	1056	0
310	1056	0
311	1056	0
312	1056	0
313	1056	0
314	1056	0
315	1056	0
316	1056	0
317	1056	1
318	1056	0
319	1056	0
320	1056	0
321	1056	0
322	1056	0
323	1056	0
324	1056	0
325	1056	0
326	1056	0
327	1056	0
328	1056	0
329	1056	0
330	1056	0
331	1056	0
333	1056	0
335	1056	0
336	1056	1
337	1056	0
338	1056	0
339	1056	0
340	1056	0
341	1056	0
342	1056	0
343	1056	0
344	1056	0
346	1056	0
347	1056	0
348	1056	1
349	1056	0
350	1056	0
351	1056	0
352	1056	0
354	1056	0
355	1056	0
357	1056	0
358	1056	0
359	1056	0
360	1056	0
361	1056	1
363	1056	0
364	1056	0
365	1056	0
366	1056	0
367	1056	0
368	1056	0
370	1056	1
371	1056	0
372	1056	0
373	1056	1
374	1056	0
375	1056	1
377	1056	0
378	1056	1
379	1056	0
380	1056	0
381	1056	0
382	1056	0
383	1056	0
384	1056	0
385	1056	1
386	1056	0
387	1056	0
388	1056	0
389	1056	0
390	1056	0
391	1056	0
393	1056	0
394	1056	0
395	1056	0
396	1056	1
398	1056	0
399	1056	0
400	1056	0
401	1056	0
402	1056	0
403	1056	0
404	1056	0
405	1056	0
406	1056	0
407	1056	0
408	1056	0
409	1056	0
410	1056	0
411	1056	0
412	1056	0
413	1056	0
414	1056	0
415	1056	0
416	1056	1
417	1056	0
418	1056	0
419	1056	0
420	1056	0
421	1056	1
422	1056	0
423	1056	0
424	1056	0
425	1056	0
426	1056	0
427	1056	0
428	1056	0
429	1056	0
431	1056	0
432	1056	0
433	1056	0
434	1056	0
435	1056	0
436	1056	0
437	1056	0
438	1056	1
439	1056	0
440	1056	0
441	1056	0
442	1056	0
443	1056	0
444	1056	0
445	1056	0
446	1056	1
447	1056	0
448	1056	0
449	1056	1
450	1056	0
451	1056	0
452	1056	0
453	1056	1
454	1056	1
455	1056	0
456	1056	0
457	1056	0
458	1056	0
459	1056	0
460	1056	0
461	1056	0
462	1056	0
463	1056	0
464	1056	1
465	1056	1
466	1056	0
467	1056	0
468	1056	0
469	1056	0
470	1056	0
471	1056	0
472	1056	0
473	1056	1
474	1056	0
475	1056	0
476	1056	0
477	1056	0
478	1056	0
480	1056	0
481	1056	0
482	1056	0
483	1056	0
484	1056	0
485	1056	0
486	1056	0
487	1056	0
489	1056	0
490	1056	0
491	1056	0
492	1056	0
493	1056	0
495	1056	0
496	1056	0
497	1056	0
499	1056	0
500	1056	0
501	1056	0
502	1056	0
503	1056	1
505	1056	0
506	1056	1
508	1056	1
509	1056	1
510	1056	0
511	1056	0
512	1056	1
513	1056	0
514	1056	0
515	1056	0
516	1056	0
517	1056	0
518	1056	1
519	1056	1
520	1056	1
521	1056	0
522	1056	0
523	1056	0
524	1056	0
525	1056	0
526	1056	0
527	1056	0
528	1056	0
529	1056	0
531	1056	1
533	1056	0
534	1056	0
536	1056	0
537	1056	0
538	1056	0
540	1056	0
541	1056	0
542	1056	0
543	1056	0
544	1056	0
546	1056	0
547	1056	0
548	1056	0
549	1056	0
550	1056	0
551	1056	1
553	1056	0
554	1056	1
555	1056	0
556	1056	1
557	1056	0
558	1056	0
559	1056	1
560	1056	1
561	1056	0
562	1056	0
563	1056	0
564	1056	0
565	1056	0
566	1056	0
567	1056	0
568	1056	0
569	1056	0
570	1056	0
571	1056	0
572	1056	0
574	1056	1
575	1056	0
576	1056	0
577	1056	0
578	1056	0
579	1056	0
580	1056	0
582	1056	0
583	1056	1
584	1056	0
585	1056	0
586	1056	0
587	1056	1
588	1056	0
589	1056	0
590	1056	0
591	1056	0
592	1056	0
593	1056	0
594	1056	0
595	1056	0
596	1056	0
597	1056	0
598	1056	0
599	1056	0
600	1056	0
601	1056	0
602	1056	0
604	1056	0
605	1056	0
606	1056	0
607	1056	0
608	1056	0
609	1056	0
611	1056	0
612	1056	0
613	1056	0
614	1056	1
615	1056	0
616	1056	0
617	1056	0
618	1056	0
619	1056	1
620	1056	1
621	1056	0
622	1056	0
624	1056	0
625	1056	0
626	1056	1
627	1056	1
628	1056	0
630	1056	1
631	1056	0
632	1056	0
633	1056	0
635	1056	0
636	1056	0
637	1056	1
640	1056	0
641	1056	0
642	1056	0
643	1056	0
644	1056	0
645	1056	0
646	1056	1
647	1056	0
648	1056	0
649	1056	0
650	1056	0
651	1056	0
652	1056	1
653	1056	0
654	1056	0
655	1056	0
656	1056	0
657	1056	0
658	1056	0
659	1056	0
660	1056	0
661	1056	1
662	1056	1
663	1056	0
664	1056	1
666	1056	1
667	1056	1
668	1056	0
669	1056	0
670	1056	0
671	1056	0
672	1056	0
673	1056	0
674	1056	0
675	1056	0
676	1056	0
677	1056	0
678	1056	0
679	1056	0
680	1056	0
681	1056	0
682	1056	0
683	1056	0
684	1056	0
685	1056	0
686	1056	0
687	1056	0
688	1056	0
689	1056	0
690	1056	0
691	1056	1
692	1056	1
693	1056	0
694	1056	1
695	1056	1
696	1056	0
697	1056	0
698	1056	0
699	1056	0
700	1056	0
701	1056	0
702	1056	0
703	1056	0
704	1056	0
705	1056	0
706	1056	0
707	1056	0
708	1056	0
709	1056	0
710	1056	0
711	1056	0
712	1056	0
713	1056	1
714	1056	0
715	1056	0
716	1056	0
717	1056	0
718	1056	0
719	1056	0
720	1056	0
721	1056	0
722	1056	0
723	1056	0
724	1056	0
725	1056	0
726	1056	0
727	1056	0
728	1056	0
730	1056	0
731	1056	0
732	1056	1
733	1056	0
734	1056	0
735	1056	0
736	1056	0
737	1056	0
738	1056	0
739	1056	1
740	1056	0
741	1056	1
742	1056	0
743	1056	0
744	1056	0
745	1056	0
746	1056	0
747	1056	0
748	1056	1
749	1056	0
750	1056	0
751	1056	0
752	1056	1
753	1056	0
754	1056	0
755	1056	0
756	1056	0
757	1056	0
758	1056	0
759	1056	0
760	1056	0
761	1056	0
762	1056	0
763	1056	1
764	1056	0
765	1056	0
767	1056	0
768	1056	0
769	1056	0
770	1056	0
771	1056	0
772	1056	0
773	1056	0
774	1056	1
775	1056	0
776	1056	0
777	1056	0
778	1056	0
779	1056	0
780	1056	0
782	1056	0
783	1056	0
784	1056	0
785	1056	0
786	1056	0
787	1056	0
788	1056	0
789	1056	0
790	1056	0
791	1056	0
793	1056	0
794	1056	0
795	1056	0
796	1056	0
797	1056	0
798	1056	0
799	1056	0
800	1056	0
801	1056	0
802	1056	0
803	1056	0
804	1056	0
806	1056	0
807	1056	0
808	1056	0
809	1056	0
810	1056	0
811	1056	0
812	1056	0
813	1056	0
814	1056	0
816	1056	0
817	1056	0
818	1056	0
819	1056	0
820	1056	0
821	1056	0
822	1056	0
823	1056	0
824	1056	0
825	1056	0
826	1056	0
827	1056	0
828	1056	1
829	1056	1
830	1056	1
831	1056	1
832	1056	1
833	1056	1
834	1056	0
835	1056	0
836	1056	0
837	1056	0
839	1056	0
840	1056	1
841	1056	0
842	1056	0
843	1056	0
844	1056	0
845	1056	0
846	1056	0
847	1056	0
848	1056	0
849	1056	0
850	1056	0
851	1056	0
852	1056	1
853	1056	1
854	1056	1
855	1056	0
856	1056	0
857	1056	0
858	1056	0
859	1056	0
860	1056	0
861	1056	0
862	1056	1
863	1056	0
864	1056	0
865	1056	0
866	1056	0
867	1056	0
868	1056	0
869	1056	0
870	1056	0
872	1056	0
873	1056	0
874	1056	0
875	1056	0
876	1056	0
877	1056	0
878	1056	0
879	1056	0
880	1056	0
881	1056	0
882	1056	0
883	1056	0
884	1056	0
885	1056	0
886	1056	0
887	1056	0
888	1056	0
889	1056	0
890	1056	0
891	1056	0
892	1056	1
893	1056	0
894	1056	0
895	1056	0
896	1056	0
897	1056	0
898	1056	0
900	1056	0
901	1056	0
902	1056	0
903	1056	0
904	1056	0
905	1056	0
906	1056	0
907	1056	0
908	1056	0
909	1056	0
910	1056	0
911	1056	0
912	1056	0
913	1056	1
914	1056	0
916	1056	0
917	1056	1
918	1056	0
919	1056	0
920	1056	0
921	1056	0
922	1056	0
923	1056	0
924	1056	0
925	1056	0
926	1056	0
927	1056	0
928	1056	1
930	1056	0
931	1056	0
933	1056	0
934	1056	0
935	1056	0
936	1056	0
937	1056	1
938	1056	0
939	1056	0
940	1056	0
941	1056	0
942	1056	0
943	1056	0
944	1056	0
945	1056	0
946	1056	0
947	1056	1
948	1056	0
949	1056	0
950	1056	0
952	1056	0
953	1056	0
954	1056	0
955	1056	0
956	1056	1
958	1056	0
959	1056	1
961	1056	0
962	1056	1
963	1056	1
964	1056	0
965	1056	1
967	1056	1
