1	1227	0
2	1227	0
3	1227	0
4	1227	0
5	1227	0
6	1227	0
7	1227	0
8	1227	1
9	1227	0
10	1227	1
11	1227	0
12	1227	0
13	1227	0
14	1227	1
16	1227	0
17	1227	0
18	1227	0
19	1227	1
20	1227	0
21	1227	0
22	1227	0
23	1227	0
24	1227	0
25	1227	0
26	1227	1
27	1227	0
28	1227	0
29	1227	0
31	1227	0
32	1227	0
33	1227	0
34	1227	0
35	1227	0
36	1227	0
37	1227	0
38	1227	0
41	1227	0
42	1227	1
43	1227	0
44	1227	0
45	1227	0
46	1227	0
47	1227	0
48	1227	0
49	1227	0
50	1227	0
51	1227	0
52	1227	1
53	1227	0
54	1227	0
55	1227	0
56	1227	0
58	1227	0
59	1227	0
60	1227	0
61	1227	0
62	1227	0
63	1227	0
64	1227	1
65	1227	0
66	1227	1
67	1227	0
68	1227	0
69	1227	0
70	1227	0
71	1227	0
72	1227	0
73	1227	0
74	1227	1
75	1227	0
77	1227	0
78	1227	0
79	1227	0
80	1227	0
81	1227	1
82	1227	0
83	1227	0
84	1227	0
85	1227	0
86	1227	0
87	1227	0
88	1227	0
89	1227	0
91	1227	0
93	1227	0
94	1227	0
95	1227	0
96	1227	0
97	1227	0
98	1227	0
99	1227	0
100	1227	0
101	1227	0
102	1227	0
103	1227	0
104	1227	0
105	1227	0
106	1227	0
107	1227	0
108	1227	0
109	1227	0
110	1227	1
111	1227	0
112	1227	0
113	1227	0
114	1227	0
115	1227	0
116	1227	0
117	1227	0
118	1227	0
119	1227	0
120	1227	1
121	1227	0
122	1227	0
123	1227	0
124	1227	0
125	1227	1
128	1227	0
129	1227	0
130	1227	0
131	1227	0
132	1227	0
133	1227	0
134	1227	0
135	1227	0
136	1227	0
137	1227	0
138	1227	0
139	1227	0
140	1227	0
141	1227	0
142	1227	0
143	1227	0
144	1227	0
145	1227	1
146	1227	0
147	1227	0
148	1227	1
150	1227	1
151	1227	0
152	1227	0
153	1227	0
154	1227	1
155	1227	0
156	1227	0
157	1227	0
158	1227	0
159	1227	0
161	1227	0
162	1227	0
163	1227	0
165	1227	0
166	1227	0
167	1227	0
168	1227	0
169	1227	0
171	1227	0
172	1227	0
173	1227	0
174	1227	0
175	1227	0
177	1227	0
178	1227	0
179	1227	0
180	1227	0
181	1227	0
182	1227	0
183	1227	0
184	1227	0
185	1227	0
186	1227	0
187	1227	0
188	1227	0
189	1227	0
190	1227	0
191	1227	1
192	1227	1
193	1227	1
194	1227	1
195	1227	0
196	1227	1
197	1227	1
198	1227	0
199	1227	0
200	1227	0
201	1227	0
202	1227	0
203	1227	1
204	1227	0
206	1227	0
207	1227	1
208	1227	0
209	1227	1
210	1227	0
211	1227	1
212	1227	1
214	1227	0
215	1227	0
216	1227	0
217	1227	0
218	1227	0
219	1227	0
220	1227	0
221	1227	0
222	1227	0
223	1227	0
224	1227	0
226	1227	1
227	1227	0
228	1227	1
230	1227	1
231	1227	0
232	1227	1
233	1227	1
234	1227	0
235	1227	0
236	1227	0
237	1227	0
238	1227	0
239	1227	0
240	1227	0
241	1227	0
242	1227	0
243	1227	0
244	1227	0
245	1227	0
246	1227	0
247	1227	0
248	1227	0
249	1227	1
250	1227	0
251	1227	0
252	1227	0
253	1227	0
254	1227	0
255	1227	0
256	1227	0
257	1227	0
258	1227	0
259	1227	0
260	1227	0
262	1227	0
263	1227	0
264	1227	0
265	1227	0
266	1227	0
267	1227	0
268	1227	0
270	1227	1
271	1227	0
272	1227	0
273	1227	0
274	1227	0
275	1227	0
277	1227	0
278	1227	0
280	1227	0
281	1227	0
282	1227	0
283	1227	0
284	1227	0
285	1227	0
286	1227	0
287	1227	0
288	1227	1
289	1227	0
290	1227	0
291	1227	0
292	1227	0
293	1227	1
294	1227	0
295	1227	0
296	1227	1
297	1227	0
298	1227	0
300	1227	0
301	1227	0
302	1227	0
303	1227	1
304	1227	0
305	1227	0
306	1227	0
307	1227	0
308	1227	0
309	1227	1
310	1227	0
311	1227	0
312	1227	1
313	1227	0
314	1227	0
315	1227	0
316	1227	0
317	1227	0
318	1227	1
320	1227	0
321	1227	0
322	1227	0
323	1227	0
324	1227	0
325	1227	0
326	1227	0
328	1227	1
329	1227	0
331	1227	0
332	1227	0
333	1227	1
334	1227	0
336	1227	1
337	1227	0
338	1227	0
339	1227	0
340	1227	0
341	1227	0
342	1227	0
343	1227	0
344	1227	0
345	1227	0
346	1227	0
347	1227	0
348	1227	0
349	1227	0
350	1227	0
351	1227	0
352	1227	0
353	1227	0
355	1227	0
356	1227	1
357	1227	0
358	1227	0
359	1227	0
360	1227	0
361	1227	0
362	1227	0
363	1227	0
364	1227	0
365	1227	0
366	1227	0
367	1227	1
368	1227	0
369	1227	0
370	1227	0
371	1227	0
372	1227	0
373	1227	0
374	1227	0
375	1227	0
376	1227	0
377	1227	0
378	1227	0
379	1227	0
380	1227	0
381	1227	0
382	1227	0
383	1227	0
384	1227	0
385	1227	0
386	1227	0
388	1227	0
389	1227	0
391	1227	0
392	1227	0
393	1227	0
394	1227	0
395	1227	1
396	1227	1
397	1227	0
398	1227	0
399	1227	0
400	1227	0
401	1227	0
402	1227	1
404	1227	0
405	1227	0
406	1227	0
407	1227	0
408	1227	0
410	1227	0
411	1227	0
412	1227	0
413	1227	1
415	1227	0
416	1227	0
417	1227	0
418	1227	0
419	1227	0
420	1227	0
421	1227	0
422	1227	0
423	1227	1
424	1227	0
425	1227	0
426	1227	0
427	1227	0
428	1227	0
429	1227	0
430	1227	0
431	1227	0
432	1227	0
433	1227	0
434	1227	0
435	1227	0
436	1227	0
437	1227	0
438	1227	0
439	1227	0
440	1227	0
441	1227	1
442	1227	0
443	1227	0
444	1227	0
445	1227	0
446	1227	0
447	1227	0
448	1227	1
449	1227	0
450	1227	0
451	1227	0
452	1227	0
453	1227	0
454	1227	0
455	1227	0
456	1227	0
457	1227	0
458	1227	0
459	1227	0
460	1227	1
461	1227	0
462	1227	0
463	1227	0
464	1227	0
465	1227	0
466	1227	0
467	1227	0
468	1227	0
469	1227	0
470	1227	0
471	1227	0
472	1227	1
473	1227	0
474	1227	0
475	1227	0
476	1227	0
477	1227	0
478	1227	0
479	1227	0
480	1227	0
481	1227	0
482	1227	0
483	1227	0
484	1227	0
485	1227	0
486	1227	1
487	1227	0
488	1227	0
489	1227	0
490	1227	0
491	1227	0
493	1227	0
494	1227	0
495	1227	0
496	1227	1
497	1227	0
499	1227	0
500	1227	0
501	1227	0
502	1227	1
503	1227	0
504	1227	0
505	1227	0
506	1227	1
507	1227	1
508	1227	1
509	1227	0
510	1227	0
511	1227	0
512	1227	0
513	1227	0
514	1227	0
515	1227	0
516	1227	0
517	1227	0
518	1227	0
519	1227	0
520	1227	0
521	1227	0
522	1227	0
523	1227	0
524	1227	0
525	1227	0
526	1227	0
527	1227	0
529	1227	0
530	1227	0
531	1227	0
533	1227	1
534	1227	0
535	1227	0
536	1227	0
537	1227	0
538	1227	0
539	1227	0
540	1227	0
541	1227	0
542	1227	1
543	1227	0
544	1227	0
545	1227	0
546	1227	0
547	1227	0
548	1227	0
549	1227	0
550	1227	0
551	1227	0
553	1227	1
554	1227	0
555	1227	0
556	1227	0
557	1227	0
558	1227	0
560	1227	0
561	1227	0
562	1227	0
563	1227	0
564	1227	0
565	1227	0
566	1227	0
567	1227	0
568	1227	0
569	1227	1
570	1227	0
571	1227	0
572	1227	0
574	1227	0
575	1227	0
576	1227	0
577	1227	0
578	1227	0
579	1227	0
581	1227	0
582	1227	0
583	1227	0
584	1227	1
585	1227	0
586	1227	0
587	1227	0
588	1227	0
589	1227	0
590	1227	0
591	1227	0
593	1227	0
595	1227	0
596	1227	0
597	1227	0
598	1227	0
599	1227	0
600	1227	0
601	1227	0
602	1227	0
604	1227	0
605	1227	1
606	1227	0
607	1227	0
608	1227	0
609	1227	0
611	1227	0
612	1227	0
614	1227	0
615	1227	0
616	1227	0
617	1227	0
618	1227	0
619	1227	0
621	1227	1
622	1227	0
624	1227	0
625	1227	0
626	1227	0
627	1227	0
628	1227	0
630	1227	0
632	1227	0
633	1227	0
634	1227	0
635	1227	0
636	1227	0
637	1227	0
638	1227	0
639	1227	0
640	1227	0
641	1227	0
642	1227	0
645	1227	1
646	1227	0
647	1227	0
648	1227	0
649	1227	0
650	1227	0
651	1227	1
652	1227	0
653	1227	0
654	1227	0
655	1227	0
656	1227	0
657	1227	0
658	1227	0
659	1227	0
660	1227	1
661	1227	1
662	1227	0
663	1227	0
664	1227	0
666	1227	0
667	1227	0
668	1227	0
669	1227	0
670	1227	0
671	1227	0
672	1227	0
673	1227	0
674	1227	0
675	1227	0
676	1227	0
677	1227	0
678	1227	0
679	1227	0
680	1227	0
681	1227	0
682	1227	0
683	1227	0
684	1227	0
685	1227	0
686	1227	0
687	1227	0
688	1227	0
689	1227	0
690	1227	0
691	1227	0
692	1227	1
693	1227	0
694	1227	0
696	1227	0
697	1227	0
698	1227	0
699	1227	0
701	1227	0
702	1227	0
703	1227	0
704	1227	0
705	1227	0
706	1227	0
707	1227	0
708	1227	0
709	1227	0
710	1227	0
711	1227	0
712	1227	0
713	1227	0
715	1227	0
716	1227	0
717	1227	0
718	1227	0
719	1227	0
720	1227	0
721	1227	0
722	1227	0
723	1227	0
724	1227	0
725	1227	0
726	1227	0
727	1227	0
728	1227	0
729	1227	1
730	1227	0
731	1227	0
732	1227	0
733	1227	0
734	1227	0
735	1227	1
736	1227	0
737	1227	0
738	1227	1
739	1227	0
740	1227	0
741	1227	0
742	1227	0
743	1227	0
744	1227	0
745	1227	0
747	1227	0
748	1227	0
749	1227	0
750	1227	0
751	1227	0
752	1227	0
753	1227	0
754	1227	0
755	1227	0
756	1227	0
757	1227	0
758	1227	0
759	1227	0
760	1227	0
761	1227	0
762	1227	0
764	1227	0
765	1227	0
766	1227	0
767	1227	1
768	1227	0
769	1227	0
770	1227	0
771	1227	1
772	1227	0
773	1227	0
775	1227	0
776	1227	1
777	1227	0
778	1227	0
779	1227	1
780	1227	1
781	1227	0
782	1227	0
783	1227	1
784	1227	0
785	1227	0
786	1227	0
787	1227	0
788	1227	0
789	1227	0
790	1227	0
791	1227	0
792	1227	0
793	1227	0
794	1227	0
795	1227	0
796	1227	0
797	1227	0
798	1227	0
799	1227	0
800	1227	0
801	1227	0
802	1227	0
803	1227	1
804	1227	0
805	1227	0
806	1227	0
807	1227	0
808	1227	0
809	1227	0
810	1227	0
811	1227	1
812	1227	0
814	1227	0
816	1227	0
817	1227	0
818	1227	0
819	1227	0
820	1227	0
822	1227	0
823	1227	0
824	1227	0
825	1227	1
826	1227	0
827	1227	0
829	1227	0
830	1227	0
831	1227	0
832	1227	1
833	1227	0
834	1227	0
835	1227	0
836	1227	0
838	1227	0
839	1227	0
840	1227	0
841	1227	0
842	1227	0
843	1227	0
844	1227	0
845	1227	0
846	1227	0
847	1227	0
848	1227	0
849	1227	0
850	1227	0
851	1227	0
852	1227	0
853	1227	0
854	1227	0
855	1227	0
856	1227	0
857	1227	0
858	1227	0
859	1227	0
860	1227	0
861	1227	0
862	1227	0
863	1227	0
864	1227	1
865	1227	0
866	1227	0
867	1227	0
868	1227	0
869	1227	0
870	1227	1
871	1227	0
872	1227	0
873	1227	0
874	1227	0
875	1227	0
876	1227	0
877	1227	0
878	1227	0
880	1227	0
881	1227	0
882	1227	0
883	1227	0
884	1227	0
885	1227	0
886	1227	0
887	1227	0
888	1227	0
889	1227	0
890	1227	0
891	1227	0
892	1227	0
893	1227	0
894	1227	0
895	1227	0
896	1227	0
897	1227	0
898	1227	0
899	1227	0
900	1227	0
901	1227	0
902	1227	1
903	1227	1
904	1227	0
905	1227	0
907	1227	0
908	1227	0
909	1227	0
910	1227	0
911	1227	0
912	1227	0
913	1227	0
915	1227	0
916	1227	0
917	1227	0
918	1227	0
919	1227	0
920	1227	0
921	1227	0
922	1227	0
923	1227	1
924	1227	0
925	1227	0
926	1227	0
927	1227	0
928	1227	0
929	1227	0
930	1227	1
931	1227	0
933	1227	0
935	1227	0
936	1227	0
937	1227	0
939	1227	0
940	1227	0
941	1227	0
942	1227	0
943	1227	1
944	1227	0
945	1227	0
946	1227	0
947	1227	0
948	1227	0
949	1227	0
953	1227	0
955	1227	1
957	1227	0
958	1227	0
959	1227	0
960	1227	0
961	1227	0
962	1227	1
963	1227	0
964	1227	0
965	1227	0
966	1227	0
967	1227	1
