0	1115	0
1	1115	0
2	1115	0
3	1115	0
4	1115	0
5	1115	0
6	1115	0
7	1115	0
8	1115	1
9	1115	0
10	1115	0
11	1115	0
12	1115	0
13	1115	0
14	1115	0
15	1115	0
16	1115	0
17	1115	1
18	1115	0
19	1115	0
20	1115	0
21	1115	0
22	1115	0
23	1115	0
24	1115	0
26	1115	0
27	1115	0
28	1115	0
29	1115	0
30	1115	0
31	1115	0
32	1115	0
33	1115	0
34	1115	0
35	1115	0
36	1115	1
37	1115	0
38	1115	0
39	1115	0
40	1115	0
42	1115	0
43	1115	0
44	1115	0
45	1115	0
46	1115	0
47	1115	0
48	1115	0
49	1115	0
50	1115	0
51	1115	0
52	1115	0
53	1115	0
54	1115	0
55	1115	0
56	1115	0
57	1115	0
58	1115	0
59	1115	1
60	1115	0
61	1115	0
62	1115	0
64	1115	0
65	1115	0
67	1115	0
68	1115	0
69	1115	0
70	1115	1
71	1115	1
72	1115	0
73	1115	0
74	1115	0
75	1115	0
76	1115	0
77	1115	0
78	1115	0
79	1115	0
80	1115	0
81	1115	0
82	1115	0
83	1115	0
84	1115	0
85	1115	0
86	1115	0
87	1115	0
88	1115	0
89	1115	0
90	1115	0
91	1115	0
92	1115	0
93	1115	0
94	1115	0
95	1115	0
96	1115	0
97	1115	0
98	1115	0
99	1115	0
100	1115	0
101	1115	0
102	1115	0
103	1115	0
104	1115	0
105	1115	0
106	1115	0
109	1115	0
111	1115	0
112	1115	0
113	1115	0
114	1115	0
115	1115	0
116	1115	0
117	1115	1
118	1115	0
119	1115	0
120	1115	0
121	1115	0
122	1115	0
123	1115	0
124	1115	0
125	1115	1
126	1115	0
127	1115	1
129	1115	0
130	1115	0
131	1115	0
132	1115	0
133	1115	0
134	1115	0
136	1115	0
137	1115	0
138	1115	0
139	1115	0
140	1115	1
141	1115	0
142	1115	0
143	1115	0
144	1115	0
145	1115	0
146	1115	0
147	1115	0
148	1115	0
149	1115	0
150	1115	0
151	1115	1
152	1115	0
153	1115	0
154	1115	0
155	1115	0
156	1115	0
157	1115	0
158	1115	0
159	1115	0
160	1115	1
161	1115	0
162	1115	0
163	1115	0
165	1115	0
166	1115	0
167	1115	0
168	1115	0
169	1115	0
170	1115	0
171	1115	1
172	1115	1
173	1115	0
174	1115	0
175	1115	0
177	1115	0
178	1115	0
179	1115	0
180	1115	0
182	1115	0
183	1115	0
184	1115	0
185	1115	0
186	1115	0
187	1115	0
188	1115	0
189	1115	0
190	1115	0
191	1115	1
192	1115	0
193	1115	0
194	1115	0
195	1115	0
196	1115	0
197	1115	0
198	1115	0
199	1115	0
200	1115	0
201	1115	0
202	1115	0
203	1115	0
204	1115	0
206	1115	0
207	1115	0
208	1115	0
210	1115	0
211	1115	0
212	1115	0
213	1115	0
214	1115	1
215	1115	0
216	1115	0
217	1115	0
218	1115	0
219	1115	0
220	1115	0
222	1115	0
223	1115	0
224	1115	0
225	1115	0
226	1115	0
227	1115	1
228	1115	0
229	1115	0
230	1115	0
231	1115	0
232	1115	1
233	1115	0
234	1115	0
235	1115	0
236	1115	0
237	1115	0
238	1115	0
239	1115	0
240	1115	0
241	1115	0
242	1115	0
244	1115	0
245	1115	0
246	1115	0
247	1115	0
248	1115	0
249	1115	0
250	1115	0
251	1115	0
252	1115	0
253	1115	1
254	1115	0
255	1115	0
256	1115	0
258	1115	0
259	1115	0
260	1115	0
261	1115	0
262	1115	0
263	1115	0
264	1115	0
265	1115	0
266	1115	0
267	1115	0
268	1115	0
269	1115	0
270	1115	0
271	1115	0
272	1115	0
274	1115	0
275	1115	0
276	1115	0
277	1115	0
278	1115	0
279	1115	0
280	1115	0
281	1115	0
282	1115	0
283	1115	0
284	1115	0
285	1115	0
286	1115	0
287	1115	0
288	1115	1
289	1115	1
290	1115	0
291	1115	0
292	1115	0
293	1115	0
294	1115	0
295	1115	0
296	1115	0
297	1115	0
298	1115	0
299	1115	0
300	1115	0
301	1115	0
302	1115	0
303	1115	0
304	1115	0
305	1115	0
306	1115	0
307	1115	0
308	1115	0
309	1115	0
310	1115	0
311	1115	0
312	1115	0
313	1115	0
314	1115	0
315	1115	0
316	1115	0
317	1115	0
318	1115	0
319	1115	0
320	1115	0
321	1115	0
322	1115	0
323	1115	0
324	1115	0
325	1115	0
326	1115	0
327	1115	0
328	1115	0
329	1115	0
330	1115	0
331	1115	0
333	1115	0
335	1115	0
336	1115	0
337	1115	0
338	1115	0
339	1115	0
340	1115	0
341	1115	1
342	1115	0
343	1115	0
344	1115	0
346	1115	1
347	1115	0
348	1115	0
349	1115	0
350	1115	0
351	1115	0
352	1115	0
354	1115	0
355	1115	0
357	1115	0
358	1115	0
359	1115	0
360	1115	0
361	1115	0
363	1115	0
364	1115	0
365	1115	0
366	1115	0
368	1115	0
370	1115	1
371	1115	0
372	1115	1
373	1115	0
374	1115	1
375	1115	1
377	1115	0
378	1115	0
379	1115	0
380	1115	0
381	1115	1
382	1115	0
383	1115	0
384	1115	0
385	1115	0
386	1115	0
387	1115	0
388	1115	0
389	1115	0
390	1115	0
391	1115	0
393	1115	0
394	1115	0
395	1115	0
396	1115	0
398	1115	0
399	1115	0
400	1115	0
401	1115	0
402	1115	0
403	1115	0
404	1115	1
405	1115	0
406	1115	0
407	1115	0
408	1115	0
409	1115	0
410	1115	0
411	1115	0
412	1115	0
414	1115	0
415	1115	0
416	1115	0
417	1115	0
418	1115	0
419	1115	0
420	1115	0
421	1115	0
422	1115	0
423	1115	0
424	1115	0
425	1115	0
426	1115	0
427	1115	0
428	1115	0
429	1115	0
431	1115	0
432	1115	0
433	1115	0
434	1115	0
435	1115	0
436	1115	1
437	1115	0
438	1115	0
439	1115	0
440	1115	0
441	1115	0
442	1115	0
443	1115	0
444	1115	0
445	1115	0
446	1115	0
447	1115	0
448	1115	0
449	1115	0
450	1115	0
451	1115	0
452	1115	0
453	1115	0
454	1115	0
455	1115	0
456	1115	0
457	1115	0
458	1115	0
459	1115	0
460	1115	0
461	1115	0
462	1115	0
463	1115	0
464	1115	1
465	1115	0
466	1115	0
467	1115	0
468	1115	0
469	1115	0
470	1115	0
471	1115	0
472	1115	0
473	1115	0
474	1115	0
475	1115	0
476	1115	0
477	1115	1
478	1115	0
480	1115	0
481	1115	0
482	1115	0
483	1115	0
484	1115	0
485	1115	0
486	1115	0
487	1115	0
489	1115	0
490	1115	0
491	1115	0
492	1115	0
493	1115	0
495	1115	0
496	1115	1
497	1115	1
499	1115	0
500	1115	1
501	1115	0
502	1115	0
503	1115	1
505	1115	1
506	1115	0
508	1115	0
509	1115	0
510	1115	0
511	1115	0
512	1115	0
513	1115	0
514	1115	0
515	1115	0
516	1115	0
517	1115	0
518	1115	1
519	1115	1
520	1115	0
521	1115	0
522	1115	0
523	1115	0
524	1115	0
525	1115	0
526	1115	0
527	1115	0
528	1115	0
529	1115	0
531	1115	0
534	1115	0
536	1115	0
537	1115	0
538	1115	0
540	1115	0
541	1115	0
543	1115	0
544	1115	0
546	1115	0
547	1115	0
548	1115	0
549	1115	0
550	1115	0
551	1115	0
553	1115	0
554	1115	0
555	1115	0
556	1115	0
557	1115	0
558	1115	0
559	1115	0
560	1115	0
561	1115	0
562	1115	0
563	1115	0
564	1115	0
565	1115	0
566	1115	0
567	1115	0
568	1115	0
569	1115	0
570	1115	0
571	1115	0
572	1115	0
574	1115	0
575	1115	0
576	1115	0
577	1115	0
578	1115	0
579	1115	0
580	1115	0
582	1115	1
583	1115	0
584	1115	0
585	1115	0
586	1115	0
587	1115	0
588	1115	0
589	1115	0
590	1115	0
591	1115	0
592	1115	0
593	1115	0
594	1115	0
595	1115	0
596	1115	0
597	1115	0
598	1115	0
599	1115	0
600	1115	0
601	1115	0
602	1115	0
604	1115	0
605	1115	0
606	1115	0
607	1115	0
608	1115	0
609	1115	0
611	1115	0
612	1115	0
613	1115	0
614	1115	1
615	1115	0
616	1115	0
617	1115	0
618	1115	0
619	1115	0
620	1115	1
621	1115	0
622	1115	0
624	1115	0
625	1115	0
626	1115	0
627	1115	0
628	1115	0
630	1115	0
631	1115	0
632	1115	0
633	1115	0
635	1115	0
636	1115	0
637	1115	1
640	1115	0
641	1115	0
642	1115	0
643	1115	0
644	1115	0
645	1115	1
646	1115	0
647	1115	0
648	1115	0
649	1115	0
650	1115	0
651	1115	0
652	1115	1
653	1115	0
654	1115	0
655	1115	0
656	1115	1
657	1115	0
658	1115	0
659	1115	0
660	1115	0
661	1115	0
662	1115	0
663	1115	1
664	1115	1
666	1115	1
667	1115	0
668	1115	0
669	1115	0
670	1115	0
671	1115	0
672	1115	0
673	1115	0
674	1115	0
675	1115	0
676	1115	0
677	1115	0
678	1115	0
679	1115	0
680	1115	0
681	1115	0
682	1115	0
683	1115	0
684	1115	0
685	1115	0
686	1115	0
687	1115	0
688	1115	0
689	1115	1
690	1115	0
691	1115	0
692	1115	1
693	1115	0
694	1115	1
695	1115	0
696	1115	0
697	1115	0
698	1115	0
699	1115	0
700	1115	0
701	1115	0
702	1115	0
703	1115	0
704	1115	0
705	1115	0
706	1115	0
707	1115	0
708	1115	0
709	1115	0
710	1115	0
711	1115	0
712	1115	0
713	1115	0
714	1115	0
715	1115	1
716	1115	0
717	1115	0
718	1115	0
719	1115	0
720	1115	0
721	1115	0
722	1115	0
723	1115	0
724	1115	0
725	1115	0
726	1115	0
727	1115	0
728	1115	0
730	1115	0
731	1115	0
732	1115	1
733	1115	0
734	1115	0
735	1115	0
736	1115	0
737	1115	0
738	1115	0
739	1115	0
741	1115	0
742	1115	1
743	1115	0
744	1115	0
745	1115	0
746	1115	0
747	1115	0
748	1115	1
749	1115	0
750	1115	1
751	1115	0
752	1115	0
754	1115	0
755	1115	0
756	1115	0
757	1115	0
758	1115	1
759	1115	1
760	1115	0
761	1115	0
762	1115	0
763	1115	0
764	1115	0
765	1115	0
767	1115	0
768	1115	0
769	1115	0
770	1115	0
771	1115	0
772	1115	0
773	1115	0
774	1115	1
775	1115	0
776	1115	0
777	1115	0
778	1115	0
779	1115	0
780	1115	0
782	1115	0
783	1115	0
784	1115	0
785	1115	0
786	1115	0
787	1115	0
788	1115	0
789	1115	0
790	1115	0
791	1115	0
793	1115	0
794	1115	0
795	1115	0
796	1115	0
797	1115	0
798	1115	0
799	1115	0
800	1115	0
801	1115	0
802	1115	0
803	1115	0
804	1115	0
806	1115	0
807	1115	0
808	1115	0
809	1115	0
810	1115	0
811	1115	0
812	1115	0
813	1115	0
814	1115	0
816	1115	0
817	1115	0
818	1115	0
819	1115	1
820	1115	0
821	1115	0
822	1115	0
823	1115	0
824	1115	0
825	1115	0
826	1115	0
827	1115	1
828	1115	0
829	1115	1
830	1115	1
831	1115	0
832	1115	1
833	1115	1
834	1115	1
835	1115	0
836	1115	0
837	1115	1
839	1115	0
840	1115	0
841	1115	0
842	1115	0
843	1115	0
844	1115	0
845	1115	0
846	1115	0
847	1115	0
848	1115	0
849	1115	0
850	1115	0
851	1115	0
852	1115	0
853	1115	0
854	1115	0
855	1115	0
856	1115	0
857	1115	0
858	1115	0
859	1115	0
860	1115	0
861	1115	0
862	1115	0
863	1115	0
865	1115	0
866	1115	0
867	1115	0
868	1115	0
869	1115	0
870	1115	0
872	1115	0
873	1115	0
874	1115	0
875	1115	0
876	1115	0
877	1115	0
878	1115	0
879	1115	0
880	1115	0
881	1115	0
882	1115	0
883	1115	0
884	1115	0
885	1115	0
886	1115	0
887	1115	0
888	1115	0
889	1115	0
890	1115	0
891	1115	0
892	1115	0
893	1115	0
894	1115	0
895	1115	0
896	1115	0
897	1115	0
898	1115	0
900	1115	0
901	1115	0
902	1115	0
903	1115	0
904	1115	0
905	1115	0
906	1115	0
907	1115	0
908	1115	0
909	1115	0
910	1115	0
911	1115	0
912	1115	0
913	1115	0
914	1115	0
916	1115	0
917	1115	1
918	1115	0
919	1115	0
920	1115	0
921	1115	1
922	1115	0
924	1115	0
925	1115	0
926	1115	0
927	1115	0
928	1115	1
930	1115	0
931	1115	0
933	1115	0
934	1115	0
935	1115	0
936	1115	0
937	1115	1
938	1115	0
939	1115	0
940	1115	0
941	1115	0
942	1115	0
943	1115	0
944	1115	0
945	1115	0
946	1115	0
947	1115	0
948	1115	0
949	1115	0
950	1115	0
952	1115	0
953	1115	0
954	1115	0
955	1115	0
956	1115	0
958	1115	1
959	1115	1
961	1115	0
962	1115	0
963	1115	1
964	1115	0
965	1115	1
967	1115	1
