8	971	1
10	971	0
13	971	1
16	971	0
18	971	0
20	971	0
21	971	0
24	971	1
27	971	0
31	971	1
32	971	1
33	971	0
34	971	0
36	971	0
39	971	0
42	971	0
43	971	0
44	971	0
45	971	0
47	971	1
48	971	0
49	971	1
59	971	1
61	971	0
64	971	0
67	971	0
71	971	0
76	971	0
87	971	0
93	971	0
96	971	0
98	971	0
101	971	0
106	971	0
109	971	0
112	971	0
113	971	0
117	971	0
120	971	0
121	971	0
122	971	0
125	971	0
130	971	0
131	971	0
133	971	0
134	971	0
135	971	0
137	971	0
138	971	1
139	971	0
140	971	0
141	971	0
142	971	0
143	971	0
146	971	0
151	971	0
152	971	0
154	971	0
156	971	0
157	971	0
159	971	0
162	971	0
163	971	0
164	971	1
168	971	0
170	971	0
171	971	0
172	971	1
174	971	0
181	971	0
182	971	0
183	971	0
184	971	0
188	971	1
190	971	0
191	971	1
192	971	0
193	971	0
194	971	0
195	971	1
196	971	0
197	971	0
201	971	1
202	971	0
203	971	0
204	971	0
205	971	0
206	971	0
207	971	1
208	971	0
209	971	1
210	971	0
211	971	0
214	971	0
221	971	0
222	971	0
224	971	0
225	971	0
227	971	1
228	971	1
230	971	0
232	971	0
233	971	0
234	971	0
251	971	0
252	971	0
253	971	0
255	971	0
263	971	0
267	971	0
269	971	0
274	971	0
275	971	0
279	971	0
282	971	0
283	971	0
289	971	0
290	971	0
296	971	0
301	971	0
310	971	0
316	971	1
328	971	0
329	971	0
334	971	0
336	971	1
338	971	0
339	971	0
340	971	0
341	971	0
343	971	0
358	971	0
359	971	0
360	971	0
361	971	0
363	971	0
364	971	0
365	971	0
367	971	0
368	971	0
370	971	1
371	971	0
372	971	0
373	971	1
374	971	0
375	971	0
377	971	0
378	971	1
379	971	0
380	971	0
381	971	0
382	971	1
383	971	0
384	971	0
385	971	1
386	971	0
390	971	0
391	971	0
393	971	0
395	971	0
401	971	1
402	971	0
404	971	0
405	971	0
406	971	0
408	971	1
420	971	0
421	971	0
422	971	0
423	971	0
424	971	0
425	971	0
426	971	1
427	971	1
428	971	0
429	971	0
430	971	0
431	971	0
432	971	0
433	971	0
435	971	0
436	971	0
443	971	0
446	971	0
448	971	0
449	971	0
450	971	0
451	971	0
453	971	0
454	971	0
455	971	0
457	971	0
458	971	0
459	971	0
461	971	1
464	971	0
465	971	1
475	971	0
476	971	0
478	971	0
486	971	0
487	971	0
489	971	0
496	971	0
497	971	0
499	971	0
500	971	0
503	971	1
505	971	0
506	971	1
508	971	0
509	971	0
510	971	0
511	971	1
512	971	0
514	971	1
515	971	0
516	971	0
517	971	0
518	971	0
519	971	1
520	971	0
521	971	0
522	971	0
524	971	0
525	971	1
526	971	0
527	971	0
528	971	0
529	971	0
534	971	0
536	971	0
537	971	0
538	971	0
540	971	0
541	971	1
542	971	0
544	971	0
549	971	0
551	971	0
554	971	1
557	971	0
561	971	1
565	971	0
566	971	0
567	971	0
568	971	0
569	971	0
573	971	0
574	971	0
584	971	0
585	971	0
588	971	0
589	971	0
592	971	0
595	971	0
597	971	0
607	971	0
608	971	0
612	971	0
613	971	0
616	971	0
617	971	0
620	971	0
625	971	0
626	971	0
627	971	1
630	971	0
631	971	0
633	971	0
637	971	0
640	971	0
641	971	0
642	971	1
643	971	0
644	971	0
645	971	0
646	971	0
647	971	0
648	971	0
649	971	0
650	971	1
651	971	0
652	971	0
661	971	1
662	971	0
663	971	1
664	971	0
666	971	0
667	971	0
672	971	0
673	971	0
674	971	0
683	971	0
692	971	0
693	971	0
694	971	1
713	971	0
715	971	0
718	971	1
720	971	0
721	971	0
728	971	0
732	971	0
737	971	0
738	971	0
741	971	0
742	971	0
743	971	0
745	971	0
747	971	0
748	971	0
749	971	0
750	971	1
754	971	0
758	971	0
761	971	0
763	971	1
768	971	0
769	971	0
771	971	1
772	971	0
773	971	0
774	971	0
778	971	0
780	971	0
784	971	1
786	971	0
787	971	0
796	971	0
798	971	0
799	971	0
802	971	0
803	971	0
805	971	0
808	971	0
810	971	0
824	971	0
825	971	0
827	971	0
828	971	1
830	971	0
831	971	1
833	971	0
834	971	0
837	971	1
839	971	0
840	971	1
855	971	0
859	971	0
862	971	0
863	971	0
864	971	0
870	971	0
873	971	0
874	971	0
875	971	1
876	971	0
877	971	1
879	971	1
880	971	0
881	971	0
882	971	0
883	971	0
885	971	0
886	971	0
887	971	0
888	971	0
890	971	0
895	971	0
900	971	0
901	971	0
904	971	0
906	971	0
911	971	1
912	971	0
913	971	0
917	971	0
923	971	0
924	971	0
928	971	0
937	971	0
943	971	0
944	971	0
947	971	0
949	971	0
952	971	0
953	971	0
954	971	0
955	971	1
956	971	0
958	971	0
963	971	0
964	971	0
965	971	0
967	971	0
