0	1045	0
1	1045	0
2	1045	0
3	1045	0
4	1045	0
5	1045	0
6	1045	0
7	1045	0
8	1045	1
9	1045	1
10	1045	0
11	1045	0
12	1045	0
13	1045	0
14	1045	0
15	1045	0
16	1045	1
17	1045	0
18	1045	1
19	1045	0
20	1045	0
21	1045	1
22	1045	0
23	1045	0
24	1045	0
26	1045	0
27	1045	1
28	1045	0
29	1045	0
30	1045	0
31	1045	1
32	1045	1
33	1045	0
34	1045	1
35	1045	0
36	1045	0
37	1045	1
38	1045	0
39	1045	0
40	1045	0
42	1045	0
43	1045	0
44	1045	0
45	1045	1
46	1045	1
47	1045	0
48	1045	0
49	1045	0
50	1045	0
51	1045	0
52	1045	0
53	1045	0
54	1045	0
55	1045	0
56	1045	0
57	1045	0
58	1045	0
59	1045	0
60	1045	0
61	1045	0
62	1045	0
64	1045	0
65	1045	1
66	1045	1
67	1045	0
68	1045	0
69	1045	0
70	1045	0
71	1045	0
72	1045	0
73	1045	1
74	1045	0
75	1045	0
76	1045	0
77	1045	0
78	1045	0
79	1045	0
80	1045	0
81	1045	0
82	1045	1
83	1045	0
84	1045	0
85	1045	0
86	1045	0
87	1045	0
88	1045	0
89	1045	0
90	1045	0
91	1045	0
92	1045	0
93	1045	0
94	1045	0
95	1045	0
96	1045	1
97	1045	0
98	1045	0
99	1045	0
100	1045	0
101	1045	0
102	1045	0
103	1045	0
104	1045	0
105	1045	0
106	1045	0
109	1045	0
111	1045	1
112	1045	0
113	1045	0
114	1045	0
115	1045	1
116	1045	0
117	1045	0
118	1045	0
119	1045	1
120	1045	1
121	1045	0
122	1045	0
123	1045	0
124	1045	1
125	1045	0
130	1045	1
131	1045	0
132	1045	0
133	1045	0
134	1045	0
136	1045	0
137	1045	0
138	1045	1
139	1045	0
141	1045	1
142	1045	0
144	1045	0
146	1045	0
147	1045	0
149	1045	0
150	1045	0
151	1045	0
152	1045	0
153	1045	0
154	1045	0
155	1045	0
156	1045	0
157	1045	0
158	1045	0
159	1045	0
160	1045	0
161	1045	0
162	1045	0
163	1045	1
164	1045	0
165	1045	0
166	1045	0
168	1045	0
169	1045	0
170	1045	1
171	1045	0
172	1045	0
173	1045	0
174	1045	0
175	1045	0
177	1045	0
178	1045	1
179	1045	0
180	1045	0
181	1045	0
182	1045	0
183	1045	1
184	1045	0
187	1045	0
188	1045	0
189	1045	0
190	1045	0
191	1045	0
192	1045	0
193	1045	0
194	1045	0
195	1045	0
196	1045	1
197	1045	0
200	1045	0
201	1045	0
202	1045	0
203	1045	1
204	1045	1
206	1045	1
207	1045	1
208	1045	0
210	1045	0
211	1045	0
212	1045	1
213	1045	0
214	1045	0
216	1045	0
217	1045	0
218	1045	1
219	1045	0
220	1045	0
223	1045	0
224	1045	0
225	1045	0
226	1045	1
227	1045	0
228	1045	1
229	1045	0
230	1045	0
231	1045	0
232	1045	0
233	1045	0
234	1045	0
235	1045	0
236	1045	0
237	1045	0
238	1045	0
239	1045	0
240	1045	1
241	1045	0
242	1045	0
244	1045	0
245	1045	0
246	1045	0
247	1045	0
248	1045	0
249	1045	1
250	1045	0
251	1045	0
252	1045	0
253	1045	0
254	1045	0
255	1045	0
256	1045	0
258	1045	0
259	1045	0
260	1045	0
261	1045	0
262	1045	0
263	1045	0
264	1045	0
265	1045	0
266	1045	0
267	1045	0
268	1045	0
269	1045	0
270	1045	0
271	1045	0
272	1045	0
273	1045	1
274	1045	1
275	1045	0
276	1045	1
277	1045	0
278	1045	1
279	1045	0
280	1045	0
281	1045	0
282	1045	0
283	1045	0
284	1045	0
285	1045	0
286	1045	0
288	1045	0
289	1045	0
290	1045	0
291	1045	0
292	1045	0
293	1045	0
294	1045	1
295	1045	0
296	1045	0
297	1045	0
298	1045	0
299	1045	0
300	1045	0
301	1045	0
302	1045	0
303	1045	0
304	1045	0
306	1045	0
308	1045	0
309	1045	0
310	1045	0
311	1045	0
312	1045	0
313	1045	0
314	1045	0
315	1045	0
316	1045	0
317	1045	0
318	1045	0
319	1045	0
320	1045	0
321	1045	0
322	1045	0
323	1045	0
324	1045	0
325	1045	0
326	1045	0
327	1045	0
328	1045	0
329	1045	0
330	1045	0
331	1045	0
333	1045	0
334	1045	0
335	1045	0
336	1045	0
337	1045	0
338	1045	0
339	1045	1
340	1045	0
341	1045	0
342	1045	0
343	1045	0
344	1045	0
346	1045	0
347	1045	0
348	1045	0
349	1045	0
350	1045	0
354	1045	0
355	1045	0
356	1045	0
357	1045	0
358	1045	0
359	1045	0
360	1045	0
361	1045	0
363	1045	0
364	1045	0
365	1045	0
366	1045	0
367	1045	0
368	1045	0
370	1045	1
371	1045	0
372	1045	0
373	1045	1
374	1045	0
377	1045	0
378	1045	1
379	1045	0
380	1045	0
381	1045	0
382	1045	0
383	1045	0
384	1045	0
385	1045	0
386	1045	0
387	1045	0
388	1045	0
390	1045	0
391	1045	0
393	1045	0
394	1045	0
395	1045	0
396	1045	0
397	1045	0
398	1045	0
399	1045	0
400	1045	0
401	1045	0
402	1045	0
403	1045	1
404	1045	1
405	1045	0
406	1045	0
408	1045	0
409	1045	0
410	1045	0
411	1045	1
412	1045	0
413	1045	0
414	1045	0
415	1045	0
416	1045	0
417	1045	0
418	1045	0
419	1045	0
420	1045	0
421	1045	0
422	1045	0
423	1045	0
424	1045	0
425	1045	0
426	1045	1
427	1045	0
428	1045	0
429	1045	0
430	1045	0
431	1045	0
432	1045	0
433	1045	0
434	1045	0
435	1045	0
436	1045	0
437	1045	1
438	1045	0
439	1045	0
440	1045	0
441	1045	0
442	1045	0
443	1045	0
444	1045	0
445	1045	0
446	1045	0
447	1045	0
448	1045	0
449	1045	0
450	1045	0
451	1045	0
452	1045	0
453	1045	0
454	1045	0
455	1045	0
456	1045	0
457	1045	0
458	1045	0
459	1045	0
460	1045	0
461	1045	0
462	1045	0
463	1045	0
464	1045	0
465	1045	0
466	1045	0
467	1045	0
468	1045	0
469	1045	0
470	1045	0
471	1045	0
472	1045	0
473	1045	0
474	1045	0
475	1045	0
476	1045	0
477	1045	0
478	1045	0
480	1045	0
481	1045	0
482	1045	0
483	1045	0
484	1045	0
485	1045	0
486	1045	0
487	1045	0
489	1045	0
490	1045	0
491	1045	0
492	1045	0
493	1045	0
495	1045	1
496	1045	0
497	1045	0
499	1045	0
500	1045	0
501	1045	1
502	1045	0
503	1045	0
505	1045	1
508	1045	0
509	1045	1
510	1045	0
511	1045	0
512	1045	0
513	1045	0
514	1045	0
515	1045	0
516	1045	0
517	1045	0
518	1045	0
519	1045	0
520	1045	0
521	1045	0
522	1045	0
523	1045	0
524	1045	0
525	1045	0
527	1045	0
528	1045	1
529	1045	0
533	1045	0
534	1045	0
536	1045	0
537	1045	0
538	1045	0
540	1045	0
541	1045	0
542	1045	0
543	1045	1
544	1045	0
546	1045	0
547	1045	0
548	1045	0
549	1045	0
550	1045	0
551	1045	0
553	1045	0
554	1045	0
555	1045	0
556	1045	0
557	1045	0
558	1045	0
559	1045	0
560	1045	0
561	1045	0
562	1045	0
563	1045	0
564	1045	0
565	1045	0
566	1045	0
567	1045	0
568	1045	0
569	1045	0
570	1045	0
571	1045	0
572	1045	0
573	1045	0
574	1045	0
575	1045	0
576	1045	0
577	1045	0
578	1045	0
579	1045	0
580	1045	0
582	1045	0
583	1045	0
584	1045	0
585	1045	0
586	1045	0
587	1045	0
588	1045	0
589	1045	0
590	1045	0
591	1045	0
592	1045	0
593	1045	0
594	1045	0
595	1045	0
596	1045	0
597	1045	0
598	1045	0
599	1045	0
600	1045	0
601	1045	0
602	1045	0
604	1045	0
605	1045	0
606	1045	0
607	1045	0
608	1045	0
609	1045	0
611	1045	0
612	1045	0
613	1045	0
614	1045	0
615	1045	0
616	1045	0
617	1045	0
618	1045	0
620	1045	0
621	1045	0
622	1045	0
624	1045	0
625	1045	0
626	1045	0
627	1045	0
628	1045	0
630	1045	0
631	1045	0
632	1045	0
633	1045	0
635	1045	0
636	1045	0
637	1045	0
640	1045	0
641	1045	0
642	1045	0
643	1045	0
644	1045	0
645	1045	0
646	1045	0
647	1045	0
648	1045	0
649	1045	0
650	1045	0
651	1045	0
652	1045	0
653	1045	0
654	1045	0
655	1045	0
658	1045	0
659	1045	0
661	1045	0
662	1045	0
663	1045	0
664	1045	1
666	1045	0
667	1045	0
668	1045	0
669	1045	0
670	1045	0
671	1045	0
672	1045	0
673	1045	0
674	1045	0
675	1045	0
676	1045	0
680	1045	0
682	1045	0
683	1045	0
684	1045	0
685	1045	0
686	1045	0
688	1045	0
689	1045	0
690	1045	1
691	1045	0
692	1045	1
693	1045	0
694	1045	1
695	1045	0
696	1045	0
697	1045	0
698	1045	0
699	1045	0
700	1045	0
701	1045	0
702	1045	0
703	1045	1
704	1045	0
705	1045	0
706	1045	0
707	1045	0
708	1045	1
709	1045	0
710	1045	0
711	1045	0
713	1045	0
714	1045	0
715	1045	0
716	1045	0
717	1045	0
718	1045	0
720	1045	0
721	1045	0
722	1045	0
728	1045	0
730	1045	0
731	1045	0
732	1045	0
733	1045	0
734	1045	0
735	1045	0
736	1045	0
737	1045	1
738	1045	0
739	1045	0
740	1045	0
741	1045	0
742	1045	0
744	1045	0
745	1045	0
746	1045	0
747	1045	0
748	1045	0
749	1045	0
750	1045	1
751	1045	0
752	1045	0
753	1045	0
754	1045	0
755	1045	0
756	1045	0
757	1045	0
758	1045	0
759	1045	0
760	1045	0
761	1045	0
762	1045	0
763	1045	0
764	1045	0
765	1045	0
766	1045	0
767	1045	0
768	1045	0
769	1045	0
770	1045	0
771	1045	0
772	1045	0
773	1045	0
774	1045	1
775	1045	0
776	1045	0
777	1045	0
778	1045	0
779	1045	0
780	1045	1
783	1045	0
784	1045	1
785	1045	1
786	1045	0
787	1045	0
788	1045	0
789	1045	0
790	1045	0
791	1045	0
794	1045	0
796	1045	0
797	1045	0
798	1045	1
799	1045	0
800	1045	0
801	1045	0
802	1045	0
803	1045	0
804	1045	0
806	1045	0
807	1045	0
808	1045	0
809	1045	0
810	1045	0
811	1045	0
814	1045	0
816	1045	0
817	1045	0
819	1045	0
820	1045	1
821	1045	0
824	1045	0
825	1045	0
827	1045	0
828	1045	0
830	1045	0
831	1045	0
832	1045	0
833	1045	1
834	1045	1
835	1045	0
836	1045	0
837	1045	0
839	1045	0
840	1045	0
841	1045	0
843	1045	0
844	1045	1
845	1045	0
846	1045	0
847	1045	0
848	1045	0
849	1045	0
850	1045	0
851	1045	0
852	1045	0
853	1045	0
854	1045	0
855	1045	0
856	1045	0
857	1045	0
858	1045	0
859	1045	0
860	1045	0
861	1045	0
862	1045	0
863	1045	0
864	1045	0
865	1045	0
866	1045	1
867	1045	0
868	1045	0
869	1045	0
870	1045	0
872	1045	0
873	1045	0
874	1045	0
875	1045	0
876	1045	0
877	1045	0
879	1045	0
880	1045	0
881	1045	0
882	1045	0
883	1045	0
884	1045	0
885	1045	0
886	1045	0
887	1045	0
888	1045	0
889	1045	0
890	1045	0
891	1045	0
892	1045	0
893	1045	0
894	1045	0
895	1045	0
896	1045	0
897	1045	0
898	1045	0
900	1045	0
901	1045	0
902	1045	0
903	1045	0
904	1045	0
905	1045	0
906	1045	0
907	1045	1
908	1045	0
909	1045	0
911	1045	1
912	1045	1
913	1045	0
914	1045	0
916	1045	0
917	1045	0
918	1045	0
919	1045	0
920	1045	0
921	1045	0
922	1045	0
923	1045	0
924	1045	0
925	1045	0
927	1045	0
928	1045	0
930	1045	0
931	1045	1
933	1045	0
934	1045	1
936	1045	0
937	1045	0
939	1045	0
940	1045	0
941	1045	1
942	1045	0
943	1045	0
944	1045	0
945	1045	0
946	1045	1
947	1045	1
948	1045	0
949	1045	0
950	1045	0
952	1045	0
953	1045	0
954	1045	0
955	1045	0
956	1045	0
958	1045	0
961	1045	0
962	1045	0
963	1045	1
964	1045	0
965	1045	1
966	1045	1
967	1045	0
