1	1215	0
2	1215	0
3	1215	0
4	1215	0
5	1215	0
6	1215	0
7	1215	1
8	1215	1
9	1215	0
10	1215	1
11	1215	0
12	1215	0
13	1215	0
14	1215	0
15	1215	1
16	1215	0
17	1215	1
18	1215	0
19	1215	1
20	1215	0
21	1215	0
22	1215	0
23	1215	0
24	1215	0
25	1215	0
26	1215	1
27	1215	0
28	1215	0
29	1215	0
31	1215	0
32	1215	0
33	1215	0
34	1215	0
35	1215	0
36	1215	0
37	1215	0
38	1215	0
39	1215	0
40	1215	0
41	1215	0
42	1215	0
43	1215	0
44	1215	0
45	1215	0
46	1215	0
47	1215	0
48	1215	0
49	1215	1
50	1215	0
51	1215	0
52	1215	0
53	1215	0
54	1215	0
55	1215	0
56	1215	0
58	1215	0
59	1215	1
60	1215	0
61	1215	0
62	1215	0
63	1215	0
64	1215	1
65	1215	0
66	1215	1
67	1215	0
68	1215	0
69	1215	0
70	1215	0
71	1215	0
72	1215	0
73	1215	0
74	1215	0
75	1215	0
77	1215	0
78	1215	0
79	1215	1
80	1215	0
81	1215	1
82	1215	0
83	1215	1
84	1215	0
85	1215	0
86	1215	0
87	1215	0
88	1215	0
89	1215	0
90	1215	0
91	1215	0
92	1215	0
93	1215	0
94	1215	0
95	1215	0
96	1215	0
97	1215	0
98	1215	0
99	1215	0
100	1215	0
101	1215	1
102	1215	1
103	1215	0
104	1215	0
105	1215	0
106	1215	0
107	1215	0
108	1215	0
109	1215	0
110	1215	1
111	1215	0
112	1215	0
113	1215	0
114	1215	0
115	1215	0
116	1215	0
117	1215	0
118	1215	0
119	1215	0
120	1215	1
121	1215	0
122	1215	0
123	1215	0
124	1215	0
125	1215	1
128	1215	0
129	1215	0
130	1215	0
131	1215	0
132	1215	0
133	1215	0
134	1215	0
135	1215	0
136	1215	0
137	1215	0
138	1215	0
139	1215	0
140	1215	0
141	1215	0
142	1215	0
143	1215	0
144	1215	0
145	1215	0
146	1215	0
147	1215	0
148	1215	1
150	1215	1
151	1215	0
152	1215	0
153	1215	0
154	1215	1
155	1215	0
156	1215	0
157	1215	0
158	1215	0
159	1215	0
161	1215	0
162	1215	0
163	1215	0
165	1215	0
166	1215	0
167	1215	0
168	1215	0
169	1215	0
170	1215	0
171	1215	0
172	1215	0
173	1215	0
174	1215	0
175	1215	0
177	1215	0
178	1215	0
179	1215	0
180	1215	0
181	1215	0
182	1215	0
183	1215	0
184	1215	0
185	1215	0
186	1215	0
187	1215	0
188	1215	0
189	1215	0
190	1215	0
191	1215	1
192	1215	1
193	1215	1
194	1215	0
195	1215	0
196	1215	1
197	1215	1
198	1215	0
199	1215	0
200	1215	1
201	1215	1
202	1215	0
203	1215	1
204	1215	0
206	1215	0
207	1215	1
208	1215	0
209	1215	1
210	1215	0
211	1215	1
212	1215	1
213	1215	1
214	1215	0
215	1215	0
216	1215	0
217	1215	0
218	1215	0
219	1215	0
221	1215	0
222	1215	0
223	1215	0
224	1215	1
226	1215	0
227	1215	0
228	1215	1
230	1215	1
231	1215	0
232	1215	1
233	1215	1
234	1215	0
235	1215	0
236	1215	0
237	1215	0
238	1215	0
239	1215	0
240	1215	0
241	1215	0
242	1215	0
243	1215	0
244	1215	0
245	1215	0
246	1215	0
247	1215	0
248	1215	0
249	1215	1
250	1215	0
251	1215	0
252	1215	0
253	1215	1
254	1215	0
255	1215	0
256	1215	0
257	1215	0
258	1215	1
259	1215	0
260	1215	0
261	1215	0
262	1215	0
263	1215	0
264	1215	0
265	1215	0
266	1215	0
267	1215	0
268	1215	0
271	1215	0
272	1215	0
273	1215	0
274	1215	0
275	1215	0
277	1215	0
278	1215	0
281	1215	0
282	1215	0
283	1215	0
284	1215	0
285	1215	0
286	1215	0
287	1215	0
288	1215	1
289	1215	0
290	1215	0
291	1215	0
292	1215	0
293	1215	0
294	1215	0
295	1215	0
296	1215	1
297	1215	0
298	1215	0
300	1215	0
301	1215	0
302	1215	0
303	1215	0
304	1215	0
305	1215	0
306	1215	0
307	1215	0
308	1215	0
309	1215	0
310	1215	0
311	1215	1
312	1215	1
313	1215	0
314	1215	0
315	1215	0
316	1215	0
317	1215	0
318	1215	1
320	1215	0
321	1215	0
322	1215	0
323	1215	0
324	1215	0
325	1215	0
326	1215	0
327	1215	0
328	1215	1
329	1215	0
330	1215	0
331	1215	0
332	1215	0
333	1215	1
334	1215	0
336	1215	1
337	1215	0
338	1215	1
339	1215	0
340	1215	0
341	1215	0
342	1215	0
343	1215	0
344	1215	0
345	1215	0
346	1215	0
347	1215	0
348	1215	0
349	1215	0
350	1215	0
351	1215	0
352	1215	0
353	1215	0
355	1215	0
356	1215	0
357	1215	0
358	1215	0
359	1215	0
360	1215	1
361	1215	0
362	1215	0
363	1215	0
364	1215	0
365	1215	0
366	1215	0
367	1215	1
368	1215	0
369	1215	0
370	1215	0
371	1215	0
372	1215	0
373	1215	0
374	1215	0
375	1215	0
376	1215	0
377	1215	0
378	1215	0
379	1215	1
380	1215	0
381	1215	0
382	1215	0
383	1215	0
384	1215	0
385	1215	0
386	1215	0
388	1215	0
389	1215	0
391	1215	0
392	1215	0
393	1215	0
394	1215	0
395	1215	1
396	1215	0
397	1215	0
398	1215	0
399	1215	0
400	1215	0
401	1215	0
402	1215	0
403	1215	0
404	1215	0
405	1215	0
406	1215	0
407	1215	0
408	1215	0
410	1215	0
411	1215	0
412	1215	0
413	1215	0
414	1215	0
415	1215	0
416	1215	0
417	1215	0
418	1215	0
419	1215	0
420	1215	0
421	1215	0
422	1215	0
423	1215	1
424	1215	0
425	1215	0
426	1215	0
427	1215	0
428	1215	0
429	1215	0
430	1215	0
431	1215	0
432	1215	0
433	1215	0
434	1215	0
435	1215	0
436	1215	0
437	1215	0
438	1215	0
439	1215	1
440	1215	0
441	1215	0
442	1215	0
443	1215	0
444	1215	0
445	1215	0
446	1215	0
447	1215	0
448	1215	1
449	1215	0
450	1215	0
451	1215	0
452	1215	0
453	1215	0
454	1215	0
455	1215	0
456	1215	0
457	1215	0
458	1215	0
459	1215	0
460	1215	1
461	1215	0
462	1215	0
463	1215	0
464	1215	0
465	1215	0
466	1215	0
467	1215	0
468	1215	0
469	1215	0
470	1215	0
471	1215	0
472	1215	0
473	1215	0
475	1215	0
476	1215	0
477	1215	0
478	1215	0
479	1215	0
480	1215	0
481	1215	0
482	1215	0
483	1215	0
484	1215	0
485	1215	0
486	1215	0
487	1215	0
488	1215	0
489	1215	0
490	1215	0
491	1215	0
493	1215	0
494	1215	0
495	1215	0
496	1215	1
497	1215	0
499	1215	0
500	1215	0
501	1215	0
502	1215	1
503	1215	0
504	1215	0
505	1215	0
506	1215	0
507	1215	1
508	1215	1
509	1215	0
510	1215	0
511	1215	0
512	1215	0
513	1215	0
514	1215	0
515	1215	0
516	1215	0
517	1215	0
518	1215	0
519	1215	0
520	1215	0
521	1215	0
522	1215	0
523	1215	0
524	1215	0
525	1215	0
526	1215	0
527	1215	1
529	1215	0
530	1215	0
531	1215	0
533	1215	1
534	1215	0
535	1215	0
536	1215	0
537	1215	0
538	1215	0
539	1215	0
540	1215	0
541	1215	0
542	1215	1
543	1215	0
544	1215	0
545	1215	0
546	1215	0
547	1215	0
548	1215	0
549	1215	0
550	1215	1
551	1215	0
553	1215	1
554	1215	0
555	1215	0
556	1215	0
557	1215	1
558	1215	0
560	1215	0
561	1215	0
562	1215	1
563	1215	1
564	1215	0
565	1215	0
566	1215	0
567	1215	0
568	1215	0
569	1215	1
570	1215	0
571	1215	0
574	1215	0
575	1215	0
576	1215	0
577	1215	1
578	1215	0
579	1215	0
581	1215	0
582	1215	0
583	1215	0
584	1215	1
585	1215	0
586	1215	0
587	1215	0
588	1215	0
589	1215	0
590	1215	0
591	1215	0
593	1215	0
595	1215	0
596	1215	0
597	1215	0
598	1215	0
599	1215	0
600	1215	0
601	1215	0
602	1215	0
604	1215	0
605	1215	1
606	1215	0
607	1215	0
608	1215	0
609	1215	0
611	1215	0
612	1215	0
614	1215	0
615	1215	0
616	1215	0
617	1215	0
618	1215	0
619	1215	0
621	1215	0
622	1215	0
624	1215	0
625	1215	0
626	1215	0
627	1215	0
628	1215	0
630	1215	0
632	1215	0
633	1215	0
634	1215	0
635	1215	0
636	1215	0
637	1215	0
638	1215	0
639	1215	0
640	1215	0
641	1215	0
642	1215	0
645	1215	1
646	1215	0
647	1215	0
648	1215	0
649	1215	0
650	1215	0
651	1215	1
652	1215	0
653	1215	1
654	1215	0
655	1215	0
656	1215	0
657	1215	0
658	1215	0
659	1215	0
660	1215	1
661	1215	1
662	1215	0
663	1215	0
664	1215	0
666	1215	0
667	1215	0
668	1215	0
669	1215	0
670	1215	0
671	1215	0
672	1215	0
673	1215	0
674	1215	0
675	1215	0
676	1215	0
677	1215	0
678	1215	0
679	1215	0
680	1215	0
681	1215	0
682	1215	0
683	1215	0
684	1215	0
685	1215	1
686	1215	0
687	1215	0
688	1215	0
689	1215	0
690	1215	0
691	1215	0
692	1215	1
693	1215	0
694	1215	0
696	1215	0
697	1215	0
698	1215	0
699	1215	0
701	1215	0
702	1215	0
703	1215	0
704	1215	0
705	1215	0
706	1215	0
707	1215	0
708	1215	0
709	1215	1
710	1215	0
711	1215	0
712	1215	0
713	1215	0
714	1215	0
715	1215	0
716	1215	0
717	1215	0
718	1215	0
719	1215	0
720	1215	0
721	1215	0
722	1215	0
723	1215	0
724	1215	0
725	1215	0
726	1215	0
727	1215	0
728	1215	0
729	1215	1
730	1215	0
731	1215	0
732	1215	0
733	1215	0
734	1215	0
735	1215	0
736	1215	0
737	1215	0
738	1215	1
739	1215	0
740	1215	0
741	1215	0
742	1215	0
743	1215	0
744	1215	0
745	1215	0
746	1215	0
747	1215	0
748	1215	0
749	1215	0
750	1215	0
751	1215	0
752	1215	0
753	1215	0
754	1215	0
755	1215	0
756	1215	0
757	1215	0
758	1215	0
759	1215	0
760	1215	0
761	1215	0
762	1215	0
764	1215	0
765	1215	0
766	1215	0
767	1215	0
768	1215	0
769	1215	0
770	1215	0
771	1215	0
772	1215	0
773	1215	0
775	1215	0
776	1215	0
777	1215	1
778	1215	0
779	1215	1
780	1215	1
781	1215	0
782	1215	0
783	1215	0
784	1215	0
785	1215	0
786	1215	0
787	1215	0
788	1215	0
789	1215	0
790	1215	0
791	1215	0
792	1215	0
793	1215	0
794	1215	0
795	1215	0
796	1215	0
797	1215	0
798	1215	0
799	1215	0
800	1215	1
801	1215	0
802	1215	0
803	1215	0
804	1215	0
805	1215	0
806	1215	0
807	1215	0
808	1215	0
809	1215	0
810	1215	0
811	1215	1
812	1215	0
814	1215	0
816	1215	0
817	1215	0
818	1215	0
819	1215	0
820	1215	0
822	1215	0
823	1215	0
824	1215	0
825	1215	0
826	1215	0
827	1215	0
829	1215	0
830	1215	0
831	1215	0
832	1215	1
833	1215	0
834	1215	0
835	1215	0
836	1215	0
838	1215	0
839	1215	0
840	1215	0
841	1215	0
842	1215	0
843	1215	0
844	1215	0
845	1215	0
846	1215	0
847	1215	0
848	1215	0
849	1215	0
850	1215	0
851	1215	0
852	1215	0
853	1215	0
854	1215	0
855	1215	0
856	1215	0
857	1215	0
858	1215	0
859	1215	0
860	1215	0
861	1215	0
862	1215	1
863	1215	0
864	1215	0
865	1215	1
866	1215	0
867	1215	0
868	1215	0
869	1215	0
870	1215	1
871	1215	1
872	1215	0
873	1215	0
874	1215	0
875	1215	0
876	1215	0
877	1215	0
878	1215	0
880	1215	0
881	1215	0
882	1215	0
883	1215	0
884	1215	0
885	1215	0
886	1215	0
887	1215	0
888	1215	0
889	1215	0
890	1215	0
891	1215	0
892	1215	1
893	1215	0
894	1215	0
895	1215	0
896	1215	1
897	1215	0
898	1215	0
899	1215	0
900	1215	0
901	1215	0
903	1215	0
904	1215	0
905	1215	0
907	1215	0
908	1215	0
909	1215	0
910	1215	0
911	1215	0
912	1215	0
913	1215	0
915	1215	0
916	1215	0
917	1215	0
918	1215	0
919	1215	0
920	1215	0
921	1215	0
922	1215	0
923	1215	0
924	1215	0
925	1215	0
926	1215	0
927	1215	0
928	1215	0
929	1215	0
930	1215	0
931	1215	0
933	1215	0
935	1215	0
936	1215	0
937	1215	0
939	1215	0
940	1215	0
941	1215	0
942	1215	0
943	1215	0
944	1215	0
945	1215	0
946	1215	0
947	1215	1
948	1215	0
949	1215	0
953	1215	0
954	1215	1
955	1215	1
957	1215	0
958	1215	0
959	1215	0
960	1215	0
961	1215	0
962	1215	0
963	1215	0
964	1215	1
965	1215	0
966	1215	0
967	1215	1
