8	973	1
10	973	0
13	973	0
16	973	0
18	973	0
20	973	0
21	973	0
24	973	0
27	973	0
31	973	0
32	973	0
33	973	0
34	973	0
36	973	0
39	973	0
42	973	1
43	973	0
44	973	0
45	973	0
47	973	0
48	973	0
49	973	0
59	973	0
61	973	0
64	973	0
67	973	0
71	973	0
76	973	0
87	973	0
93	973	0
96	973	0
98	973	0
101	973	0
106	973	0
109	973	0
112	973	0
113	973	0
117	973	0
120	973	0
121	973	0
122	973	0
125	973	0
130	973	0
131	973	0
133	973	0
134	973	0
137	973	0
138	973	0
139	973	0
140	973	0
141	973	0
142	973	0
143	973	0
146	973	0
151	973	0
152	973	0
154	973	0
156	973	0
157	973	0
159	973	0
162	973	0
163	973	0
164	973	0
168	973	0
170	973	0
171	973	0
172	973	0
174	973	0
181	973	0
182	973	0
183	973	0
184	973	0
188	973	0
190	973	0
191	973	0
192	973	0
193	973	0
194	973	0
195	973	0
196	973	0
197	973	0
201	973	1
202	973	0
203	973	0
204	973	0
205	973	0
206	973	0
207	973	0
208	973	0
210	973	0
211	973	0
214	973	0
221	973	1
222	973	0
224	973	0
225	973	0
227	973	0
228	973	1
230	973	0
232	973	0
233	973	1
234	973	0
251	973	0
252	973	0
253	973	0
255	973	0
263	973	0
269	973	0
274	973	0
275	973	0
279	973	0
282	973	0
283	973	0
289	973	0
290	973	0
296	973	0
301	973	0
310	973	0
316	973	0
328	973	1
329	973	0
334	973	0
336	973	0
338	973	0
339	973	0
340	973	0
341	973	0
343	973	0
358	973	0
359	973	0
360	973	0
361	973	0
364	973	0
365	973	0
367	973	0
368	973	1
370	973	0
371	973	0
372	973	0
373	973	0
374	973	0
375	973	0
377	973	0
378	973	0
379	973	0
380	973	0
381	973	0
382	973	0
383	973	0
384	973	0
385	973	0
386	973	0
390	973	0
391	973	0
393	973	0
395	973	0
401	973	0
402	973	0
404	973	0
405	973	0
406	973	0
420	973	0
421	973	0
422	973	0
423	973	0
424	973	0
425	973	0
426	973	0
427	973	0
428	973	0
429	973	0
430	973	0
431	973	0
432	973	0
433	973	0
435	973	1
436	973	0
443	973	0
446	973	0
448	973	0
449	973	0
450	973	0
451	973	0
453	973	0
454	973	0
455	973	0
457	973	0
458	973	0
459	973	0
461	973	1
464	973	0
465	973	0
475	973	0
476	973	0
478	973	0
486	973	1
487	973	0
489	973	0
496	973	0
497	973	0
499	973	0
500	973	0
503	973	0
505	973	0
506	973	0
508	973	0
509	973	0
510	973	0
511	973	1
512	973	0
514	973	0
515	973	1
516	973	0
517	973	0
518	973	0
519	973	0
520	973	0
521	973	0
522	973	0
524	973	0
525	973	0
526	973	0
527	973	0
528	973	0
529	973	0
534	973	0
536	973	0
538	973	0
540	973	0
541	973	0
542	973	0
544	973	0
549	973	0
551	973	0
554	973	0
557	973	0
561	973	0
565	973	0
566	973	0
567	973	0
568	973	0
569	973	0
573	973	0
574	973	0
584	973	0
585	973	0
588	973	0
589	973	0
592	973	0
595	973	0
597	973	0
607	973	0
608	973	0
612	973	0
613	973	0
616	973	0
617	973	0
620	973	0
625	973	0
626	973	0
627	973	0
630	973	0
631	973	0
633	973	0
637	973	0
640	973	0
641	973	0
642	973	0
643	973	0
644	973	0
645	973	0
646	973	0
647	973	0
648	973	0
649	973	0
650	973	0
651	973	1
652	973	0
661	973	0
662	973	0
663	973	0
664	973	1
666	973	0
667	973	1
672	973	0
673	973	0
674	973	0
683	973	0
692	973	0
693	973	0
694	973	0
713	973	0
715	973	0
718	973	1
720	973	0
721	973	0
728	973	0
732	973	0
737	973	0
738	973	0
741	973	1
742	973	0
743	973	1
745	973	0
747	973	0
748	973	0
749	973	0
750	973	0
754	973	0
758	973	0
761	973	0
763	973	0
767	973	0
768	973	0
769	973	0
771	973	0
772	973	0
773	973	0
774	973	0
778	973	0
780	973	0
784	973	0
786	973	0
787	973	0
796	973	0
798	973	0
799	973	0
802	973	0
803	973	0
805	973	0
808	973	0
810	973	0
824	973	0
825	973	0
827	973	0
828	973	0
830	973	0
831	973	0
833	973	1
834	973	0
837	973	0
839	973	0
840	973	0
855	973	0
859	973	0
862	973	1
863	973	0
864	973	0
870	973	0
873	973	0
874	973	1
875	973	1
876	973	0
877	973	1
879	973	0
880	973	0
881	973	0
882	973	1
883	973	0
885	973	0
886	973	0
887	973	0
888	973	0
890	973	0
895	973	0
900	973	0
901	973	0
904	973	0
911	973	1
913	973	0
917	973	0
923	973	0
924	973	0
928	973	0
937	973	0
943	973	0
944	973	0
947	973	0
949	973	0
952	973	0
953	973	0
954	973	0
955	973	0
956	973	0
958	973	0
963	973	0
964	973	0
965	973	0
967	973	0
