0	1158	0
1	1158	0
3	1158	0
4	1158	0
5	1158	1
6	1158	1
8	1158	1
10	1158	1
11	1158	0
13	1158	1
15	1158	0
16	1158	0
17	1158	0
18	1158	0
19	1158	1
20	1158	0
21	1158	0
22	1158	0
23	1158	0
24	1158	1
25	1158	0
28	1158	0
29	1158	0
30	1158	0
31	1158	1
32	1158	0
33	1158	0
34	1158	0
35	1158	0
36	1158	0
38	1158	0
39	1158	0
40	1158	0
41	1158	0
42	1158	0
43	1158	0
44	1158	0
45	1158	0
47	1158	1
48	1158	0
49	1158	0
51	1158	1
53	1158	1
55	1158	0
58	1158	0
59	1158	1
60	1158	0
61	1158	0
62	1158	0
63	1158	0
64	1158	1
65	1158	0
66	1158	0
67	1158	0
68	1158	0
69	1158	0
70	1158	0
71	1158	0
72	1158	0
73	1158	0
74	1158	0
75	1158	1
77	1158	1
78	1158	0
79	1158	0
80	1158	0
81	1158	1
83	1158	0
84	1158	0
85	1158	0
86	1158	0
87	1158	1
91	1158	0
92	1158	0
93	1158	0
95	1158	0
96	1158	0
97	1158	0
98	1158	0
100	1158	1
101	1158	0
102	1158	0
103	1158	0
104	1158	0
105	1158	0
106	1158	0
107	1158	0
108	1158	0
109	1158	0
110	1158	0
111	1158	0
112	1158	0
113	1158	0
114	1158	0
115	1158	0
116	1158	0
117	1158	0
120	1158	0
121	1158	0
124	1158	0
125	1158	0
129	1158	0
130	1158	0
131	1158	0
132	1158	0
134	1158	0
135	1158	0
136	1158	0
137	1158	0
138	1158	1
139	1158	0
140	1158	0
141	1158	0
142	1158	0
143	1158	0
144	1158	0
145	1158	0
146	1158	0
147	1158	0
148	1158	1
149	1158	0
150	1158	1
151	1158	0
152	1158	1
153	1158	0
154	1158	1
155	1158	0
156	1158	0
157	1158	0
158	1158	0
159	1158	0
160	1158	0
162	1158	0
163	1158	0
164	1158	0
167	1158	0
168	1158	0
169	1158	1
170	1158	0
171	1158	0
172	1158	0
173	1158	0
174	1158	0
175	1158	0
177	1158	0
178	1158	0
179	1158	0
180	1158	1
181	1158	0
182	1158	0
184	1158	0
187	1158	0
188	1158	1
189	1158	0
190	1158	0
191	1158	0
193	1158	0
194	1158	0
195	1158	0
196	1158	0
197	1158	0
198	1158	0
199	1158	0
200	1158	0
201	1158	0
203	1158	0
204	1158	0
206	1158	0
207	1158	1
208	1158	0
209	1158	0
210	1158	0
211	1158	0
212	1158	0
214	1158	0
215	1158	0
216	1158	0
217	1158	0
218	1158	0
219	1158	0
220	1158	0
221	1158	0
222	1158	0
224	1158	0
225	1158	0
227	1158	0
228	1158	0
229	1158	0
230	1158	0
232	1158	0
233	1158	0
237	1158	0
238	1158	0
239	1158	0
240	1158	0
245	1158	0
246	1158	0
248	1158	0
249	1158	1
251	1158	0
252	1158	0
253	1158	1
255	1158	0
258	1158	0
259	1158	0
260	1158	0
261	1158	0
263	1158	0
264	1158	0
265	1158	0
266	1158	0
267	1158	0
268	1158	0
272	1158	0
273	1158	0
274	1158	0
275	1158	0
276	1158	0
277	1158	0
278	1158	0
280	1158	0
281	1158	0
283	1158	0
284	1158	0
285	1158	0
288	1158	0
289	1158	0
290	1158	0
292	1158	0
293	1158	0
295	1158	1
297	1158	0
298	1158	1
302	1158	0
303	1158	0
304	1158	1
305	1158	0
308	1158	0
310	1158	1
311	1158	0
312	1158	0
313	1158	0
314	1158	0
315	1158	0
317	1158	0
318	1158	0
321	1158	0
322	1158	0
323	1158	0
324	1158	0
325	1158	0
326	1158	0
327	1158	0
328	1158	0
330	1158	0
331	1158	0
332	1158	0
333	1158	0
334	1158	0
336	1158	0
337	1158	0
338	1158	0
340	1158	1
341	1158	0
344	1158	0
345	1158	0
346	1158	0
347	1158	0
348	1158	1
349	1158	0
351	1158	0
352	1158	0
353	1158	0
356	1158	0
357	1158	0
358	1158	0
359	1158	0
360	1158	0
361	1158	0
362	1158	0
363	1158	0
364	1158	0
365	1158	0
366	1158	0
367	1158	0
369	1158	0
370	1158	0
371	1158	0
372	1158	0
373	1158	0
374	1158	0
375	1158	0
376	1158	0
377	1158	0
378	1158	0
379	1158	0
381	1158	0
382	1158	0
383	1158	0
384	1158	0
385	1158	0
386	1158	0
387	1158	1
388	1158	0
389	1158	0
390	1158	0
391	1158	0
393	1158	0
394	1158	0
395	1158	0
397	1158	0
398	1158	0
399	1158	0
401	1158	0
402	1158	0
403	1158	0
404	1158	0
405	1158	0
406	1158	0
407	1158	0
408	1158	0
409	1158	0
410	1158	0
412	1158	0
414	1158	0
416	1158	0
417	1158	0
418	1158	0
419	1158	0
420	1158	0
421	1158	0
422	1158	0
423	1158	0
424	1158	0
425	1158	0
426	1158	0
427	1158	1
428	1158	0
430	1158	0
431	1158	0
432	1158	1
436	1158	0
437	1158	0
438	1158	1
439	1158	0
441	1158	0
442	1158	0
446	1158	0
447	1158	1
449	1158	0
450	1158	0
451	1158	0
452	1158	0
453	1158	0
454	1158	0
455	1158	0
456	1158	0
457	1158	0
458	1158	0
459	1158	0
461	1158	0
462	1158	0
463	1158	0
464	1158	0
465	1158	1
466	1158	1
468	1158	0
470	1158	0
473	1158	0
474	1158	0
475	1158	0
476	1158	0
478	1158	0
479	1158	0
480	1158	0
482	1158	0
483	1158	1
484	1158	0
486	1158	0
487	1158	0
488	1158	0
489	1158	0
492	1158	0
493	1158	0
494	1158	0
496	1158	0
497	1158	0
498	1158	0
499	1158	0
500	1158	0
501	1158	1
503	1158	0
504	1158	1
505	1158	0
507	1158	0
508	1158	0
509	1158	0
510	1158	0
511	1158	0
512	1158	0
514	1158	1
515	1158	0
516	1158	0
518	1158	0
519	1158	0
520	1158	0
521	1158	0
522	1158	0
523	1158	0
524	1158	1
525	1158	1
526	1158	0
527	1158	1
528	1158	0
533	1158	0
534	1158	0
535	1158	0
536	1158	0
538	1158	0
539	1158	1
541	1158	0
542	1158	0
543	1158	0
544	1158	0
545	1158	0
546	1158	0
547	1158	0
549	1158	0
550	1158	0
551	1158	0
553	1158	0
554	1158	0
555	1158	0
556	1158	0
557	1158	0
558	1158	0
559	1158	0
560	1158	0
561	1158	0
563	1158	1
565	1158	0
566	1158	0
567	1158	0
568	1158	0
569	1158	0
573	1158	0
575	1158	1
577	1158	1
578	1158	0
580	1158	0
583	1158	0
584	1158	0
585	1158	0
586	1158	0
587	1158	0
588	1158	0
589	1158	0
591	1158	0
593	1158	0
595	1158	0
596	1158	0
597	1158	0
598	1158	0
599	1158	0
600	1158	1
602	1158	0
604	1158	0
605	1158	0
606	1158	0
607	1158	0
608	1158	0
609	1158	0
611	1158	0
612	1158	0
613	1158	0
614	1158	0
616	1158	0
617	1158	0
618	1158	0
619	1158	0
620	1158	0
621	1158	0
622	1158	1
625	1158	0
626	1158	0
627	1158	0
628	1158	0
630	1158	0
632	1158	0
633	1158	0
634	1158	0
635	1158	0
637	1158	0
638	1158	0
639	1158	0
640	1158	0
641	1158	0
642	1158	0
644	1158	1
645	1158	1
646	1158	1
647	1158	0
648	1158	0
649	1158	0
650	1158	0
651	1158	0
652	1158	0
654	1158	0
655	1158	0
656	1158	0
657	1158	0
660	1158	0
661	1158	0
662	1158	0
663	1158	0
664	1158	0
665	1158	1
666	1158	0
667	1158	0
669	1158	0
671	1158	1
672	1158	0
673	1158	0
674	1158	0
676	1158	0
677	1158	0
678	1158	0
679	1158	0
683	1158	0
684	1158	0
685	1158	1
686	1158	0
688	1158	0
689	1158	0
690	1158	0
691	1158	1
692	1158	0
693	1158	0
694	1158	1
695	1158	0
696	1158	0
697	1158	1
699	1158	0
700	1158	0
701	1158	0
703	1158	0
705	1158	0
706	1158	0
709	1158	0
710	1158	0
711	1158	1
713	1158	0
714	1158	1
715	1158	0
717	1158	0
718	1158	1
719	1158	0
720	1158	0
721	1158	1
722	1158	0
724	1158	1
725	1158	0
726	1158	0
727	1158	0
728	1158	0
729	1158	0
730	1158	0
732	1158	0
734	1158	0
735	1158	0
737	1158	0
738	1158	0
739	1158	0
740	1158	0
741	1158	0
742	1158	0
743	1158	0
744	1158	0
745	1158	0
746	1158	1
747	1158	0
748	1158	0
749	1158	1
753	1158	0
755	1158	0
756	1158	0
758	1158	0
759	1158	0
760	1158	0
762	1158	0
764	1158	0
765	1158	0
766	1158	0
767	1158	0
768	1158	0
769	1158	0
770	1158	0
771	1158	1
772	1158	0
773	1158	0
775	1158	0
777	1158	0
778	1158	0
780	1158	0
783	1158	0
786	1158	0
787	1158	0
788	1158	0
790	1158	0
791	1158	0
792	1158	0
794	1158	0
796	1158	0
798	1158	0
799	1158	0
800	1158	0
801	1158	0
802	1158	0
803	1158	0
804	1158	0
808	1158	0
810	1158	0
811	1158	0
816	1158	0
820	1158	0
822	1158	0
824	1158	0
825	1158	0
827	1158	0
830	1158	1
831	1158	0
832	1158	0
833	1158	1
835	1158	0
836	1158	0
837	1158	0
838	1158	0
839	1158	0
840	1158	0
843	1158	0
844	1158	0
845	1158	0
848	1158	0
849	1158	1
850	1158	1
851	1158	0
852	1158	1
853	1158	0
854	1158	0
855	1158	1
857	1158	0
861	1158	0
862	1158	1
863	1158	0
864	1158	1
867	1158	0
868	1158	0
869	1158	1
871	1158	0
873	1158	0
875	1158	0
876	1158	0
877	1158	0
880	1158	0
881	1158	0
882	1158	0
883	1158	0
884	1158	0
885	1158	0
887	1158	0
888	1158	0
889	1158	0
890	1158	0
891	1158	0
893	1158	0
894	1158	0
895	1158	0
896	1158	0
897	1158	0
898	1158	0
899	1158	1
900	1158	0
901	1158	0
903	1158	1
904	1158	0
905	1158	0
907	1158	0
908	1158	0
909	1158	0
910	1158	0
911	1158	1
912	1158	0
913	1158	1
915	1158	0
916	1158	0
917	1158	1
918	1158	0
919	1158	0
920	1158	1
921	1158	0
922	1158	0
923	1158	0
924	1158	0
925	1158	0
926	1158	1
927	1158	0
928	1158	0
929	1158	0
935	1158	0
937	1158	0
939	1158	0
940	1158	0
941	1158	0
942	1158	1
943	1158	0
944	1158	0
946	1158	0
949	1158	0
950	1158	0
952	1158	1
953	1158	0
954	1158	0
955	1158	0
956	1158	1
958	1158	0
959	1158	0
960	1158	0
961	1158	0
962	1158	0
963	1158	0
965	1158	0
966	1158	0
967	1158	0
