0	1159	0
1	1159	0
2	1159	0
3	1159	0
4	1159	0
5	1159	0
6	1159	0
7	1159	0
8	1159	0
9	1159	0
10	1159	0
11	1159	0
12	1159	0
13	1159	0
16	1159	0
17	1159	0
18	1159	0
19	1159	0
20	1159	0
21	1159	0
22	1159	0
23	1159	0
24	1159	0
25	1159	1
26	1159	0
27	1159	0
30	1159	1
31	1159	0
32	1159	0
33	1159	0
34	1159	0
36	1159	0
37	1159	0
38	1159	0
39	1159	0
40	1159	0
41	1159	0
42	1159	0
43	1159	0
45	1159	0
46	1159	0
47	1159	0
48	1159	0
49	1159	0
51	1159	0
53	1159	0
54	1159	0
55	1159	0
56	1159	0
58	1159	0
59	1159	0
60	1159	0
61	1159	1
62	1159	0
63	1159	0
64	1159	0
65	1159	0
66	1159	0
67	1159	0
68	1159	1
69	1159	0
70	1159	0
71	1159	0
72	1159	0
74	1159	0
75	1159	0
77	1159	0
78	1159	1
79	1159	0
80	1159	0
81	1159	1
82	1159	0
83	1159	0
84	1159	0
85	1159	0
86	1159	0
87	1159	0
89	1159	0
90	1159	0
91	1159	0
92	1159	0
93	1159	0
94	1159	0
95	1159	0
96	1159	0
97	1159	0
98	1159	1
99	1159	0
100	1159	1
101	1159	0
102	1159	0
103	1159	0
104	1159	0
105	1159	0
106	1159	0
107	1159	0
108	1159	0
109	1159	0
110	1159	0
111	1159	0
112	1159	0
113	1159	0
114	1159	0
115	1159	0
116	1159	0
117	1159	0
118	1159	0
120	1159	0
121	1159	0
124	1159	0
125	1159	0
129	1159	0
130	1159	0
131	1159	0
132	1159	0
133	1159	0
134	1159	0
135	1159	0
136	1159	0
137	1159	0
138	1159	0
139	1159	0
140	1159	0
141	1159	0
142	1159	0
143	1159	0
144	1159	0
145	1159	0
146	1159	0
147	1159	0
148	1159	1
149	1159	0
151	1159	0
152	1159	0
153	1159	0
154	1159	0
155	1159	0
156	1159	0
157	1159	0
158	1159	0
159	1159	0
160	1159	0
162	1159	0
163	1159	0
164	1159	0
165	1159	1
166	1159	0
167	1159	1
168	1159	0
169	1159	0
170	1159	0
171	1159	0
172	1159	0
173	1159	1
174	1159	0
175	1159	0
178	1159	0
179	1159	0
180	1159	0
181	1159	0
182	1159	0
183	1159	0
184	1159	0
185	1159	0
186	1159	0
187	1159	0
188	1159	0
190	1159	0
191	1159	0
192	1159	0
193	1159	0
194	1159	0
195	1159	0
196	1159	0
197	1159	0
198	1159	1
199	1159	0
200	1159	0
201	1159	0
202	1159	0
203	1159	0
204	1159	0
206	1159	0
207	1159	0
208	1159	0
209	1159	0
210	1159	0
211	1159	0
212	1159	0
213	1159	1
214	1159	0
215	1159	0
216	1159	0
217	1159	0
218	1159	1
219	1159	0
221	1159	0
222	1159	0
223	1159	0
224	1159	0
225	1159	0
227	1159	0
228	1159	0
229	1159	0
230	1159	0
232	1159	0
233	1159	0
234	1159	0
235	1159	0
236	1159	0
237	1159	0
239	1159	0
240	1159	0
245	1159	0
246	1159	0
247	1159	0
248	1159	0
249	1159	1
250	1159	0
251	1159	0
252	1159	0
253	1159	0
254	1159	0
255	1159	0
256	1159	0
257	1159	0
258	1159	1
259	1159	0
260	1159	0
261	1159	0
262	1159	0
263	1159	0
264	1159	0
265	1159	0
266	1159	0
267	1159	0
268	1159	0
270	1159	0
271	1159	0
272	1159	0
273	1159	0
274	1159	0
275	1159	0
277	1159	0
280	1159	0
281	1159	0
282	1159	0
283	1159	0
284	1159	0
285	1159	0
286	1159	0
287	1159	1
288	1159	1
289	1159	0
290	1159	0
291	1159	0
293	1159	0
295	1159	1
296	1159	0
298	1159	0
302	1159	0
303	1159	0
304	1159	0
305	1159	0
306	1159	0
308	1159	0
310	1159	0
312	1159	0
313	1159	0
314	1159	0
315	1159	0
316	1159	0
317	1159	0
318	1159	0
319	1159	0
321	1159	0
322	1159	0
323	1159	0
324	1159	0
325	1159	0
326	1159	0
327	1159	0
328	1159	0
329	1159	0
330	1159	0
331	1159	1
332	1159	0
333	1159	0
334	1159	0
336	1159	0
337	1159	0
338	1159	1
340	1159	0
341	1159	0
343	1159	0
344	1159	0
345	1159	0
346	1159	0
347	1159	0
348	1159	0
350	1159	0
351	1159	0
352	1159	0
353	1159	0
354	1159	1
355	1159	0
356	1159	0
357	1159	0
358	1159	0
359	1159	0
360	1159	0
361	1159	0
362	1159	0
363	1159	0
364	1159	0
365	1159	0
366	1159	0
367	1159	0
369	1159	0
370	1159	0
371	1159	0
372	1159	0
373	1159	0
374	1159	0
376	1159	0
377	1159	0
378	1159	0
379	1159	0
380	1159	0
381	1159	0
382	1159	0
383	1159	0
384	1159	0
385	1159	0
386	1159	0
387	1159	0
388	1159	0
389	1159	0
391	1159	0
392	1159	0
393	1159	0
394	1159	1
395	1159	0
397	1159	0
398	1159	1
399	1159	0
401	1159	0
402	1159	1
403	1159	0
404	1159	0
405	1159	0
406	1159	0
407	1159	0
408	1159	0
409	1159	0
410	1159	0
412	1159	0
414	1159	0
415	1159	0
416	1159	0
417	1159	0
418	1159	0
420	1159	0
421	1159	0
422	1159	0
423	1159	0
424	1159	0
425	1159	0
426	1159	0
428	1159	0
429	1159	0
430	1159	0
431	1159	0
432	1159	0
433	1159	0
434	1159	0
435	1159	0
436	1159	0
437	1159	0
438	1159	0
439	1159	0
440	1159	0
441	1159	0
442	1159	0
443	1159	0
444	1159	0
445	1159	0
446	1159	0
447	1159	0
448	1159	1
449	1159	0
450	1159	0
452	1159	0
453	1159	0
454	1159	0
455	1159	0
456	1159	0
457	1159	0
458	1159	0
459	1159	0
461	1159	1
462	1159	0
464	1159	0
465	1159	0
466	1159	0
467	1159	0
468	1159	0
469	1159	0
470	1159	1
471	1159	0
472	1159	0
473	1159	0
474	1159	0
475	1159	0
476	1159	0
477	1159	0
478	1159	0
479	1159	0
480	1159	1
481	1159	1
483	1159	0
484	1159	0
485	1159	0
486	1159	0
487	1159	0
488	1159	0
489	1159	0
490	1159	1
491	1159	0
492	1159	0
494	1159	0
496	1159	0
497	1159	0
498	1159	0
499	1159	0
500	1159	0
501	1159	0
502	1159	0
503	1159	0
504	1159	0
505	1159	0
506	1159	0
507	1159	0
508	1159	0
509	1159	0
510	1159	0
511	1159	0
512	1159	0
513	1159	0
514	1159	0
515	1159	0
516	1159	0
517	1159	0
518	1159	0
519	1159	0
520	1159	0
521	1159	0
522	1159	0
523	1159	0
524	1159	0
525	1159	0
526	1159	0
527	1159	0
528	1159	0
529	1159	0
530	1159	0
531	1159	0
533	1159	0
534	1159	0
535	1159	0
536	1159	0
538	1159	0
539	1159	0
540	1159	0
541	1159	0
542	1159	0
543	1159	0
544	1159	0
545	1159	0
546	1159	0
547	1159	0
550	1159	0
551	1159	0
553	1159	0
555	1159	0
556	1159	0
557	1159	0
558	1159	1
560	1159	0
561	1159	0
562	1159	0
563	1159	0
565	1159	0
566	1159	0
567	1159	0
568	1159	0
569	1159	0
571	1159	0
574	1159	0
575	1159	0
576	1159	0
577	1159	0
579	1159	0
580	1159	0
581	1159	0
582	1159	0
583	1159	0
584	1159	0
585	1159	0
586	1159	0
588	1159	0
589	1159	0
591	1159	0
593	1159	0
595	1159	0
596	1159	0
597	1159	1
598	1159	0
599	1159	0
600	1159	0
601	1159	0
602	1159	0
604	1159	0
606	1159	1
607	1159	0
608	1159	0
609	1159	0
612	1159	0
613	1159	0
614	1159	0
615	1159	0
616	1159	0
617	1159	0
618	1159	0
619	1159	0
620	1159	0
621	1159	1
622	1159	0
624	1159	0
625	1159	0
627	1159	0
628	1159	0
630	1159	0
632	1159	0
633	1159	0
634	1159	0
635	1159	0
636	1159	0
637	1159	0
638	1159	0
639	1159	1
640	1159	0
641	1159	0
642	1159	1
643	1159	0
644	1159	0
645	1159	0
646	1159	0
648	1159	0
649	1159	0
650	1159	0
652	1159	0
653	1159	0
654	1159	0
655	1159	0
656	1159	0
657	1159	0
658	1159	0
659	1159	0
660	1159	0
661	1159	0
662	1159	0
663	1159	0
664	1159	0
665	1159	0
666	1159	0
667	1159	0
668	1159	0
669	1159	1
670	1159	0
671	1159	0
672	1159	0
673	1159	0
674	1159	0
675	1159	0
676	1159	0
677	1159	0
678	1159	0
679	1159	0
680	1159	1
681	1159	0
682	1159	0
683	1159	0
684	1159	0
685	1159	0
686	1159	0
687	1159	0
688	1159	0
689	1159	0
690	1159	0
691	1159	0
692	1159	0
693	1159	0
694	1159	0
695	1159	0
696	1159	0
698	1159	0
699	1159	0
700	1159	0
702	1159	0
703	1159	0
704	1159	0
705	1159	0
706	1159	0
707	1159	1
709	1159	0
710	1159	0
711	1159	0
712	1159	0
713	1159	0
714	1159	0
717	1159	0
718	1159	0
719	1159	0
720	1159	0
721	1159	0
722	1159	0
723	1159	0
724	1159	0
725	1159	0
726	1159	0
727	1159	0
728	1159	0
729	1159	0
730	1159	0
732	1159	0
733	1159	0
734	1159	0
735	1159	0
736	1159	0
737	1159	0
738	1159	0
739	1159	0
740	1159	0
741	1159	0
742	1159	0
745	1159	0
746	1159	1
747	1159	0
748	1159	0
749	1159	0
750	1159	0
752	1159	0
753	1159	0
754	1159	0
755	1159	0
756	1159	0
757	1159	0
758	1159	0
759	1159	0
760	1159	0
761	1159	0
762	1159	0
765	1159	0
766	1159	0
767	1159	0
768	1159	0
769	1159	0
770	1159	0
771	1159	0
772	1159	0
773	1159	0
775	1159	0
776	1159	0
777	1159	0
778	1159	0
779	1159	0
780	1159	0
781	1159	0
782	1159	0
783	1159	0
784	1159	0
785	1159	0
786	1159	0
787	1159	0
789	1159	0
790	1159	0
791	1159	0
792	1159	0
793	1159	0
794	1159	0
795	1159	0
796	1159	0
797	1159	0
799	1159	0
800	1159	0
801	1159	0
802	1159	0
803	1159	0
804	1159	0
805	1159	0
806	1159	1
807	1159	0
808	1159	0
810	1159	0
811	1159	0
814	1159	0
816	1159	0
818	1159	0
819	1159	0
820	1159	0
822	1159	0
823	1159	0
824	1159	0
825	1159	0
826	1159	0
827	1159	0
829	1159	0
830	1159	0
831	1159	0
832	1159	0
833	1159	0
834	1159	0
835	1159	0
836	1159	0
837	1159	0
838	1159	0
839	1159	0
840	1159	0
843	1159	0
844	1159	0
845	1159	0
848	1159	0
849	1159	0
850	1159	0
852	1159	1
853	1159	0
854	1159	0
855	1159	0
856	1159	0
857	1159	0
860	1159	0
861	1159	0
862	1159	0
863	1159	0
864	1159	0
866	1159	0
867	1159	0
868	1159	0
869	1159	0
870	1159	0
871	1159	0
872	1159	0
873	1159	0
874	1159	0
875	1159	0
876	1159	0
877	1159	0
878	1159	1
880	1159	0
881	1159	0
882	1159	0
883	1159	0
884	1159	0
885	1159	0
887	1159	0
888	1159	0
889	1159	0
890	1159	0
891	1159	0
892	1159	1
893	1159	0
894	1159	1
895	1159	0
896	1159	0
897	1159	0
899	1159	0
900	1159	0
901	1159	0
902	1159	0
904	1159	0
905	1159	0
907	1159	0
910	1159	0
911	1159	0
912	1159	0
913	1159	0
914	1159	0
915	1159	0
916	1159	0
917	1159	0
918	1159	0
919	1159	0
921	1159	0
922	1159	1
923	1159	0
924	1159	0
925	1159	0
926	1159	0
927	1159	0
928	1159	0
929	1159	0
931	1159	0
933	1159	0
934	1159	0
935	1159	0
936	1159	0
937	1159	0
938	1159	0
939	1159	0
940	1159	0
941	1159	0
942	1159	0
943	1159	0
944	1159	0
945	1159	0
946	1159	0
948	1159	0
949	1159	0
950	1159	0
952	1159	0
953	1159	0
954	1159	0
955	1159	0
956	1159	0
957	1159	0
958	1159	0
959	1159	0
960	1159	0
961	1159	0
962	1159	0
963	1159	0
964	1159	0
965	1159	0
966	1159	0
967	1159	0
