0	1140	0
1	1140	0
2	1140	0
3	1140	0
4	1140	0
5	1140	1
6	1140	0
7	1140	0
8	1140	0
10	1140	1
11	1140	0
12	1140	0
13	1140	0
15	1140	1
16	1140	0
17	1140	0
18	1140	0
19	1140	0
20	1140	0
21	1140	0
22	1140	0
23	1140	1
24	1140	1
25	1140	0
27	1140	0
28	1140	0
29	1140	0
30	1140	0
31	1140	0
32	1140	0
33	1140	0
34	1140	0
35	1140	0
36	1140	0
37	1140	0
38	1140	0
39	1140	0
40	1140	0
41	1140	0
42	1140	1
43	1140	0
44	1140	0
45	1140	0
47	1140	0
48	1140	0
49	1140	0
51	1140	1
53	1140	0
55	1140	0
56	1140	1
58	1140	1
59	1140	0
60	1140	0
61	1140	0
62	1140	0
63	1140	0
64	1140	0
65	1140	0
66	1140	0
67	1140	0
68	1140	0
69	1140	0
70	1140	1
71	1140	0
72	1140	1
73	1140	0
74	1140	0
75	1140	0
77	1140	1
78	1140	0
79	1140	1
80	1140	0
81	1140	0
83	1140	1
84	1140	1
85	1140	0
86	1140	0
87	1140	0
89	1140	0
90	1140	0
91	1140	0
92	1140	0
93	1140	0
94	1140	0
95	1140	0
96	1140	0
97	1140	0
98	1140	0
100	1140	0
101	1140	0
102	1140	0
103	1140	0
104	1140	0
105	1140	0
106	1140	0
107	1140	0
108	1140	0
109	1140	0
110	1140	0
111	1140	0
112	1140	0
113	1140	0
114	1140	0
115	1140	0
116	1140	0
117	1140	0
118	1140	0
120	1140	1
121	1140	0
124	1140	0
125	1140	0
129	1140	0
130	1140	0
131	1140	0
132	1140	0
133	1140	0
134	1140	0
135	1140	0
136	1140	0
137	1140	0
138	1140	0
139	1140	0
140	1140	0
141	1140	0
142	1140	0
143	1140	0
144	1140	0
145	1140	0
146	1140	0
147	1140	0
148	1140	1
149	1140	0
150	1140	1
151	1140	0
152	1140	0
153	1140	0
154	1140	0
155	1140	0
156	1140	0
157	1140	0
158	1140	0
159	1140	0
160	1140	1
161	1140	0
162	1140	0
163	1140	0
164	1140	0
165	1140	0
166	1140	0
167	1140	0
168	1140	0
169	1140	0
170	1140	0
171	1140	0
172	1140	0
173	1140	0
174	1140	1
175	1140	0
177	1140	0
178	1140	0
179	1140	0
180	1140	0
181	1140	0
182	1140	0
183	1140	0
184	1140	0
185	1140	0
186	1140	0
187	1140	0
188	1140	0
189	1140	0
190	1140	0
191	1140	0
193	1140	0
194	1140	0
195	1140	0
196	1140	1
197	1140	1
198	1140	0
199	1140	0
200	1140	0
201	1140	0
202	1140	0
203	1140	0
204	1140	0
206	1140	0
207	1140	0
208	1140	0
209	1140	0
210	1140	0
211	1140	0
212	1140	0
213	1140	0
214	1140	0
215	1140	1
216	1140	1
217	1140	0
218	1140	0
219	1140	0
220	1140	0
221	1140	0
222	1140	0
224	1140	0
225	1140	0
227	1140	0
228	1140	1
229	1140	0
230	1140	0
232	1140	0
233	1140	1
235	1140	0
237	1140	0
238	1140	0
239	1140	0
240	1140	0
245	1140	0
246	1140	0
247	1140	0
248	1140	0
249	1140	0
250	1140	0
251	1140	0
252	1140	0
253	1140	0
254	1140	1
255	1140	0
256	1140	0
257	1140	0
258	1140	1
259	1140	0
260	1140	0
261	1140	0
262	1140	0
263	1140	0
264	1140	0
265	1140	0
266	1140	0
267	1140	0
268	1140	0
271	1140	0
272	1140	0
273	1140	0
274	1140	0
275	1140	0
276	1140	0
277	1140	0
278	1140	0
280	1140	0
281	1140	0
282	1140	0
283	1140	0
284	1140	0
285	1140	0
286	1140	0
287	1140	0
288	1140	1
289	1140	0
290	1140	0
292	1140	0
293	1140	0
295	1140	1
296	1140	0
297	1140	0
298	1140	0
302	1140	0
303	1140	0
304	1140	0
305	1140	0
306	1140	0
308	1140	1
310	1140	0
311	1140	1
312	1140	1
313	1140	0
314	1140	0
315	1140	0
317	1140	0
318	1140	0
319	1140	0
321	1140	0
322	1140	0
323	1140	0
324	1140	0
325	1140	0
326	1140	0
327	1140	0
328	1140	0
329	1140	0
330	1140	0
331	1140	0
332	1140	0
333	1140	1
334	1140	0
336	1140	0
337	1140	0
338	1140	0
340	1140	0
341	1140	0
344	1140	0
345	1140	0
346	1140	0
347	1140	0
348	1140	0
349	1140	0
350	1140	0
351	1140	0
352	1140	0
353	1140	0
354	1140	1
355	1140	0
356	1140	1
357	1140	1
358	1140	0
359	1140	0
360	1140	0
361	1140	0
362	1140	0
363	1140	0
364	1140	0
365	1140	0
366	1140	0
367	1140	0
369	1140	0
370	1140	0
371	1140	0
372	1140	0
373	1140	0
374	1140	0
375	1140	0
376	1140	0
377	1140	0
378	1140	0
379	1140	0
381	1140	0
382	1140	0
383	1140	0
384	1140	0
385	1140	0
386	1140	0
387	1140	0
388	1140	0
389	1140	0
390	1140	0
391	1140	0
392	1140	0
393	1140	0
394	1140	1
395	1140	0
397	1140	0
398	1140	0
399	1140	0
401	1140	0
402	1140	0
403	1140	0
404	1140	0
405	1140	0
406	1140	0
407	1140	0
408	1140	0
409	1140	0
410	1140	0
412	1140	0
414	1140	0
415	1140	0
416	1140	0
417	1140	0
418	1140	0
419	1140	0
420	1140	0
421	1140	0
422	1140	0
423	1140	0
424	1140	0
425	1140	0
426	1140	0
427	1140	0
428	1140	0
429	1140	0
430	1140	0
431	1140	0
432	1140	0
434	1140	0
436	1140	0
437	1140	0
438	1140	0
439	1140	0
440	1140	0
441	1140	0
442	1140	0
444	1140	0
445	1140	0
446	1140	0
447	1140	0
449	1140	0
450	1140	0
451	1140	0
452	1140	0
453	1140	0
454	1140	0
455	1140	0
456	1140	0
457	1140	0
458	1140	0
459	1140	0
461	1140	0
462	1140	0
463	1140	0
464	1140	0
465	1140	0
466	1140	0
468	1140	0
469	1140	0
470	1140	0
471	1140	0
472	1140	0
473	1140	0
474	1140	0
475	1140	0
476	1140	0
477	1140	0
478	1140	0
479	1140	0
480	1140	0
481	1140	0
482	1140	0
483	1140	0
484	1140	0
486	1140	0
487	1140	0
488	1140	0
489	1140	0
490	1140	0
492	1140	0
493	1140	0
494	1140	0
496	1140	0
497	1140	0
498	1140	0
499	1140	0
500	1140	0
501	1140	1
502	1140	1
503	1140	0
504	1140	0
505	1140	0
506	1140	0
507	1140	0
508	1140	0
509	1140	0
510	1140	0
511	1140	0
512	1140	0
513	1140	0
514	1140	0
515	1140	0
516	1140	0
518	1140	0
519	1140	0
520	1140	0
521	1140	0
522	1140	0
523	1140	0
524	1140	0
525	1140	1
526	1140	0
527	1140	0
528	1140	0
530	1140	0
531	1140	0
533	1140	0
534	1140	0
535	1140	0
536	1140	0
538	1140	0
539	1140	0
541	1140	0
542	1140	0
543	1140	0
544	1140	0
545	1140	0
546	1140	0
547	1140	0
549	1140	0
550	1140	0
551	1140	0
553	1140	0
554	1140	0
555	1140	0
556	1140	0
557	1140	0
558	1140	0
559	1140	0
560	1140	0
561	1140	0
562	1140	0
563	1140	0
565	1140	0
566	1140	0
567	1140	0
568	1140	0
569	1140	0
571	1140	0
573	1140	0
574	1140	0
575	1140	0
576	1140	0
577	1140	0
578	1140	0
580	1140	0
583	1140	0
584	1140	0
585	1140	0
586	1140	0
587	1140	0
588	1140	0
589	1140	0
591	1140	0
593	1140	0
595	1140	0
596	1140	0
597	1140	0
598	1140	0
599	1140	0
600	1140	0
601	1140	0
602	1140	0
604	1140	0
605	1140	1
606	1140	0
607	1140	0
608	1140	0
609	1140	0
611	1140	0
612	1140	0
613	1140	0
614	1140	0
616	1140	0
617	1140	0
618	1140	0
619	1140	0
620	1140	0
621	1140	0
622	1140	0
624	1140	0
625	1140	0
626	1140	0
627	1140	0
628	1140	0
630	1140	0
632	1140	0
633	1140	0
634	1140	0
635	1140	0
636	1140	0
637	1140	0
638	1140	0
639	1140	0
640	1140	0
641	1140	0
642	1140	0
643	1140	1
644	1140	0
645	1140	0
646	1140	1
647	1140	0
648	1140	0
649	1140	0
650	1140	0
651	1140	0
652	1140	0
654	1140	0
655	1140	0
656	1140	0
657	1140	0
659	1140	0
660	1140	0
661	1140	0
662	1140	0
663	1140	0
665	1140	0
666	1140	0
667	1140	0
668	1140	0
669	1140	0
670	1140	0
671	1140	0
672	1140	0
673	1140	0
674	1140	0
676	1140	0
677	1140	0
678	1140	0
679	1140	0
680	1140	0
681	1140	0
683	1140	0
684	1140	0
685	1140	0
686	1140	0
687	1140	0
688	1140	0
689	1140	0
690	1140	0
691	1140	0
692	1140	0
693	1140	0
694	1140	0
695	1140	1
696	1140	0
697	1140	0
698	1140	0
699	1140	0
700	1140	0
701	1140	0
703	1140	0
705	1140	0
706	1140	0
707	1140	0
709	1140	1
710	1140	1
711	1140	0
712	1140	0
713	1140	0
714	1140	0
715	1140	0
717	1140	0
718	1140	1
719	1140	0
720	1140	0
721	1140	0
722	1140	0
723	1140	0
724	1140	0
725	1140	0
726	1140	0
727	1140	0
728	1140	0
729	1140	0
730	1140	0
732	1140	0
734	1140	0
735	1140	0
736	1140	0
737	1140	0
738	1140	1
739	1140	0
740	1140	0
741	1140	0
742	1140	0
743	1140	1
744	1140	0
745	1140	0
746	1140	1
747	1140	0
748	1140	0
749	1140	0
752	1140	0
753	1140	0
754	1140	0
755	1140	0
756	1140	0
757	1140	0
758	1140	0
759	1140	0
760	1140	0
762	1140	1
764	1140	0
765	1140	0
766	1140	0
767	1140	0
768	1140	0
769	1140	0
770	1140	0
771	1140	1
772	1140	0
773	1140	0
775	1140	0
776	1140	0
777	1140	0
778	1140	1
780	1140	0
781	1140	0
782	1140	0
783	1140	0
784	1140	1
786	1140	0
787	1140	0
788	1140	0
790	1140	0
791	1140	0
792	1140	0
793	1140	0
794	1140	0
795	1140	0
796	1140	0
797	1140	0
798	1140	0
799	1140	0
800	1140	0
801	1140	0
802	1140	0
803	1140	0
804	1140	0
806	1140	0
807	1140	0
808	1140	0
810	1140	0
811	1140	0
814	1140	0
816	1140	0
818	1140	0
819	1140	0
820	1140	0
822	1140	0
823	1140	0
824	1140	0
825	1140	0
826	1140	0
827	1140	0
830	1140	0
831	1140	0
832	1140	0
833	1140	0
835	1140	0
836	1140	0
837	1140	0
838	1140	0
839	1140	0
840	1140	0
843	1140	0
844	1140	0
845	1140	0
848	1140	0
849	1140	1
850	1140	0
851	1140	0
852	1140	0
853	1140	0
854	1140	0
855	1140	0
856	1140	0
857	1140	1
861	1140	0
862	1140	0
863	1140	0
864	1140	0
866	1140	1
867	1140	0
868	1140	0
869	1140	0
871	1140	0
873	1140	0
875	1140	1
876	1140	0
877	1140	0
878	1140	0
880	1140	0
881	1140	0
882	1140	1
883	1140	1
884	1140	0
885	1140	0
887	1140	0
888	1140	0
889	1140	0
890	1140	0
891	1140	0
892	1140	0
893	1140	0
894	1140	0
895	1140	0
896	1140	0
897	1140	0
898	1140	0
899	1140	0
900	1140	0
901	1140	0
903	1140	0
904	1140	0
905	1140	0
907	1140	0
908	1140	0
909	1140	0
910	1140	0
911	1140	1
912	1140	0
913	1140	0
915	1140	0
916	1140	0
917	1140	0
918	1140	0
919	1140	0
920	1140	0
921	1140	1
922	1140	0
923	1140	0
924	1140	0
925	1140	0
926	1140	0
927	1140	1
928	1140	0
929	1140	0
934	1140	0
935	1140	0
936	1140	0
937	1140	0
939	1140	0
940	1140	0
941	1140	0
942	1140	1
943	1140	0
944	1140	0
945	1140	0
946	1140	0
948	1140	0
949	1140	0
950	1140	0
952	1140	0
953	1140	0
954	1140	0
955	1140	0
956	1140	0
957	1140	0
958	1140	0
959	1140	0
960	1140	0
961	1140	0
962	1140	0
963	1140	0
964	1140	0
965	1140	0
966	1140	0
967	1140	0
