0	1038	0
1	1038	1
2	1038	0
3	1038	0
4	1038	0
5	1038	0
6	1038	0
7	1038	0
8	1038	1
9	1038	0
10	1038	0
11	1038	0
12	1038	0
13	1038	0
14	1038	0
15	1038	0
16	1038	0
17	1038	1
18	1038	1
19	1038	0
20	1038	0
21	1038	1
22	1038	0
23	1038	0
24	1038	0
26	1038	0
28	1038	0
29	1038	0
30	1038	0
31	1038	1
32	1038	0
33	1038	0
34	1038	0
35	1038	0
36	1038	1
37	1038	0
38	1038	0
39	1038	1
40	1038	0
43	1038	0
44	1038	0
45	1038	0
46	1038	0
47	1038	0
48	1038	0
49	1038	0
50	1038	0
51	1038	0
52	1038	0
53	1038	0
54	1038	0
55	1038	0
56	1038	0
57	1038	0
58	1038	0
59	1038	0
60	1038	0
61	1038	0
62	1038	0
64	1038	1
65	1038	0
66	1038	0
67	1038	0
68	1038	0
69	1038	0
70	1038	0
71	1038	0
72	1038	0
73	1038	0
74	1038	0
75	1038	0
76	1038	1
77	1038	1
78	1038	0
79	1038	0
80	1038	0
81	1038	0
82	1038	0
83	1038	0
84	1038	0
85	1038	0
86	1038	0
87	1038	0
88	1038	0
90	1038	0
91	1038	0
92	1038	0
93	1038	0
94	1038	0
95	1038	0
96	1038	0
97	1038	0
98	1038	0
99	1038	0
100	1038	0
101	1038	1
102	1038	0
103	1038	0
104	1038	0
105	1038	0
106	1038	0
109	1038	0
111	1038	0
112	1038	0
113	1038	0
114	1038	0
115	1038	0
116	1038	0
117	1038	0
118	1038	0
119	1038	0
120	1038	0
121	1038	0
122	1038	0
123	1038	0
124	1038	1
125	1038	0
126	1038	0
129	1038	0
130	1038	0
131	1038	0
132	1038	0
133	1038	0
134	1038	0
136	1038	0
137	1038	0
138	1038	0
139	1038	0
140	1038	0
141	1038	0
142	1038	0
143	1038	0
144	1038	0
145	1038	0
146	1038	0
147	1038	0
148	1038	0
149	1038	0
150	1038	0
151	1038	0
152	1038	0
153	1038	0
155	1038	0
156	1038	0
157	1038	0
158	1038	0
159	1038	0
160	1038	0
161	1038	0
162	1038	0
163	1038	0
165	1038	0
166	1038	0
167	1038	0
168	1038	0
169	1038	0
170	1038	0
171	1038	0
172	1038	1
173	1038	0
174	1038	0
175	1038	0
177	1038	0
178	1038	0
179	1038	0
180	1038	0
182	1038	0
183	1038	0
184	1038	0
185	1038	0
186	1038	0
187	1038	0
188	1038	1
189	1038	0
190	1038	0
191	1038	1
192	1038	0
193	1038	0
194	1038	0
195	1038	0
196	1038	1
197	1038	1
198	1038	1
199	1038	0
200	1038	0
201	1038	0
202	1038	0
203	1038	1
204	1038	0
206	1038	0
207	1038	0
208	1038	0
210	1038	0
211	1038	0
212	1038	0
213	1038	0
214	1038	1
215	1038	0
216	1038	0
217	1038	0
218	1038	0
219	1038	0
220	1038	0
222	1038	0
223	1038	0
224	1038	0
225	1038	0
226	1038	0
227	1038	1
228	1038	0
229	1038	0
230	1038	1
231	1038	0
232	1038	0
233	1038	0
234	1038	0
235	1038	0
236	1038	0
237	1038	0
238	1038	0
239	1038	0
240	1038	0
241	1038	0
242	1038	0
244	1038	0
245	1038	0
247	1038	0
248	1038	0
249	1038	0
250	1038	0
251	1038	0
252	1038	0
253	1038	0
254	1038	0
255	1038	1
256	1038	0
258	1038	1
259	1038	0
260	1038	0
261	1038	0
262	1038	0
263	1038	0
264	1038	0
265	1038	0
266	1038	0
267	1038	0
268	1038	0
269	1038	0
270	1038	0
271	1038	0
272	1038	0
273	1038	0
274	1038	0
275	1038	0
276	1038	0
277	1038	0
278	1038	0
279	1038	0
280	1038	1
281	1038	0
282	1038	0
283	1038	0
284	1038	0
285	1038	0
286	1038	0
287	1038	1
288	1038	0
289	1038	0
290	1038	0
291	1038	0
292	1038	0
293	1038	0
294	1038	0
295	1038	0
296	1038	0
297	1038	0
298	1038	0
299	1038	0
300	1038	0
301	1038	0
302	1038	0
303	1038	0
304	1038	0
305	1038	0
306	1038	0
307	1038	0
308	1038	0
309	1038	0
311	1038	0
312	1038	0
313	1038	0
314	1038	0
315	1038	0
316	1038	0
317	1038	0
318	1038	0
319	1038	0
320	1038	0
321	1038	0
322	1038	0
323	1038	0
324	1038	0
325	1038	0
326	1038	0
327	1038	1
328	1038	0
329	1038	0
330	1038	0
331	1038	0
335	1038	0
336	1038	1
337	1038	1
338	1038	0
339	1038	0
340	1038	0
341	1038	0
342	1038	0
343	1038	0
344	1038	0
346	1038	0
347	1038	0
348	1038	0
349	1038	0
350	1038	0
351	1038	0
352	1038	0
354	1038	1
355	1038	0
357	1038	0
358	1038	0
359	1038	0
360	1038	0
361	1038	1
363	1038	0
364	1038	0
365	1038	0
366	1038	0
367	1038	0
368	1038	0
371	1038	1
372	1038	0
373	1038	0
374	1038	0
377	1038	0
378	1038	0
379	1038	1
380	1038	0
381	1038	1
382	1038	0
383	1038	0
384	1038	0
385	1038	0
386	1038	0
387	1038	0
388	1038	0
389	1038	0
390	1038	0
391	1038	0
393	1038	0
394	1038	0
395	1038	1
396	1038	0
398	1038	0
399	1038	0
400	1038	0
401	1038	0
402	1038	0
403	1038	0
404	1038	0
405	1038	0
406	1038	0
407	1038	0
408	1038	0
409	1038	0
410	1038	0
411	1038	1
412	1038	0
413	1038	0
414	1038	0
415	1038	1
416	1038	0
417	1038	0
418	1038	0
419	1038	0
420	1038	0
421	1038	0
422	1038	0
423	1038	0
424	1038	0
425	1038	0
426	1038	0
427	1038	0
428	1038	0
429	1038	0
430	1038	0
431	1038	0
432	1038	0
433	1038	0
434	1038	0
435	1038	0
436	1038	0
437	1038	0
438	1038	1
439	1038	0
440	1038	0
441	1038	0
442	1038	0
443	1038	0
444	1038	0
445	1038	0
446	1038	0
447	1038	0
448	1038	0
449	1038	0
450	1038	0
451	1038	0
452	1038	0
453	1038	1
454	1038	1
455	1038	0
456	1038	0
457	1038	0
458	1038	0
459	1038	0
460	1038	0
461	1038	0
462	1038	0
463	1038	0
464	1038	1
465	1038	0
466	1038	0
467	1038	0
468	1038	0
469	1038	0
470	1038	0
471	1038	0
472	1038	0
473	1038	0
474	1038	0
475	1038	0
476	1038	0
477	1038	0
478	1038	0
480	1038	0
481	1038	0
482	1038	0
483	1038	0
484	1038	0
485	1038	0
486	1038	0
487	1038	0
489	1038	0
490	1038	0
491	1038	0
492	1038	0
493	1038	0
495	1038	0
496	1038	0
497	1038	0
499	1038	0
500	1038	0
501	1038	0
502	1038	0
503	1038	1
505	1038	1
506	1038	0
508	1038	1
509	1038	1
510	1038	0
511	1038	1
512	1038	0
513	1038	0
514	1038	1
515	1038	0
516	1038	0
517	1038	0
518	1038	1
519	1038	0
520	1038	1
521	1038	0
522	1038	0
523	1038	0
524	1038	0
525	1038	0
526	1038	1
527	1038	0
528	1038	0
529	1038	0
531	1038	0
533	1038	0
534	1038	0
536	1038	0
537	1038	0
538	1038	0
540	1038	0
541	1038	0
542	1038	0
543	1038	0
544	1038	0
546	1038	0
547	1038	0
548	1038	0
549	1038	0
550	1038	0
551	1038	0
553	1038	0
554	1038	0
555	1038	0
556	1038	0
557	1038	0
558	1038	0
559	1038	0
560	1038	0
561	1038	0
562	1038	0
563	1038	0
564	1038	0
565	1038	0
566	1038	0
567	1038	0
568	1038	0
569	1038	0
570	1038	0
571	1038	0
572	1038	0
573	1038	0
574	1038	0
575	1038	0
576	1038	0
577	1038	0
578	1038	0
579	1038	0
580	1038	0
582	1038	0
583	1038	0
584	1038	0
585	1038	0
586	1038	0
587	1038	0
588	1038	0
589	1038	0
590	1038	0
591	1038	0
592	1038	0
593	1038	0
594	1038	0
595	1038	0
596	1038	0
597	1038	0
598	1038	0
599	1038	0
600	1038	0
601	1038	0
602	1038	0
604	1038	0
605	1038	1
606	1038	0
607	1038	0
608	1038	0
609	1038	0
611	1038	0
612	1038	0
613	1038	0
614	1038	0
615	1038	0
616	1038	0
617	1038	0
618	1038	0
619	1038	0
620	1038	0
621	1038	0
622	1038	0
624	1038	0
625	1038	0
626	1038	0
627	1038	0
628	1038	0
630	1038	0
631	1038	0
632	1038	1
633	1038	0
635	1038	0
636	1038	0
637	1038	0
640	1038	0
641	1038	0
642	1038	0
643	1038	1
644	1038	0
645	1038	1
646	1038	0
647	1038	0
648	1038	0
649	1038	1
650	1038	0
651	1038	0
652	1038	1
653	1038	0
654	1038	0
655	1038	0
656	1038	0
657	1038	0
658	1038	0
659	1038	0
660	1038	1
661	1038	1
662	1038	1
663	1038	1
664	1038	1
666	1038	0
667	1038	0
668	1038	0
669	1038	0
670	1038	0
671	1038	0
672	1038	0
673	1038	0
674	1038	0
675	1038	0
676	1038	0
677	1038	0
678	1038	0
679	1038	0
680	1038	0
681	1038	0
682	1038	0
683	1038	0
684	1038	0
685	1038	1
686	1038	0
687	1038	0
688	1038	0
689	1038	0
690	1038	0
691	1038	0
692	1038	0
693	1038	0
694	1038	0
695	1038	1
696	1038	0
697	1038	0
698	1038	0
699	1038	0
700	1038	0
701	1038	0
702	1038	0
703	1038	0
704	1038	0
705	1038	0
706	1038	0
707	1038	0
708	1038	0
709	1038	1
710	1038	0
711	1038	0
712	1038	0
713	1038	0
714	1038	0
715	1038	0
716	1038	0
717	1038	0
718	1038	1
719	1038	0
720	1038	0
721	1038	0
722	1038	0
723	1038	0
724	1038	0
725	1038	0
726	1038	0
727	1038	0
728	1038	0
730	1038	0
731	1038	0
732	1038	1
733	1038	0
734	1038	0
735	1038	0
736	1038	0
737	1038	0
738	1038	1
739	1038	0
740	1038	0
741	1038	0
742	1038	0
743	1038	0
744	1038	0
745	1038	0
746	1038	0
747	1038	1
748	1038	0
749	1038	1
750	1038	1
751	1038	0
752	1038	0
753	1038	0
754	1038	0
755	1038	0
756	1038	0
757	1038	0
758	1038	0
759	1038	1
760	1038	0
761	1038	0
762	1038	0
763	1038	1
764	1038	0
765	1038	0
767	1038	0
768	1038	0
769	1038	0
770	1038	0
771	1038	0
772	1038	0
773	1038	0
774	1038	1
775	1038	0
776	1038	0
777	1038	0
778	1038	0
779	1038	0
780	1038	0
782	1038	0
783	1038	0
784	1038	0
785	1038	0
786	1038	0
787	1038	0
788	1038	0
789	1038	0
790	1038	0
791	1038	0
793	1038	0
794	1038	0
795	1038	0
796	1038	0
797	1038	0
798	1038	0
799	1038	0
800	1038	0
801	1038	0
802	1038	0
803	1038	0
804	1038	0
806	1038	0
807	1038	0
808	1038	1
809	1038	0
810	1038	0
811	1038	0
812	1038	0
813	1038	0
814	1038	0
816	1038	0
817	1038	0
818	1038	0
819	1038	0
820	1038	0
821	1038	0
822	1038	0
823	1038	0
824	1038	0
825	1038	0
826	1038	0
827	1038	0
828	1038	1
829	1038	0
830	1038	0
831	1038	0
832	1038	0
833	1038	0
834	1038	0
835	1038	0
836	1038	0
837	1038	1
839	1038	1
840	1038	0
841	1038	0
842	1038	0
843	1038	0
844	1038	0
845	1038	0
846	1038	0
847	1038	0
848	1038	0
849	1038	0
850	1038	0
851	1038	0
852	1038	0
853	1038	0
854	1038	0
855	1038	0
856	1038	0
857	1038	0
858	1038	0
859	1038	0
860	1038	0
861	1038	0
862	1038	0
863	1038	0
864	1038	0
865	1038	0
866	1038	0
867	1038	0
868	1038	0
869	1038	0
870	1038	0
872	1038	0
873	1038	0
874	1038	0
875	1038	0
876	1038	0
877	1038	0
878	1038	0
880	1038	0
881	1038	0
882	1038	0
883	1038	0
884	1038	0
885	1038	0
886	1038	0
887	1038	0
888	1038	0
889	1038	0
890	1038	0
891	1038	0
892	1038	0
893	1038	0
894	1038	0
895	1038	1
896	1038	0
897	1038	0
898	1038	0
900	1038	0
901	1038	0
902	1038	0
903	1038	0
904	1038	0
905	1038	0
906	1038	0
907	1038	0
908	1038	0
909	1038	0
910	1038	0
911	1038	0
912	1038	1
913	1038	0
914	1038	0
916	1038	0
917	1038	1
918	1038	0
919	1038	0
920	1038	0
921	1038	0
922	1038	0
923	1038	0
924	1038	0
925	1038	0
926	1038	0
927	1038	0
928	1038	1
930	1038	0
931	1038	0
933	1038	0
934	1038	0
935	1038	1
936	1038	0
937	1038	1
938	1038	1
939	1038	0
940	1038	0
941	1038	1
942	1038	0
943	1038	0
944	1038	0
945	1038	0
946	1038	0
947	1038	1
948	1038	0
949	1038	0
950	1038	0
952	1038	1
953	1038	0
954	1038	0
955	1038	0
956	1038	0
958	1038	1
959	1038	0
961	1038	0
962	1038	0
963	1038	1
964	1038	0
965	1038	1
967	1038	1
