0	1047	1
1	1047	0
2	1047	0
3	1047	0
4	1047	0
5	1047	0
6	1047	1
7	1047	0
8	1047	0
9	1047	1
10	1047	0
11	1047	0
12	1047	1
13	1047	0
14	1047	0
15	1047	0
16	1047	0
17	1047	0
18	1047	0
19	1047	0
20	1047	0
21	1047	0
22	1047	0
23	1047	0
24	1047	0
26	1047	0
28	1047	0
29	1047	0
30	1047	0
31	1047	0
32	1047	0
33	1047	0
34	1047	0
35	1047	1
36	1047	0
37	1047	0
38	1047	0
39	1047	0
40	1047	0
42	1047	1
43	1047	0
44	1047	0
45	1047	0
46	1047	0
47	1047	0
48	1047	0
49	1047	0
50	1047	0
51	1047	0
52	1047	0
53	1047	0
54	1047	0
55	1047	0
56	1047	0
57	1047	0
58	1047	0
59	1047	0
60	1047	0
61	1047	0
62	1047	0
64	1047	0
65	1047	0
66	1047	0
67	1047	0
68	1047	0
69	1047	0
70	1047	0
71	1047	0
72	1047	0
73	1047	0
74	1047	0
75	1047	0
76	1047	0
77	1047	0
78	1047	0
79	1047	0
80	1047	0
81	1047	1
82	1047	0
83	1047	0
84	1047	0
85	1047	1
86	1047	0
87	1047	0
88	1047	0
89	1047	0
90	1047	0
91	1047	0
92	1047	0
93	1047	0
94	1047	1
95	1047	0
96	1047	0
97	1047	0
98	1047	0
99	1047	0
100	1047	0
101	1047	0
102	1047	0
103	1047	0
104	1047	0
105	1047	0
106	1047	0
109	1047	1
111	1047	0
112	1047	0
113	1047	0
114	1047	0
115	1047	0
116	1047	0
117	1047	0
118	1047	0
119	1047	0
120	1047	0
121	1047	0
122	1047	0
123	1047	0
124	1047	0
125	1047	0
130	1047	0
131	1047	0
132	1047	0
133	1047	0
134	1047	0
136	1047	0
137	1047	0
138	1047	0
139	1047	0
141	1047	0
142	1047	0
144	1047	0
146	1047	0
147	1047	0
149	1047	0
150	1047	1
151	1047	0
152	1047	0
153	1047	0
154	1047	0
155	1047	0
156	1047	0
157	1047	0
158	1047	0
159	1047	0
160	1047	0
161	1047	0
162	1047	0
163	1047	0
164	1047	0
168	1047	0
169	1047	0
170	1047	0
171	1047	0
172	1047	0
173	1047	0
174	1047	0
175	1047	0
178	1047	0
179	1047	0
180	1047	0
181	1047	0
182	1047	0
183	1047	0
184	1047	0
187	1047	0
188	1047	0
189	1047	0
190	1047	0
191	1047	0
192	1047	0
193	1047	1
194	1047	0
195	1047	1
196	1047	0
197	1047	0
200	1047	0
201	1047	0
202	1047	0
203	1047	0
204	1047	0
206	1047	0
207	1047	1
208	1047	0
210	1047	0
211	1047	0
212	1047	0
213	1047	0
214	1047	0
216	1047	0
217	1047	0
218	1047	0
219	1047	0
220	1047	0
222	1047	0
223	1047	0
224	1047	0
225	1047	0
226	1047	0
227	1047	1
228	1047	0
229	1047	0
230	1047	0
231	1047	0
232	1047	0
233	1047	0
234	1047	0
235	1047	0
236	1047	0
237	1047	0
238	1047	0
239	1047	0
240	1047	0
241	1047	0
242	1047	0
244	1047	0
245	1047	0
246	1047	0
247	1047	0
248	1047	0
249	1047	0
251	1047	0
252	1047	0
253	1047	0
254	1047	0
255	1047	0
256	1047	0
258	1047	1
259	1047	0
260	1047	0
261	1047	0
262	1047	0
263	1047	0
264	1047	0
265	1047	0
266	1047	0
267	1047	0
268	1047	0
269	1047	0
270	1047	0
271	1047	0
272	1047	0
273	1047	0
274	1047	0
275	1047	0
276	1047	0
277	1047	0
278	1047	0
279	1047	0
280	1047	0
281	1047	0
282	1047	0
283	1047	0
284	1047	0
285	1047	0
286	1047	0
288	1047	0
289	1047	0
290	1047	0
291	1047	0
292	1047	1
293	1047	0
294	1047	0
295	1047	0
296	1047	0
297	1047	0
298	1047	1
299	1047	0
300	1047	0
301	1047	0
302	1047	0
303	1047	1
304	1047	0
306	1047	0
308	1047	1
309	1047	1
310	1047	0
311	1047	0
312	1047	0
313	1047	0
314	1047	0
315	1047	0
316	1047	1
317	1047	0
318	1047	0
319	1047	0
320	1047	0
321	1047	0
322	1047	0
323	1047	0
324	1047	0
325	1047	0
326	1047	0
327	1047	0
328	1047	0
329	1047	0
330	1047	0
331	1047	0
333	1047	1
334	1047	0
335	1047	0
336	1047	0
337	1047	0
338	1047	1
339	1047	0
340	1047	0
341	1047	0
342	1047	0
343	1047	0
344	1047	0
346	1047	0
347	1047	0
348	1047	0
349	1047	0
350	1047	0
354	1047	0
355	1047	0
356	1047	1
357	1047	0
358	1047	0
359	1047	0
360	1047	0
361	1047	0
363	1047	0
364	1047	0
365	1047	0
366	1047	0
367	1047	0
368	1047	0
370	1047	0
371	1047	0
372	1047	0
373	1047	0
374	1047	0
377	1047	0
378	1047	0
379	1047	0
380	1047	0
381	1047	1
382	1047	0
383	1047	0
384	1047	0
385	1047	0
386	1047	0
387	1047	0
388	1047	0
390	1047	0
391	1047	0
393	1047	0
394	1047	0
395	1047	0
396	1047	0
397	1047	0
398	1047	0
399	1047	0
400	1047	0
401	1047	0
402	1047	1
403	1047	0
404	1047	0
405	1047	0
406	1047	0
408	1047	0
409	1047	0
410	1047	0
411	1047	0
412	1047	0
413	1047	0
414	1047	0
415	1047	0
416	1047	0
417	1047	0
418	1047	0
419	1047	0
420	1047	0
421	1047	0
422	1047	0
423	1047	0
424	1047	0
425	1047	0
426	1047	0
427	1047	0
428	1047	0
429	1047	0
430	1047	0
431	1047	0
432	1047	0
433	1047	0
434	1047	0
435	1047	1
436	1047	0
437	1047	0
438	1047	0
439	1047	0
440	1047	0
441	1047	0
442	1047	0
443	1047	0
444	1047	0
445	1047	0
446	1047	0
447	1047	0
448	1047	0
449	1047	0
450	1047	0
451	1047	0
452	1047	0
453	1047	0
454	1047	0
455	1047	0
456	1047	0
457	1047	0
458	1047	0
459	1047	0
460	1047	0
461	1047	0
462	1047	0
463	1047	0
464	1047	0
465	1047	0
466	1047	1
467	1047	0
468	1047	0
469	1047	0
470	1047	0
471	1047	0
472	1047	0
473	1047	0
474	1047	0
475	1047	0
476	1047	0
477	1047	0
478	1047	0
480	1047	0
481	1047	0
482	1047	0
483	1047	0
484	1047	0
485	1047	0
486	1047	0
487	1047	0
489	1047	0
490	1047	0
491	1047	0
492	1047	0
493	1047	0
495	1047	0
496	1047	0
497	1047	0
499	1047	0
500	1047	0
501	1047	0
502	1047	0
503	1047	0
505	1047	0
508	1047	0
509	1047	0
510	1047	0
511	1047	0
512	1047	0
513	1047	0
514	1047	1
515	1047	0
516	1047	0
517	1047	0
518	1047	1
519	1047	0
520	1047	0
521	1047	0
522	1047	0
523	1047	0
524	1047	0
525	1047	0
527	1047	0
528	1047	0
529	1047	0
533	1047	0
534	1047	0
536	1047	0
537	1047	1
538	1047	0
540	1047	0
541	1047	0
542	1047	0
543	1047	0
544	1047	0
546	1047	0
547	1047	0
548	1047	0
549	1047	0
550	1047	0
551	1047	0
553	1047	0
554	1047	0
555	1047	0
556	1047	0
557	1047	0
558	1047	0
559	1047	0
560	1047	0
561	1047	0
562	1047	0
563	1047	0
564	1047	0
565	1047	0
566	1047	0
567	1047	0
568	1047	0
569	1047	0
570	1047	0
571	1047	0
572	1047	0
573	1047	0
574	1047	1
575	1047	0
576	1047	0
577	1047	0
578	1047	0
579	1047	0
580	1047	0
582	1047	0
583	1047	0
584	1047	0
585	1047	0
586	1047	0
587	1047	0
588	1047	0
589	1047	0
590	1047	0
591	1047	0
592	1047	0
593	1047	0
594	1047	0
595	1047	0
596	1047	0
597	1047	0
598	1047	0
599	1047	0
600	1047	0
601	1047	0
602	1047	0
604	1047	0
605	1047	0
606	1047	1
607	1047	0
608	1047	0
609	1047	0
611	1047	0
612	1047	0
613	1047	0
614	1047	0
615	1047	0
616	1047	0
617	1047	0
618	1047	0
620	1047	0
621	1047	0
622	1047	0
624	1047	0
625	1047	0
626	1047	0
627	1047	0
628	1047	0
630	1047	0
631	1047	0
632	1047	0
633	1047	0
635	1047	0
637	1047	0
640	1047	0
641	1047	0
642	1047	0
643	1047	0
644	1047	0
645	1047	1
646	1047	0
647	1047	0
648	1047	0
649	1047	0
650	1047	0
651	1047	0
652	1047	0
653	1047	0
654	1047	0
655	1047	0
658	1047	0
659	1047	0
661	1047	0
662	1047	0
663	1047	0
664	1047	0
666	1047	0
667	1047	0
668	1047	0
669	1047	0
671	1047	0
672	1047	0
673	1047	0
674	1047	0
675	1047	0
676	1047	0
680	1047	0
682	1047	0
683	1047	0
684	1047	0
685	1047	0
686	1047	0
688	1047	0
689	1047	0
690	1047	0
691	1047	0
692	1047	0
693	1047	0
694	1047	0
695	1047	0
696	1047	0
697	1047	0
698	1047	0
699	1047	0
700	1047	0
701	1047	0
702	1047	0
703	1047	0
704	1047	0
705	1047	0
706	1047	0
707	1047	0
708	1047	0
709	1047	0
710	1047	0
711	1047	0
713	1047	0
714	1047	0
715	1047	0
716	1047	0
717	1047	0
718	1047	1
720	1047	0
721	1047	0
722	1047	0
728	1047	0
730	1047	0
731	1047	0
732	1047	0
733	1047	0
734	1047	0
735	1047	0
736	1047	0
737	1047	0
738	1047	0
739	1047	0
740	1047	0
741	1047	1
742	1047	0
744	1047	0
745	1047	0
746	1047	1
747	1047	0
748	1047	0
749	1047	0
750	1047	0
751	1047	1
752	1047	0
753	1047	0
754	1047	1
755	1047	0
756	1047	0
757	1047	0
758	1047	0
759	1047	0
760	1047	0
761	1047	0
762	1047	0
763	1047	0
764	1047	0
765	1047	0
766	1047	0
767	1047	0
768	1047	0
769	1047	0
770	1047	0
771	1047	0
772	1047	0
773	1047	0
774	1047	1
775	1047	0
776	1047	0
777	1047	0
778	1047	0
779	1047	0
780	1047	0
783	1047	0
784	1047	0
785	1047	0
786	1047	0
787	1047	0
788	1047	0
789	1047	0
790	1047	0
791	1047	0
794	1047	0
796	1047	0
797	1047	0
798	1047	0
799	1047	0
800	1047	0
801	1047	1
802	1047	0
803	1047	0
804	1047	0
806	1047	0
807	1047	0
808	1047	0
809	1047	0
810	1047	0
811	1047	1
814	1047	0
816	1047	0
817	1047	0
819	1047	0
820	1047	0
821	1047	0
824	1047	0
825	1047	0
827	1047	0
828	1047	0
830	1047	0
831	1047	0
832	1047	0
833	1047	0
834	1047	0
835	1047	0
836	1047	0
837	1047	0
839	1047	0
840	1047	0
841	1047	0
844	1047	0
845	1047	0
846	1047	0
847	1047	0
848	1047	0
849	1047	1
850	1047	1
851	1047	0
852	1047	0
853	1047	0
854	1047	0
855	1047	0
856	1047	0
857	1047	0
858	1047	0
859	1047	0
860	1047	0
861	1047	0
862	1047	0
863	1047	0
864	1047	0
865	1047	0
866	1047	0
867	1047	0
868	1047	0
869	1047	0
870	1047	0
872	1047	0
873	1047	0
874	1047	0
875	1047	0
876	1047	0
877	1047	1
879	1047	0
880	1047	0
881	1047	0
882	1047	1
883	1047	0
884	1047	0
885	1047	0
886	1047	0
887	1047	0
888	1047	0
889	1047	0
890	1047	0
891	1047	0
892	1047	0
893	1047	0
894	1047	0
895	1047	0
896	1047	0
897	1047	0
898	1047	0
900	1047	0
901	1047	0
902	1047	0
903	1047	0
904	1047	0
905	1047	0
906	1047	0
907	1047	0
908	1047	0
909	1047	0
911	1047	0
912	1047	0
913	1047	0
914	1047	0
916	1047	0
917	1047	1
918	1047	0
919	1047	0
920	1047	0
921	1047	0
922	1047	1
923	1047	0
924	1047	0
925	1047	0
927	1047	0
928	1047	0
930	1047	0
931	1047	0
933	1047	0
934	1047	0
936	1047	0
937	1047	0
939	1047	0
940	1047	0
942	1047	0
943	1047	0
944	1047	0
945	1047	0
946	1047	0
947	1047	0
948	1047	0
949	1047	0
950	1047	0
952	1047	0
953	1047	0
954	1047	0
955	1047	0
956	1047	0
958	1047	0
961	1047	0
962	1047	0
963	1047	1
964	1047	0
965	1047	0
966	1047	0
967	1047	0
