1	1229	0
2	1229	0
3	1229	0
4	1229	0
5	1229	0
6	1229	0
7	1229	0
8	1229	0
9	1229	0
10	1229	0
11	1229	0
13	1229	0
14	1229	0
16	1229	0
17	1229	0
18	1229	1
19	1229	0
20	1229	0
21	1229	0
22	1229	0
23	1229	0
24	1229	0
25	1229	0
26	1229	0
27	1229	0
28	1229	0
29	1229	0
31	1229	0
32	1229	0
33	1229	0
34	1229	0
35	1229	0
36	1229	0
37	1229	0
38	1229	0
39	1229	1
41	1229	1
42	1229	0
43	1229	0
44	1229	0
45	1229	1
46	1229	0
47	1229	0
48	1229	0
49	1229	0
50	1229	0
51	1229	0
52	1229	1
53	1229	1
54	1229	0
55	1229	0
56	1229	0
58	1229	0
59	1229	0
60	1229	0
61	1229	0
62	1229	0
63	1229	0
64	1229	0
65	1229	0
66	1229	1
67	1229	0
68	1229	0
69	1229	0
70	1229	0
71	1229	0
72	1229	0
73	1229	0
74	1229	0
75	1229	0
77	1229	1
78	1229	0
80	1229	0
81	1229	0
82	1229	0
83	1229	0
84	1229	0
85	1229	0
86	1229	0
87	1229	1
88	1229	0
89	1229	0
91	1229	0
92	1229	1
93	1229	0
94	1229	0
95	1229	0
96	1229	0
97	1229	0
99	1229	0
100	1229	0
101	1229	0
103	1229	0
104	1229	0
105	1229	0
106	1229	0
107	1229	0
108	1229	0
109	1229	0
110	1229	1
111	1229	0
112	1229	0
113	1229	0
114	1229	0
115	1229	0
116	1229	0
117	1229	0
118	1229	0
119	1229	0
120	1229	0
121	1229	0
123	1229	0
124	1229	0
125	1229	1
128	1229	0
129	1229	0
130	1229	0
131	1229	0
132	1229	0
133	1229	0
134	1229	0
135	1229	0
136	1229	0
137	1229	0
138	1229	0
139	1229	0
140	1229	0
141	1229	1
142	1229	0
143	1229	0
144	1229	0
145	1229	0
146	1229	0
147	1229	0
150	1229	0
151	1229	0
152	1229	1
153	1229	0
154	1229	0
155	1229	0
156	1229	0
157	1229	0
158	1229	0
159	1229	0
161	1229	0
162	1229	0
163	1229	0
167	1229	0
168	1229	0
169	1229	0
170	1229	0
171	1229	0
172	1229	0
173	1229	1
174	1229	0
175	1229	0
177	1229	0
178	1229	0
179	1229	1
180	1229	0
181	1229	0
182	1229	0
183	1229	0
184	1229	0
185	1229	0
186	1229	0
187	1229	0
188	1229	1
189	1229	0
190	1229	0
191	1229	0
192	1229	0
193	1229	0
194	1229	0
195	1229	0
196	1229	0
197	1229	0
198	1229	0
199	1229	0
200	1229	0
201	1229	0
202	1229	0
203	1229	0
204	1229	1
206	1229	0
207	1229	0
208	1229	0
209	1229	0
210	1229	0
211	1229	0
212	1229	0
214	1229	0
215	1229	0
216	1229	0
217	1229	0
218	1229	0
219	1229	0
220	1229	0
221	1229	0
222	1229	0
223	1229	0
224	1229	1
226	1229	0
227	1229	0
228	1229	0
230	1229	0
231	1229	0
232	1229	0
233	1229	1
234	1229	0
235	1229	0
236	1229	0
237	1229	0
238	1229	0
239	1229	0
244	1229	0
245	1229	0
246	1229	0
247	1229	0
248	1229	0
249	1229	0
250	1229	0
251	1229	0
252	1229	0
253	1229	0
254	1229	0
255	1229	0
256	1229	0
257	1229	0
258	1229	0
259	1229	0
260	1229	0
261	1229	0
262	1229	0
263	1229	0
264	1229	0
265	1229	0
266	1229	0
267	1229	0
268	1229	0
270	1229	0
271	1229	0
272	1229	0
273	1229	0
274	1229	0
275	1229	0
277	1229	0
278	1229	0
280	1229	0
282	1229	1
283	1229	0
284	1229	0
285	1229	0
286	1229	1
287	1229	0
288	1229	0
289	1229	0
290	1229	0
291	1229	0
292	1229	0
293	1229	0
294	1229	1
295	1229	0
296	1229	0
297	1229	0
298	1229	1
300	1229	0
301	1229	0
302	1229	0
303	1229	1
304	1229	0
305	1229	0
306	1229	0
307	1229	0
308	1229	0
309	1229	1
310	1229	0
311	1229	0
312	1229	0
313	1229	1
314	1229	0
315	1229	0
316	1229	0
317	1229	0
318	1229	0
320	1229	0
321	1229	0
322	1229	0
323	1229	0
324	1229	0
325	1229	0
328	1229	0
329	1229	0
331	1229	0
332	1229	0
333	1229	0
334	1229	0
336	1229	1
337	1229	0
338	1229	0
340	1229	0
341	1229	0
342	1229	0
343	1229	0
344	1229	0
345	1229	0
346	1229	0
347	1229	0
348	1229	0
349	1229	0
350	1229	1
351	1229	0
352	1229	0
353	1229	0
355	1229	0
356	1229	0
357	1229	0
358	1229	0
359	1229	0
360	1229	0
361	1229	0
362	1229	0
363	1229	0
364	1229	0
365	1229	0
366	1229	0
367	1229	1
368	1229	0
369	1229	0
370	1229	0
371	1229	0
372	1229	0
373	1229	0
374	1229	0
375	1229	0
377	1229	0
378	1229	0
379	1229	0
380	1229	0
381	1229	0
382	1229	0
383	1229	0
384	1229	0
385	1229	0
386	1229	1
388	1229	0
389	1229	0
391	1229	0
392	1229	0
393	1229	0
394	1229	0
395	1229	0
396	1229	1
397	1229	0
398	1229	1
399	1229	0
400	1229	0
401	1229	0
402	1229	0
404	1229	0
405	1229	0
406	1229	0
407	1229	0
408	1229	1
410	1229	0
411	1229	1
412	1229	0
413	1229	0
415	1229	0
416	1229	0
417	1229	1
418	1229	0
419	1229	0
420	1229	0
421	1229	0
422	1229	0
423	1229	1
424	1229	0
425	1229	0
426	1229	0
427	1229	0
428	1229	0
429	1229	0
431	1229	0
432	1229	0
433	1229	0
434	1229	0
435	1229	0
436	1229	0
437	1229	0
438	1229	0
439	1229	0
440	1229	0
441	1229	0
442	1229	0
443	1229	1
444	1229	0
445	1229	0
446	1229	0
447	1229	0
448	1229	0
449	1229	0
450	1229	0
451	1229	0
452	1229	0
453	1229	0
454	1229	0
455	1229	0
456	1229	0
457	1229	0
458	1229	0
459	1229	0
460	1229	0
461	1229	0
462	1229	0
463	1229	0
464	1229	0
465	1229	1
466	1229	0
467	1229	0
468	1229	0
469	1229	0
470	1229	0
471	1229	0
472	1229	0
473	1229	0
474	1229	0
475	1229	0
476	1229	0
477	1229	0
478	1229	0
479	1229	0
480	1229	0
481	1229	0
482	1229	0
484	1229	0
485	1229	0
486	1229	0
487	1229	0
488	1229	1
489	1229	0
490	1229	0
491	1229	0
493	1229	0
494	1229	0
495	1229	0
496	1229	0
497	1229	0
499	1229	0
500	1229	0
501	1229	0
502	1229	0
503	1229	0
504	1229	0
505	1229	0
506	1229	1
507	1229	1
508	1229	1
509	1229	1
510	1229	0
511	1229	0
512	1229	0
513	1229	0
514	1229	1
515	1229	0
516	1229	1
517	1229	0
518	1229	0
519	1229	0
520	1229	0
521	1229	0
522	1229	0
523	1229	0
524	1229	0
525	1229	1
527	1229	0
529	1229	1
530	1229	0
531	1229	0
533	1229	0
534	1229	0
535	1229	0
536	1229	0
537	1229	1
538	1229	0
539	1229	0
540	1229	0
541	1229	0
542	1229	0
543	1229	0
544	1229	0
545	1229	0
547	1229	0
548	1229	0
549	1229	0
550	1229	0
551	1229	0
553	1229	0
554	1229	1
555	1229	0
556	1229	0
557	1229	0
558	1229	0
560	1229	0
561	1229	0
562	1229	0
563	1229	0
564	1229	0
565	1229	0
566	1229	0
567	1229	0
568	1229	0
569	1229	0
570	1229	0
571	1229	0
572	1229	0
574	1229	0
575	1229	0
576	1229	0
577	1229	0
578	1229	0
579	1229	0
581	1229	0
582	1229	0
583	1229	0
584	1229	0
585	1229	0
586	1229	0
587	1229	0
588	1229	0
589	1229	0
590	1229	0
591	1229	0
593	1229	0
595	1229	0
596	1229	0
597	1229	0
598	1229	0
599	1229	0
600	1229	0
601	1229	0
602	1229	1
605	1229	0
606	1229	0
607	1229	0
608	1229	0
609	1229	0
612	1229	0
614	1229	0
615	1229	0
616	1229	0
617	1229	0
618	1229	0
619	1229	0
621	1229	1
622	1229	0
624	1229	0
625	1229	0
626	1229	0
627	1229	0
628	1229	0
630	1229	0
632	1229	0
633	1229	0
634	1229	0
635	1229	0
636	1229	0
637	1229	0
638	1229	0
639	1229	0
640	1229	0
641	1229	0
642	1229	0
645	1229	0
646	1229	0
647	1229	0
648	1229	0
649	1229	0
650	1229	1
651	1229	1
652	1229	0
653	1229	0
654	1229	0
655	1229	0
656	1229	0
657	1229	0
658	1229	0
659	1229	0
660	1229	0
661	1229	0
662	1229	0
663	1229	0
664	1229	0
666	1229	0
667	1229	1
668	1229	0
669	1229	0
670	1229	1
671	1229	0
672	1229	0
673	1229	0
674	1229	0
675	1229	0
676	1229	1
677	1229	0
678	1229	0
679	1229	0
680	1229	0
681	1229	0
682	1229	0
683	1229	0
684	1229	0
685	1229	0
686	1229	0
687	1229	0
689	1229	0
690	1229	0
691	1229	0
692	1229	0
693	1229	0
694	1229	0
696	1229	0
697	1229	1
698	1229	0
699	1229	0
701	1229	0
702	1229	0
703	1229	0
704	1229	0
705	1229	0
706	1229	0
707	1229	0
708	1229	0
709	1229	0
710	1229	0
711	1229	1
712	1229	0
713	1229	0
715	1229	0
716	1229	0
717	1229	0
718	1229	0
719	1229	0
720	1229	0
721	1229	0
722	1229	1
723	1229	1
724	1229	0
725	1229	0
726	1229	0
727	1229	0
728	1229	0
729	1229	1
730	1229	0
731	1229	0
732	1229	0
733	1229	0
734	1229	0
735	1229	0
736	1229	0
737	1229	0
738	1229	1
739	1229	0
740	1229	0
741	1229	0
742	1229	1
743	1229	0
744	1229	0
745	1229	0
747	1229	0
748	1229	1
749	1229	0
750	1229	0
751	1229	0
752	1229	0
753	1229	0
754	1229	0
755	1229	0
756	1229	0
757	1229	0
758	1229	0
759	1229	1
760	1229	0
761	1229	0
762	1229	0
764	1229	0
765	1229	0
766	1229	0
767	1229	0
768	1229	0
769	1229	1
770	1229	1
771	1229	0
772	1229	0
773	1229	0
775	1229	0
776	1229	1
777	1229	0
778	1229	0
779	1229	0
780	1229	0
781	1229	0
782	1229	0
783	1229	0
784	1229	0
785	1229	0
786	1229	0
787	1229	0
788	1229	0
789	1229	0
790	1229	0
791	1229	0
792	1229	0
793	1229	0
794	1229	0
795	1229	0
798	1229	0
799	1229	0
800	1229	0
801	1229	0
802	1229	0
803	1229	0
804	1229	0
805	1229	0
806	1229	0
807	1229	0
808	1229	0
809	1229	0
810	1229	0
811	1229	0
812	1229	0
814	1229	0
817	1229	0
818	1229	0
819	1229	0
820	1229	0
822	1229	0
823	1229	0
824	1229	0
825	1229	0
826	1229	0
827	1229	0
829	1229	1
830	1229	1
831	1229	1
832	1229	1
833	1229	0
834	1229	0
835	1229	0
836	1229	0
838	1229	0
839	1229	0
840	1229	0
841	1229	0
842	1229	0
843	1229	0
844	1229	0
845	1229	0
846	1229	0
847	1229	0
848	1229	0
849	1229	0
851	1229	0
852	1229	0
853	1229	0
854	1229	0
855	1229	0
856	1229	0
857	1229	1
858	1229	0
859	1229	0
860	1229	0
861	1229	1
862	1229	0
863	1229	0
864	1229	0
865	1229	0
866	1229	0
867	1229	0
868	1229	0
869	1229	0
870	1229	1
871	1229	1
872	1229	0
873	1229	0
874	1229	0
875	1229	0
876	1229	0
877	1229	0
878	1229	0
880	1229	0
881	1229	0
882	1229	0
883	1229	0
884	1229	0
885	1229	0
886	1229	0
887	1229	0
888	1229	0
889	1229	0
890	1229	0
891	1229	1
892	1229	0
893	1229	0
894	1229	0
895	1229	0
896	1229	0
897	1229	0
898	1229	0
899	1229	0
900	1229	0
901	1229	0
902	1229	0
903	1229	0
904	1229	0
905	1229	0
907	1229	0
908	1229	1
909	1229	0
910	1229	0
911	1229	0
913	1229	0
915	1229	0
916	1229	0
918	1229	0
919	1229	0
920	1229	0
921	1229	0
922	1229	0
923	1229	0
924	1229	0
925	1229	0
926	1229	0
927	1229	0
928	1229	0
930	1229	0
931	1229	0
933	1229	0
935	1229	0
936	1229	0
937	1229	0
939	1229	0
940	1229	0
941	1229	0
942	1229	0
943	1229	0
945	1229	0
946	1229	0
947	1229	0
948	1229	0
949	1229	0
953	1229	0
955	1229	0
957	1229	0
958	1229	0
959	1229	0
960	1229	0
961	1229	0
962	1229	0
963	1229	0
964	1229	0
965	1229	1
966	1229	0
967	1229	0
