0	1071	0
2	1071	0
3	1071	0
4	1071	0
5	1071	0
6	1071	0
7	1071	0
8	1071	1
9	1071	0
10	1071	0
12	1071	0
13	1071	0
14	1071	0
15	1071	0
16	1071	0
17	1071	0
18	1071	1
19	1071	1
20	1071	0
21	1071	0
22	1071	0
23	1071	0
26	1071	0
27	1071	0
28	1071	0
29	1071	0
30	1071	0
31	1071	1
32	1071	1
33	1071	0
34	1071	0
36	1071	0
37	1071	0
38	1071	1
39	1071	1
40	1071	0
42	1071	0
43	1071	1
44	1071	0
45	1071	0
47	1071	0
48	1071	0
49	1071	0
50	1071	0
51	1071	0
52	1071	0
54	1071	0
56	1071	0
58	1071	0
59	1071	1
60	1071	0
61	1071	0
62	1071	0
64	1071	0
65	1071	0
66	1071	0
67	1071	0
68	1071	0
69	1071	0
70	1071	0
71	1071	0
72	1071	0
73	1071	0
74	1071	0
75	1071	0
76	1071	0
77	1071	0
79	1071	0
80	1071	0
81	1071	0
82	1071	0
83	1071	0
84	1071	0
85	1071	0
86	1071	0
87	1071	0
88	1071	0
89	1071	0
90	1071	0
91	1071	0
92	1071	0
93	1071	0
94	1071	0
95	1071	1
96	1071	0
97	1071	1
99	1071	0
100	1071	0
102	1071	1
103	1071	0
104	1071	0
109	1071	1
111	1071	0
112	1071	0
113	1071	1
114	1071	0
116	1071	0
117	1071	0
118	1071	0
119	1071	0
120	1071	0
121	1071	0
123	1071	0
124	1071	0
125	1071	0
130	1071	0
131	1071	0
132	1071	0
133	1071	0
134	1071	0
136	1071	0
137	1071	0
138	1071	1
139	1071	0
140	1071	1
141	1071	0
142	1071	0
143	1071	0
144	1071	0
145	1071	0
146	1071	0
147	1071	0
149	1071	0
150	1071	0
151	1071	0
152	1071	0
153	1071	0
154	1071	0
155	1071	0
156	1071	0
157	1071	0
158	1071	0
159	1071	0
160	1071	0
161	1071	0
162	1071	0
163	1071	1
166	1071	0
170	1071	1
171	1071	0
172	1071	1
173	1071	0
174	1071	0
175	1071	0
177	1071	0
178	1071	0
179	1071	0
180	1071	0
182	1071	0
183	1071	0
184	1071	0
187	1071	0
188	1071	1
189	1071	0
190	1071	0
191	1071	1
192	1071	0
193	1071	0
194	1071	0
195	1071	0
196	1071	1
197	1071	0
201	1071	0
202	1071	0
203	1071	0
204	1071	0
206	1071	0
207	1071	0
208	1071	0
210	1071	0
211	1071	0
212	1071	0
213	1071	0
214	1071	0
217	1071	0
218	1071	0
219	1071	1
220	1071	0
222	1071	0
223	1071	0
224	1071	0
225	1071	0
227	1071	1
228	1071	0
229	1071	0
231	1071	0
232	1071	0
233	1071	0
235	1071	0
239	1071	0
240	1071	0
244	1071	0
247	1071	1
248	1071	0
249	1071	0
251	1071	1
252	1071	0
253	1071	1
254	1071	0
255	1071	1
256	1071	0
258	1071	0
259	1071	0
260	1071	0
261	1071	0
262	1071	0
263	1071	0
264	1071	0
265	1071	0
266	1071	0
267	1071	0
268	1071	0
269	1071	0
270	1071	0
271	1071	0
272	1071	0
273	1071	0
274	1071	0
275	1071	0
276	1071	0
277	1071	0
278	1071	0
279	1071	0
280	1071	0
281	1071	0
282	1071	0
283	1071	0
284	1071	0
285	1071	0
286	1071	0
288	1071	0
289	1071	0
290	1071	0
291	1071	0
292	1071	0
293	1071	0
294	1071	0
295	1071	0
296	1071	0
297	1071	0
298	1071	0
299	1071	0
300	1071	0
301	1071	0
302	1071	0
303	1071	0
304	1071	0
306	1071	0
308	1071	0
309	1071	0
311	1071	0
312	1071	0
313	1071	0
315	1071	0
316	1071	0
317	1071	0
318	1071	0
319	1071	0
321	1071	0
322	1071	0
323	1071	0
324	1071	0
325	1071	0
326	1071	0
327	1071	0
328	1071	0
329	1071	0
330	1071	0
331	1071	0
333	1071	0
335	1071	0
337	1071	0
338	1071	0
340	1071	0
341	1071	0
342	1071	0
344	1071	0
346	1071	1
347	1071	0
348	1071	1
349	1071	0
350	1071	0
354	1071	0
355	1071	0
357	1071	0
358	1071	0
359	1071	0
361	1071	1
363	1071	0
364	1071	0
365	1071	0
366	1071	0
367	1071	0
368	1071	0
371	1071	0
372	1071	0
373	1071	1
374	1071	1
375	1071	0
377	1071	1
378	1071	1
379	1071	0
380	1071	0
381	1071	0
382	1071	0
383	1071	0
384	1071	0
385	1071	0
386	1071	1
387	1071	0
388	1071	0
390	1071	1
391	1071	0
393	1071	0
394	1071	0
395	1071	1
397	1071	0
398	1071	0
399	1071	0
400	1071	1
402	1071	0
403	1071	0
404	1071	0
405	1071	0
406	1071	0
410	1071	0
411	1071	0
412	1071	1
413	1071	0
414	1071	0
415	1071	1
416	1071	0
417	1071	0
418	1071	0
419	1071	0
420	1071	0
421	1071	0
422	1071	0
423	1071	0
424	1071	0
426	1071	0
427	1071	0
428	1071	0
429	1071	0
430	1071	0
431	1071	0
432	1071	0
433	1071	0
434	1071	0
435	1071	0
436	1071	1
437	1071	0
438	1071	1
439	1071	0
440	1071	0
441	1071	0
442	1071	0
444	1071	0
445	1071	0
446	1071	1
447	1071	0
448	1071	0
449	1071	0
450	1071	0
451	1071	0
452	1071	0
453	1071	0
454	1071	1
455	1071	0
457	1071	0
458	1071	0
459	1071	0
460	1071	0
461	1071	0
462	1071	0
463	1071	0
464	1071	1
465	1071	1
466	1071	0
467	1071	0
468	1071	0
469	1071	0
470	1071	0
471	1071	0
472	1071	0
473	1071	0
474	1071	0
475	1071	0
476	1071	1
477	1071	0
478	1071	1
480	1071	0
481	1071	0
482	1071	0
483	1071	0
485	1071	0
486	1071	0
487	1071	0
489	1071	0
490	1071	0
491	1071	0
492	1071	0
493	1071	0
495	1071	1
496	1071	1
497	1071	1
499	1071	1
500	1071	0
501	1071	0
502	1071	0
503	1071	1
505	1071	1
508	1071	1
509	1071	1
511	1071	0
512	1071	0
513	1071	0
514	1071	1
515	1071	0
516	1071	0
517	1071	0
518	1071	1
519	1071	1
520	1071	1
527	1071	0
533	1071	0
536	1071	0
537	1071	0
538	1071	0
540	1071	0
541	1071	0
542	1071	0
543	1071	0
544	1071	0
546	1071	0
547	1071	0
548	1071	0
549	1071	0
550	1071	0
551	1071	0
553	1071	0
554	1071	0
555	1071	0
556	1071	0
557	1071	0
558	1071	0
559	1071	0
560	1071	0
561	1071	0
562	1071	0
563	1071	1
564	1071	0
565	1071	0
566	1071	0
567	1071	0
569	1071	0
570	1071	0
571	1071	1
572	1071	0
574	1071	0
575	1071	0
576	1071	0
577	1071	0
578	1071	0
579	1071	0
582	1071	0
583	1071	1
585	1071	0
586	1071	0
587	1071	0
589	1071	0
590	1071	0
591	1071	0
592	1071	0
594	1071	0
595	1071	0
596	1071	0
597	1071	0
598	1071	0
599	1071	0
600	1071	0
601	1071	0
602	1071	0
605	1071	0
606	1071	0
607	1071	0
608	1071	1
609	1071	0
611	1071	0
612	1071	0
613	1071	0
614	1071	0
615	1071	0
616	1071	0
617	1071	0
618	1071	0
619	1071	0
621	1071	0
622	1071	0
624	1071	0
625	1071	0
626	1071	0
627	1071	0
628	1071	0
630	1071	1
632	1071	0
633	1071	0
635	1071	0
636	1071	0
637	1071	0
640	1071	1
641	1071	0
642	1071	0
645	1071	0
646	1071	0
647	1071	0
648	1071	0
649	1071	1
650	1071	1
651	1071	0
652	1071	1
653	1071	0
655	1071	0
658	1071	0
659	1071	0
660	1071	1
661	1071	1
662	1071	1
663	1071	0
664	1071	1
666	1071	1
667	1071	0
668	1071	0
670	1071	0
671	1071	0
672	1071	0
673	1071	1
674	1071	0
675	1071	0
676	1071	0
680	1071	0
682	1071	0
683	1071	0
684	1071	0
685	1071	0
686	1071	0
688	1071	0
689	1071	0
690	1071	0
691	1071	1
692	1071	1
693	1071	0
694	1071	0
695	1071	1
696	1071	0
697	1071	0
698	1071	0
699	1071	0
700	1071	0
701	1071	0
702	1071	0
703	1071	0
704	1071	0
705	1071	0
706	1071	0
707	1071	0
708	1071	0
709	1071	0
710	1071	0
711	1071	0
713	1071	1
714	1071	0
715	1071	1
716	1071	0
717	1071	0
718	1071	1
719	1071	0
720	1071	0
721	1071	1
722	1071	0
728	1071	0
730	1071	0
731	1071	0
732	1071	1
733	1071	0
734	1071	0
736	1071	0
737	1071	0
738	1071	0
740	1071	0
741	1071	0
742	1071	1
743	1071	0
744	1071	0
745	1071	0
746	1071	1
747	1071	0
748	1071	1
749	1071	0
750	1071	0
751	1071	0
752	1071	0
753	1071	1
754	1071	0
755	1071	0
756	1071	0
758	1071	0
759	1071	1
760	1071	0
761	1071	0
762	1071	0
763	1071	0
764	1071	0
765	1071	0
766	1071	1
767	1071	0
768	1071	0
769	1071	0
770	1071	0
771	1071	0
772	1071	0
773	1071	0
774	1071	1
775	1071	0
776	1071	0
777	1071	0
778	1071	0
779	1071	0
780	1071	0
783	1071	0
784	1071	0
785	1071	0
786	1071	0
787	1071	0
788	1071	0
789	1071	0
790	1071	0
791	1071	0
793	1071	0
794	1071	0
795	1071	0
796	1071	0
797	1071	0
798	1071	0
800	1071	0
801	1071	0
802	1071	0
803	1071	0
804	1071	0
806	1071	0
808	1071	1
809	1071	0
810	1071	0
811	1071	1
814	1071	1
816	1071	0
817	1071	0
819	1071	0
820	1071	0
821	1071	0
824	1071	0
825	1071	0
827	1071	1
828	1071	1
829	1071	1
830	1071	0
831	1071	0
832	1071	1
833	1071	1
834	1071	0
835	1071	0
836	1071	1
837	1071	1
839	1071	0
840	1071	1
841	1071	0
842	1071	0
843	1071	0
844	1071	0
845	1071	0
846	1071	0
847	1071	0
848	1071	0
849	1071	0
850	1071	0
851	1071	0
852	1071	0
853	1071	0
854	1071	0
857	1071	0
858	1071	0
859	1071	0
860	1071	0
861	1071	0
862	1071	0
863	1071	0
864	1071	0
866	1071	0
867	1071	0
868	1071	0
869	1071	0
870	1071	0
873	1071	0
874	1071	0
875	1071	0
876	1071	0
877	1071	1
880	1071	0
881	1071	0
882	1071	0
883	1071	0
885	1071	0
886	1071	0
887	1071	0
888	1071	0
889	1071	0
890	1071	0
891	1071	0
892	1071	0
893	1071	0
894	1071	0
895	1071	0
896	1071	0
897	1071	0
898	1071	0
900	1071	0
901	1071	0
902	1071	1
903	1071	0
904	1071	0
905	1071	0
906	1071	0
907	1071	0
908	1071	0
909	1071	0
911	1071	0
912	1071	0
914	1071	0
916	1071	0
917	1071	0
918	1071	0
919	1071	1
920	1071	0
921	1071	0
922	1071	1
923	1071	0
924	1071	0
925	1071	0
926	1071	0
927	1071	0
928	1071	1
930	1071	0
931	1071	0
934	1071	0
936	1071	0
937	1071	0
939	1071	0
940	1071	0
941	1071	0
942	1071	0
943	1071	1
944	1071	0
945	1071	0
946	1071	0
947	1071	0
948	1071	0
949	1071	0
950	1071	0
953	1071	1
954	1071	0
956	1071	1
958	1071	0
962	1071	0
963	1071	1
965	1071	0
966	1071	1
967	1071	1
