0	1088	0
1	1088	0
2	1088	0
3	1088	0
4	1088	0
5	1088	0
6	1088	0
7	1088	0
8	1088	1
9	1088	1
10	1088	0
11	1088	0
12	1088	0
13	1088	0
14	1088	0
15	1088	0
16	1088	0
17	1088	0
18	1088	1
19	1088	1
20	1088	0
21	1088	0
22	1088	0
23	1088	0
24	1088	0
26	1088	0
27	1088	0
28	1088	0
29	1088	0
30	1088	0
31	1088	0
32	1088	1
33	1088	0
34	1088	0
35	1088	0
36	1088	0
37	1088	0
38	1088	0
39	1088	0
40	1088	0
42	1088	0
43	1088	0
44	1088	0
45	1088	0
46	1088	0
47	1088	1
48	1088	0
49	1088	0
50	1088	0
51	1088	0
52	1088	0
53	1088	0
54	1088	0
55	1088	0
56	1088	0
57	1088	0
58	1088	0
59	1088	1
60	1088	0
61	1088	0
62	1088	0
64	1088	0
65	1088	0
66	1088	0
67	1088	1
68	1088	0
69	1088	0
70	1088	0
71	1088	0
72	1088	0
73	1088	0
74	1088	0
75	1088	0
76	1088	0
77	1088	0
78	1088	0
79	1088	0
80	1088	0
81	1088	0
82	1088	0
83	1088	0
84	1088	0
85	1088	0
86	1088	0
87	1088	0
88	1088	0
89	1088	0
90	1088	0
91	1088	0
92	1088	0
93	1088	0
94	1088	0
95	1088	0
96	1088	1
97	1088	0
98	1088	0
99	1088	0
100	1088	0
101	1088	0
102	1088	1
103	1088	0
104	1088	0
105	1088	0
106	1088	0
109	1088	1
111	1088	0
112	1088	0
113	1088	1
114	1088	0
115	1088	0
116	1088	0
117	1088	0
118	1088	0
119	1088	0
120	1088	0
121	1088	0
122	1088	0
123	1088	0
124	1088	0
125	1088	0
126	1088	0
127	1088	0
129	1088	0
130	1088	0
131	1088	0
132	1088	0
133	1088	0
134	1088	0
136	1088	0
137	1088	0
138	1088	1
139	1088	0
140	1088	1
141	1088	0
142	1088	0
143	1088	0
144	1088	0
145	1088	0
146	1088	0
147	1088	0
148	1088	0
149	1088	0
150	1088	0
151	1088	0
152	1088	1
153	1088	0
154	1088	1
155	1088	0
156	1088	0
157	1088	0
158	1088	0
159	1088	0
160	1088	0
161	1088	0
162	1088	1
163	1088	1
165	1088	0
166	1088	0
167	1088	0
168	1088	0
169	1088	0
170	1088	0
171	1088	1
172	1088	0
173	1088	0
174	1088	0
175	1088	0
177	1088	0
178	1088	0
179	1088	0
180	1088	0
182	1088	1
183	1088	0
184	1088	0
185	1088	0
186	1088	0
187	1088	0
188	1088	0
189	1088	0
190	1088	1
191	1088	0
192	1088	0
193	1088	0
194	1088	0
195	1088	0
196	1088	1
197	1088	0
198	1088	0
199	1088	0
200	1088	0
201	1088	0
202	1088	0
203	1088	0
204	1088	0
206	1088	0
207	1088	0
208	1088	1
210	1088	0
211	1088	0
212	1088	1
213	1088	0
214	1088	1
215	1088	0
216	1088	0
217	1088	0
218	1088	0
219	1088	0
220	1088	0
222	1088	0
223	1088	0
224	1088	1
225	1088	0
226	1088	0
227	1088	1
228	1088	0
229	1088	0
230	1088	0
231	1088	0
232	1088	0
233	1088	0
234	1088	0
235	1088	0
236	1088	0
237	1088	0
238	1088	0
239	1088	0
240	1088	0
241	1088	0
242	1088	0
244	1088	0
245	1088	0
247	1088	0
248	1088	0
249	1088	0
250	1088	0
251	1088	1
252	1088	0
253	1088	1
254	1088	0
255	1088	0
256	1088	0
258	1088	1
259	1088	0
260	1088	0
261	1088	0
262	1088	0
263	1088	0
264	1088	0
265	1088	0
266	1088	0
267	1088	0
268	1088	0
269	1088	0
270	1088	0
271	1088	0
272	1088	0
273	1088	0
274	1088	0
275	1088	0
276	1088	0
277	1088	0
278	1088	1
279	1088	0
280	1088	0
281	1088	1
282	1088	0
283	1088	0
284	1088	0
285	1088	0
286	1088	0
287	1088	0
288	1088	0
289	1088	0
290	1088	0
291	1088	0
292	1088	0
293	1088	0
294	1088	0
295	1088	0
296	1088	0
297	1088	0
298	1088	0
299	1088	0
300	1088	0
301	1088	0
302	1088	0
303	1088	0
304	1088	0
305	1088	0
306	1088	0
307	1088	0
308	1088	0
309	1088	0
310	1088	0
311	1088	0
312	1088	0
313	1088	0
314	1088	0
315	1088	0
316	1088	0
317	1088	0
318	1088	0
319	1088	0
320	1088	0
321	1088	0
322	1088	0
323	1088	0
324	1088	0
325	1088	0
326	1088	0
327	1088	0
328	1088	1
329	1088	0
330	1088	1
331	1088	0
333	1088	1
335	1088	0
336	1088	0
337	1088	0
338	1088	0
339	1088	0
340	1088	0
342	1088	0
343	1088	0
344	1088	0
346	1088	0
347	1088	0
348	1088	0
349	1088	0
350	1088	0
351	1088	0
352	1088	0
354	1088	0
355	1088	0
357	1088	0
358	1088	1
359	1088	1
360	1088	0
361	1088	0
363	1088	0
364	1088	0
365	1088	0
366	1088	0
367	1088	0
368	1088	0
371	1088	1
372	1088	0
373	1088	1
374	1088	0
377	1088	1
378	1088	1
379	1088	1
380	1088	0
381	1088	0
382	1088	0
383	1088	0
384	1088	0
385	1088	0
386	1088	0
387	1088	0
388	1088	0
389	1088	0
390	1088	1
391	1088	0
393	1088	0
394	1088	0
395	1088	1
396	1088	0
398	1088	0
399	1088	0
400	1088	0
401	1088	0
402	1088	0
403	1088	0
404	1088	0
405	1088	0
406	1088	0
407	1088	0
408	1088	0
409	1088	0
410	1088	0
411	1088	0
412	1088	0
413	1088	0
414	1088	0
415	1088	0
416	1088	0
417	1088	0
418	1088	0
419	1088	0
420	1088	0
421	1088	0
422	1088	1
423	1088	0
424	1088	1
425	1088	0
426	1088	0
427	1088	0
428	1088	0
429	1088	0
431	1088	0
432	1088	0
433	1088	0
434	1088	0
435	1088	0
436	1088	0
437	1088	0
438	1088	0
439	1088	0
440	1088	0
441	1088	0
442	1088	0
443	1088	1
444	1088	0
445	1088	0
446	1088	1
447	1088	0
448	1088	0
449	1088	1
450	1088	0
451	1088	0
452	1088	0
453	1088	0
454	1088	0
455	1088	0
456	1088	1
457	1088	1
458	1088	0
459	1088	0
460	1088	0
461	1088	0
462	1088	0
463	1088	0
464	1088	0
465	1088	1
466	1088	0
467	1088	0
468	1088	0
469	1088	0
470	1088	0
471	1088	0
472	1088	0
473	1088	0
474	1088	0
475	1088	0
476	1088	0
477	1088	0
478	1088	1
480	1088	0
481	1088	0
482	1088	0
483	1088	0
484	1088	0
485	1088	0
486	1088	0
487	1088	0
489	1088	0
490	1088	0
491	1088	0
492	1088	0
493	1088	0
495	1088	0
496	1088	1
497	1088	0
499	1088	0
500	1088	0
501	1088	0
502	1088	0
503	1088	1
505	1088	1
506	1088	0
508	1088	1
509	1088	0
510	1088	0
511	1088	0
512	1088	0
513	1088	0
514	1088	1
515	1088	0
516	1088	0
517	1088	0
518	1088	1
519	1088	0
520	1088	1
521	1088	0
522	1088	0
523	1088	0
524	1088	0
525	1088	0
526	1088	0
527	1088	0
528	1088	0
529	1088	0
531	1088	0
533	1088	0
534	1088	0
536	1088	0
537	1088	0
538	1088	0
540	1088	0
541	1088	0
542	1088	0
543	1088	0
544	1088	0
546	1088	0
547	1088	0
548	1088	0
549	1088	0
550	1088	0
551	1088	0
553	1088	0
554	1088	0
555	1088	0
556	1088	0
557	1088	0
558	1088	0
559	1088	0
560	1088	0
561	1088	0
562	1088	1
563	1088	0
564	1088	0
565	1088	0
566	1088	0
567	1088	0
568	1088	0
569	1088	0
570	1088	0
571	1088	0
572	1088	0
573	1088	0
574	1088	0
575	1088	0
576	1088	0
577	1088	0
578	1088	0
579	1088	0
580	1088	0
582	1088	0
583	1088	0
584	1088	0
585	1088	0
586	1088	0
587	1088	0
588	1088	0
589	1088	0
590	1088	0
591	1088	0
592	1088	0
593	1088	0
594	1088	0
595	1088	0
596	1088	0
597	1088	0
598	1088	0
599	1088	0
600	1088	0
601	1088	0
602	1088	0
604	1088	0
605	1088	0
606	1088	0
607	1088	0
608	1088	0
609	1088	0
611	1088	0
612	1088	0
613	1088	0
614	1088	0
615	1088	0
616	1088	0
617	1088	0
618	1088	0
619	1088	0
620	1088	1
621	1088	0
622	1088	0
624	1088	0
625	1088	0
626	1088	0
627	1088	0
628	1088	0
630	1088	0
631	1088	1
632	1088	0
633	1088	0
635	1088	0
636	1088	0
637	1088	0
640	1088	0
641	1088	0
642	1088	0
643	1088	0
644	1088	0
645	1088	0
646	1088	0
647	1088	0
648	1088	0
649	1088	0
650	1088	0
651	1088	0
652	1088	1
653	1088	0
654	1088	0
655	1088	0
656	1088	0
657	1088	0
658	1088	0
659	1088	0
660	1088	0
661	1088	1
662	1088	0
663	1088	0
664	1088	0
666	1088	1
667	1088	0
668	1088	0
669	1088	0
670	1088	0
671	1088	0
672	1088	0
673	1088	1
674	1088	0
675	1088	0
676	1088	0
677	1088	0
678	1088	0
679	1088	0
680	1088	0
681	1088	0
682	1088	0
683	1088	0
684	1088	0
685	1088	1
686	1088	0
687	1088	0
688	1088	0
689	1088	0
690	1088	0
691	1088	1
692	1088	1
693	1088	1
694	1088	1
695	1088	1
696	1088	0
697	1088	0
698	1088	0
699	1088	0
700	1088	0
701	1088	0
702	1088	0
703	1088	0
704	1088	0
705	1088	0
706	1088	0
707	1088	0
708	1088	0
709	1088	0
710	1088	0
711	1088	0
712	1088	0
713	1088	1
714	1088	0
715	1088	0
716	1088	0
717	1088	0
718	1088	0
719	1088	0
720	1088	0
721	1088	0
722	1088	0
723	1088	0
724	1088	0
725	1088	0
726	1088	0
727	1088	0
728	1088	0
730	1088	0
731	1088	0
732	1088	1
733	1088	0
734	1088	0
735	1088	0
736	1088	0
737	1088	0
738	1088	0
739	1088	0
740	1088	0
741	1088	0
742	1088	0
743	1088	0
744	1088	0
745	1088	0
746	1088	0
747	1088	1
748	1088	1
749	1088	0
750	1088	1
751	1088	0
752	1088	0
753	1088	0
754	1088	0
755	1088	0
756	1088	0
757	1088	0
758	1088	0
759	1088	0
760	1088	0
761	1088	0
762	1088	0
763	1088	1
764	1088	0
765	1088	0
767	1088	0
768	1088	0
769	1088	0
770	1088	0
771	1088	1
772	1088	0
773	1088	0
774	1088	1
775	1088	0
776	1088	0
777	1088	0
778	1088	0
779	1088	0
780	1088	0
782	1088	0
783	1088	0
784	1088	0
785	1088	0
786	1088	0
787	1088	0
788	1088	0
789	1088	0
790	1088	0
791	1088	0
793	1088	0
794	1088	0
795	1088	0
796	1088	0
797	1088	0
798	1088	0
799	1088	0
800	1088	0
801	1088	0
802	1088	0
803	1088	0
804	1088	0
806	1088	0
807	1088	0
808	1088	0
809	1088	0
810	1088	0
811	1088	0
812	1088	0
813	1088	0
814	1088	0
816	1088	0
817	1088	0
818	1088	0
819	1088	0
820	1088	0
821	1088	0
822	1088	0
823	1088	0
824	1088	0
825	1088	0
826	1088	0
827	1088	1
828	1088	1
829	1088	1
830	1088	1
831	1088	1
832	1088	1
833	1088	1
834	1088	1
835	1088	0
836	1088	0
837	1088	0
839	1088	0
840	1088	0
841	1088	0
842	1088	0
843	1088	0
844	1088	0
845	1088	0
846	1088	0
847	1088	0
848	1088	0
849	1088	0
850	1088	0
851	1088	0
852	1088	0
853	1088	0
854	1088	0
855	1088	0
856	1088	0
857	1088	0
858	1088	0
859	1088	0
860	1088	0
861	1088	0
862	1088	0
863	1088	0
864	1088	0
865	1088	0
866	1088	0
867	1088	0
868	1088	0
869	1088	0
870	1088	1
872	1088	0
873	1088	0
874	1088	0
875	1088	0
876	1088	0
877	1088	0
878	1088	0
879	1088	0
880	1088	0
881	1088	0
882	1088	0
883	1088	0
884	1088	0
885	1088	0
886	1088	0
887	1088	0
888	1088	0
889	1088	0
890	1088	0
891	1088	0
892	1088	0
893	1088	0
894	1088	0
895	1088	0
896	1088	0
897	1088	0
898	1088	0
900	1088	0
901	1088	0
902	1088	0
903	1088	0
904	1088	1
905	1088	0
906	1088	0
907	1088	0
908	1088	1
909	1088	0
910	1088	0
911	1088	0
912	1088	0
913	1088	0
914	1088	0
916	1088	0
917	1088	1
918	1088	0
919	1088	0
920	1088	0
921	1088	0
922	1088	0
923	1088	0
924	1088	0
925	1088	0
926	1088	0
927	1088	0
928	1088	0
930	1088	0
931	1088	0
933	1088	0
934	1088	0
935	1088	0
936	1088	0
937	1088	1
938	1088	0
939	1088	0
940	1088	0
941	1088	0
942	1088	0
943	1088	0
944	1088	0
945	1088	0
946	1088	0
947	1088	1
948	1088	0
949	1088	0
950	1088	0
952	1088	0
953	1088	0
954	1088	0
955	1088	0
956	1088	0
958	1088	0
959	1088	0
961	1088	0
962	1088	0
963	1088	0
964	1088	0
965	1088	1
967	1088	1
