1	1223	0
2	1223	0
3	1223	0
4	1223	0
5	1223	0
6	1223	0
7	1223	1
8	1223	0
9	1223	1
10	1223	1
11	1223	0
12	1223	0
13	1223	0
14	1223	0
16	1223	1
17	1223	0
18	1223	0
19	1223	0
20	1223	0
21	1223	1
22	1223	0
23	1223	0
24	1223	0
25	1223	0
26	1223	0
27	1223	0
28	1223	0
29	1223	0
31	1223	0
32	1223	1
33	1223	0
34	1223	0
35	1223	0
36	1223	0
37	1223	0
38	1223	0
39	1223	1
41	1223	1
42	1223	0
43	1223	0
44	1223	0
45	1223	1
46	1223	0
47	1223	0
48	1223	0
49	1223	0
50	1223	0
51	1223	1
52	1223	1
53	1223	1
54	1223	0
55	1223	0
56	1223	0
58	1223	0
59	1223	0
60	1223	0
61	1223	0
62	1223	0
63	1223	0
64	1223	0
65	1223	0
66	1223	0
67	1223	0
68	1223	0
69	1223	0
70	1223	1
71	1223	0
72	1223	0
73	1223	0
74	1223	0
75	1223	0
77	1223	0
78	1223	0
79	1223	1
80	1223	0
81	1223	0
82	1223	0
83	1223	0
84	1223	0
85	1223	0
86	1223	0
87	1223	0
88	1223	0
89	1223	0
91	1223	0
92	1223	0
93	1223	0
94	1223	0
95	1223	0
96	1223	1
97	1223	0
98	1223	0
99	1223	0
100	1223	0
101	1223	1
102	1223	1
103	1223	0
104	1223	0
105	1223	0
106	1223	0
107	1223	0
108	1223	0
109	1223	0
110	1223	1
111	1223	0
112	1223	0
113	1223	0
114	1223	0
115	1223	0
116	1223	0
117	1223	0
118	1223	0
119	1223	0
120	1223	0
121	1223	0
122	1223	0
123	1223	0
124	1223	1
125	1223	0
128	1223	0
129	1223	0
130	1223	0
131	1223	0
132	1223	0
133	1223	0
134	1223	0
135	1223	1
136	1223	0
137	1223	0
138	1223	1
139	1223	0
140	1223	0
141	1223	0
142	1223	0
143	1223	0
144	1223	0
145	1223	1
146	1223	0
147	1223	0
148	1223	0
150	1223	0
151	1223	0
152	1223	1
153	1223	0
154	1223	1
155	1223	0
156	1223	0
157	1223	0
158	1223	0
159	1223	0
161	1223	0
162	1223	0
163	1223	0
165	1223	0
166	1223	0
167	1223	0
168	1223	0
169	1223	0
170	1223	0
171	1223	0
172	1223	0
173	1223	0
174	1223	1
175	1223	0
177	1223	0
178	1223	0
179	1223	0
180	1223	0
181	1223	0
182	1223	0
183	1223	0
184	1223	0
185	1223	0
186	1223	0
187	1223	0
188	1223	1
189	1223	0
190	1223	0
191	1223	0
192	1223	0
193	1223	0
194	1223	0
195	1223	0
196	1223	0
197	1223	0
198	1223	0
199	1223	0
200	1223	0
201	1223	0
202	1223	0
203	1223	0
204	1223	0
206	1223	0
207	1223	0
208	1223	0
209	1223	0
210	1223	0
211	1223	0
212	1223	0
214	1223	0
215	1223	0
216	1223	0
217	1223	0
218	1223	0
219	1223	0
220	1223	0
221	1223	0
222	1223	0
223	1223	0
224	1223	0
226	1223	1
227	1223	0
228	1223	1
230	1223	0
231	1223	0
232	1223	0
233	1223	0
234	1223	0
235	1223	0
236	1223	0
237	1223	0
238	1223	0
239	1223	0
240	1223	0
241	1223	0
242	1223	0
243	1223	0
244	1223	0
245	1223	0
246	1223	0
247	1223	0
248	1223	0
249	1223	0
250	1223	0
251	1223	0
252	1223	0
253	1223	1
254	1223	0
255	1223	1
256	1223	0
257	1223	0
258	1223	0
259	1223	0
260	1223	0
262	1223	0
263	1223	1
264	1223	0
265	1223	0
266	1223	0
267	1223	0
268	1223	0
270	1223	0
271	1223	0
272	1223	0
273	1223	0
274	1223	0
275	1223	0
277	1223	0
278	1223	0
280	1223	0
281	1223	0
282	1223	0
283	1223	1
284	1223	0
285	1223	0
286	1223	0
287	1223	0
288	1223	0
289	1223	1
290	1223	0
291	1223	0
292	1223	0
293	1223	0
294	1223	0
295	1223	0
296	1223	0
297	1223	0
298	1223	0
300	1223	0
301	1223	0
302	1223	0
303	1223	0
304	1223	0
305	1223	0
306	1223	0
307	1223	0
308	1223	0
309	1223	1
310	1223	0
311	1223	0
312	1223	0
313	1223	0
314	1223	0
315	1223	0
316	1223	0
317	1223	0
318	1223	0
320	1223	0
321	1223	0
322	1223	0
323	1223	0
324	1223	0
325	1223	0
326	1223	0
328	1223	0
329	1223	0
331	1223	0
332	1223	0
333	1223	0
334	1223	1
336	1223	0
337	1223	0
338	1223	0
339	1223	0
340	1223	0
341	1223	0
342	1223	0
343	1223	1
344	1223	0
345	1223	0
346	1223	0
347	1223	0
348	1223	0
349	1223	0
350	1223	0
351	1223	0
352	1223	0
353	1223	0
355	1223	0
356	1223	0
357	1223	0
358	1223	1
359	1223	0
360	1223	0
361	1223	1
362	1223	0
363	1223	0
364	1223	1
365	1223	0
366	1223	0
367	1223	1
368	1223	0
369	1223	0
370	1223	0
371	1223	0
372	1223	0
373	1223	0
374	1223	0
375	1223	0
376	1223	0
377	1223	0
378	1223	0
379	1223	0
380	1223	0
381	1223	0
382	1223	0
383	1223	0
384	1223	0
385	1223	0
386	1223	0
388	1223	0
389	1223	0
391	1223	0
392	1223	0
393	1223	0
394	1223	0
395	1223	0
396	1223	0
397	1223	0
398	1223	0
399	1223	0
400	1223	0
401	1223	0
402	1223	1
403	1223	0
404	1223	1
405	1223	0
406	1223	0
407	1223	0
408	1223	0
410	1223	0
411	1223	1
412	1223	1
413	1223	0
415	1223	0
416	1223	0
417	1223	1
418	1223	0
419	1223	0
420	1223	0
421	1223	0
422	1223	0
423	1223	1
424	1223	0
425	1223	0
426	1223	0
427	1223	0
428	1223	0
429	1223	0
430	1223	0
431	1223	0
432	1223	0
433	1223	0
434	1223	0
435	1223	0
436	1223	0
437	1223	0
438	1223	0
439	1223	1
440	1223	0
441	1223	1
442	1223	0
443	1223	0
444	1223	1
445	1223	0
446	1223	0
447	1223	0
448	1223	1
449	1223	0
450	1223	0
451	1223	0
452	1223	0
453	1223	0
454	1223	0
455	1223	0
456	1223	0
457	1223	0
458	1223	0
459	1223	0
460	1223	0
461	1223	0
462	1223	0
463	1223	0
464	1223	0
465	1223	1
466	1223	0
467	1223	0
468	1223	1
469	1223	0
470	1223	0
471	1223	0
472	1223	0
473	1223	0
474	1223	0
475	1223	0
476	1223	0
477	1223	0
478	1223	0
479	1223	0
480	1223	0
481	1223	0
482	1223	0
483	1223	0
484	1223	0
485	1223	0
486	1223	0
487	1223	0
488	1223	0
489	1223	0
490	1223	0
491	1223	0
493	1223	0
494	1223	0
495	1223	0
496	1223	0
497	1223	0
499	1223	0
500	1223	0
501	1223	0
502	1223	1
503	1223	0
504	1223	1
505	1223	1
506	1223	1
507	1223	1
508	1223	1
509	1223	1
510	1223	1
511	1223	0
512	1223	0
513	1223	0
514	1223	0
515	1223	0
516	1223	0
517	1223	0
518	1223	0
519	1223	0
520	1223	1
521	1223	0
522	1223	0
523	1223	0
524	1223	0
525	1223	0
526	1223	0
527	1223	0
529	1223	0
530	1223	0
531	1223	0
533	1223	0
534	1223	0
535	1223	1
536	1223	0
537	1223	0
538	1223	0
539	1223	0
540	1223	0
541	1223	0
542	1223	0
543	1223	0
544	1223	0
545	1223	0
546	1223	0
547	1223	0
548	1223	0
549	1223	0
550	1223	0
551	1223	0
553	1223	0
554	1223	0
555	1223	0
556	1223	0
557	1223	0
558	1223	0
560	1223	0
561	1223	0
562	1223	0
563	1223	0
564	1223	0
565	1223	1
566	1223	0
567	1223	0
568	1223	0
569	1223	0
570	1223	0
571	1223	0
572	1223	0
574	1223	0
575	1223	0
576	1223	0
577	1223	0
578	1223	0
579	1223	0
581	1223	0
582	1223	0
583	1223	0
584	1223	0
585	1223	0
586	1223	0
587	1223	0
588	1223	0
589	1223	0
590	1223	0
591	1223	0
593	1223	0
595	1223	0
596	1223	0
597	1223	0
598	1223	0
599	1223	0
600	1223	0
601	1223	0
602	1223	0
604	1223	0
605	1223	0
606	1223	0
607	1223	0
608	1223	0
609	1223	0
611	1223	0
612	1223	0
614	1223	0
615	1223	0
616	1223	0
617	1223	0
618	1223	0
619	1223	0
621	1223	1
622	1223	0
624	1223	0
625	1223	0
626	1223	0
627	1223	0
628	1223	0
630	1223	0
632	1223	1
633	1223	0
634	1223	0
635	1223	0
636	1223	0
637	1223	0
638	1223	0
639	1223	0
640	1223	0
641	1223	0
642	1223	0
645	1223	1
646	1223	0
647	1223	0
648	1223	0
649	1223	0
650	1223	0
651	1223	1
652	1223	0
653	1223	0
654	1223	0
655	1223	0
656	1223	0
657	1223	0
658	1223	0
659	1223	0
660	1223	0
661	1223	1
662	1223	0
663	1223	0
664	1223	0
666	1223	1
667	1223	0
668	1223	0
669	1223	0
670	1223	0
671	1223	0
672	1223	0
673	1223	0
674	1223	0
675	1223	0
676	1223	0
677	1223	0
678	1223	0
679	1223	0
680	1223	0
681	1223	0
682	1223	0
683	1223	0
684	1223	0
685	1223	0
686	1223	0
687	1223	0
688	1223	0
689	1223	0
690	1223	0
691	1223	0
692	1223	1
693	1223	1
694	1223	0
696	1223	0
697	1223	0
698	1223	0
699	1223	0
701	1223	0
702	1223	0
703	1223	0
704	1223	0
705	1223	0
706	1223	0
707	1223	0
708	1223	0
709	1223	0
710	1223	0
711	1223	0
712	1223	0
713	1223	0
715	1223	0
716	1223	0
717	1223	0
718	1223	0
719	1223	0
720	1223	0
721	1223	0
722	1223	0
723	1223	0
724	1223	0
725	1223	0
726	1223	0
727	1223	0
728	1223	0
729	1223	1
730	1223	0
731	1223	0
732	1223	1
733	1223	0
734	1223	0
735	1223	0
736	1223	0
737	1223	0
738	1223	1
739	1223	0
740	1223	0
741	1223	0
742	1223	0
743	1223	0
744	1223	0
745	1223	0
747	1223	0
748	1223	0
749	1223	1
750	1223	0
751	1223	0
752	1223	0
753	1223	0
754	1223	0
755	1223	0
756	1223	0
757	1223	0
758	1223	0
759	1223	0
760	1223	0
761	1223	0
762	1223	0
764	1223	0
765	1223	0
766	1223	0
767	1223	1
768	1223	0
769	1223	0
770	1223	0
771	1223	1
772	1223	0
773	1223	0
775	1223	0
776	1223	1
777	1223	0
778	1223	0
779	1223	1
780	1223	0
781	1223	0
782	1223	0
783	1223	0
784	1223	1
785	1223	0
786	1223	0
787	1223	0
788	1223	0
789	1223	0
790	1223	0
791	1223	0
792	1223	0
793	1223	0
794	1223	0
795	1223	0
796	1223	0
797	1223	0
798	1223	0
799	1223	0
800	1223	0
801	1223	0
802	1223	0
803	1223	0
804	1223	0
805	1223	0
806	1223	1
807	1223	0
808	1223	1
809	1223	0
810	1223	0
811	1223	0
812	1223	0
814	1223	0
816	1223	0
817	1223	0
818	1223	0
819	1223	0
820	1223	0
822	1223	0
823	1223	0
824	1223	0
825	1223	0
826	1223	0
827	1223	0
829	1223	1
830	1223	1
831	1223	1
832	1223	1
833	1223	0
834	1223	0
835	1223	0
836	1223	0
838	1223	0
839	1223	0
840	1223	0
841	1223	0
842	1223	0
843	1223	0
844	1223	0
845	1223	0
846	1223	0
847	1223	0
848	1223	0
849	1223	0
850	1223	0
851	1223	0
852	1223	0
853	1223	1
854	1223	0
855	1223	0
856	1223	0
857	1223	1
858	1223	0
859	1223	0
860	1223	0
861	1223	0
862	1223	0
863	1223	0
864	1223	0
865	1223	0
866	1223	0
867	1223	0
868	1223	0
869	1223	0
870	1223	0
871	1223	1
872	1223	0
873	1223	0
874	1223	0
875	1223	0
876	1223	0
877	1223	0
878	1223	0
880	1223	0
881	1223	0
882	1223	0
883	1223	0
884	1223	0
885	1223	0
886	1223	0
887	1223	0
888	1223	0
889	1223	0
890	1223	0
891	1223	1
892	1223	0
893	1223	0
894	1223	0
895	1223	1
896	1223	1
897	1223	0
898	1223	0
899	1223	0
900	1223	0
901	1223	0
902	1223	0
903	1223	1
904	1223	0
905	1223	0
907	1223	0
908	1223	0
909	1223	0
910	1223	0
911	1223	0
912	1223	0
913	1223	0
915	1223	0
916	1223	0
917	1223	1
918	1223	0
919	1223	0
920	1223	0
921	1223	0
922	1223	0
923	1223	0
924	1223	0
925	1223	0
926	1223	0
927	1223	0
928	1223	0
929	1223	0
930	1223	0
931	1223	0
933	1223	0
935	1223	0
936	1223	0
937	1223	1
939	1223	0
940	1223	0
941	1223	0
942	1223	0
943	1223	1
944	1223	0
945	1223	0
946	1223	0
947	1223	0
948	1223	0
949	1223	1
953	1223	1
955	1223	0
957	1223	0
958	1223	1
959	1223	0
960	1223	0
961	1223	0
962	1223	0
963	1223	0
964	1223	0
965	1223	1
966	1223	0
967	1223	1
