0	1036	0
1	1036	0
2	1036	0
3	1036	0
4	1036	0
5	1036	1
6	1036	0
7	1036	0
8	1036	0
9	1036	1
10	1036	0
11	1036	0
12	1036	0
13	1036	0
14	1036	0
15	1036	0
16	1036	0
17	1036	0
18	1036	0
19	1036	0
20	1036	0
21	1036	0
22	1036	1
23	1036	1
24	1036	0
26	1036	0
27	1036	0
28	1036	0
29	1036	0
30	1036	0
31	1036	1
32	1036	1
33	1036	0
34	1036	0
35	1036	0
36	1036	0
37	1036	1
38	1036	0
39	1036	0
40	1036	0
42	1036	1
43	1036	0
44	1036	0
45	1036	0
46	1036	0
47	1036	0
48	1036	0
49	1036	0
50	1036	0
51	1036	1
52	1036	0
53	1036	0
54	1036	0
55	1036	0
56	1036	0
57	1036	0
58	1036	0
59	1036	1
60	1036	0
61	1036	0
62	1036	0
64	1036	0
65	1036	0
66	1036	0
67	1036	0
68	1036	0
69	1036	0
70	1036	0
71	1036	0
72	1036	0
73	1036	0
74	1036	0
75	1036	1
76	1036	0
77	1036	1
78	1036	0
79	1036	0
80	1036	0
81	1036	0
82	1036	0
83	1036	0
84	1036	0
85	1036	0
86	1036	0
87	1036	0
88	1036	0
89	1036	0
90	1036	0
91	1036	0
92	1036	0
93	1036	0
94	1036	0
95	1036	0
97	1036	0
98	1036	1
99	1036	0
100	1036	0
101	1036	0
102	1036	0
103	1036	0
104	1036	0
105	1036	0
106	1036	0
109	1036	0
111	1036	0
112	1036	0
113	1036	0
114	1036	0
115	1036	0
116	1036	0
117	1036	0
118	1036	0
119	1036	0
120	1036	0
121	1036	0
122	1036	0
123	1036	0
124	1036	0
125	1036	0
130	1036	0
131	1036	0
132	1036	0
133	1036	0
134	1036	0
136	1036	0
137	1036	0
138	1036	0
139	1036	0
141	1036	0
142	1036	0
144	1036	0
146	1036	0
147	1036	0
149	1036	0
151	1036	0
152	1036	0
153	1036	0
154	1036	0
155	1036	1
156	1036	0
157	1036	0
158	1036	0
159	1036	0
160	1036	0
161	1036	0
162	1036	0
163	1036	0
164	1036	0
165	1036	0
166	1036	0
168	1036	0
169	1036	0
170	1036	0
171	1036	0
172	1036	0
173	1036	0
174	1036	0
175	1036	0
177	1036	0
178	1036	1
179	1036	0
180	1036	0
181	1036	0
182	1036	0
183	1036	0
184	1036	0
187	1036	0
188	1036	0
189	1036	0
190	1036	0
191	1036	0
192	1036	0
193	1036	0
194	1036	0
195	1036	0
196	1036	0
197	1036	0
200	1036	0
201	1036	0
202	1036	0
203	1036	0
204	1036	0
206	1036	0
207	1036	0
208	1036	0
210	1036	0
211	1036	0
212	1036	0
213	1036	0
214	1036	0
216	1036	0
217	1036	0
218	1036	0
219	1036	0
220	1036	0
222	1036	0
223	1036	1
224	1036	0
225	1036	0
226	1036	0
227	1036	1
228	1036	0
229	1036	0
230	1036	0
231	1036	0
232	1036	0
233	1036	0
234	1036	0
235	1036	0
236	1036	0
237	1036	0
238	1036	0
239	1036	0
240	1036	0
241	1036	0
242	1036	0
244	1036	0
245	1036	0
246	1036	0
247	1036	0
248	1036	0
250	1036	0
251	1036	0
252	1036	0
253	1036	0
254	1036	0
255	1036	0
256	1036	0
258	1036	1
259	1036	0
260	1036	0
261	1036	0
262	1036	0
263	1036	0
264	1036	0
265	1036	0
266	1036	0
267	1036	0
268	1036	0
269	1036	0
270	1036	0
271	1036	0
272	1036	0
273	1036	0
274	1036	0
275	1036	0
276	1036	0
277	1036	0
278	1036	0
279	1036	0
280	1036	0
281	1036	0
282	1036	0
283	1036	0
284	1036	0
285	1036	0
286	1036	0
288	1036	1
289	1036	0
290	1036	0
291	1036	1
292	1036	0
293	1036	0
294	1036	0
295	1036	0
296	1036	0
297	1036	0
298	1036	1
299	1036	1
300	1036	0
301	1036	0
302	1036	0
303	1036	1
304	1036	0
306	1036	0
307	1036	0
308	1036	0
309	1036	0
310	1036	0
311	1036	0
312	1036	0
313	1036	0
314	1036	0
315	1036	0
316	1036	0
317	1036	0
318	1036	0
319	1036	0
320	1036	0
321	1036	0
322	1036	0
323	1036	0
324	1036	0
325	1036	0
326	1036	0
327	1036	1
328	1036	1
329	1036	0
330	1036	1
331	1036	0
333	1036	0
334	1036	0
335	1036	0
336	1036	0
337	1036	0
338	1036	0
339	1036	0
340	1036	0
341	1036	0
342	1036	0
343	1036	0
344	1036	0
346	1036	0
347	1036	0
348	1036	0
349	1036	0
350	1036	1
354	1036	0
355	1036	0
356	1036	0
357	1036	0
358	1036	0
359	1036	0
360	1036	0
361	1036	0
363	1036	0
364	1036	0
365	1036	0
366	1036	0
367	1036	0
368	1036	0
370	1036	0
371	1036	0
372	1036	0
373	1036	0
374	1036	0
377	1036	0
379	1036	0
380	1036	0
381	1036	0
382	1036	0
383	1036	0
384	1036	0
385	1036	1
386	1036	0
387	1036	0
388	1036	0
390	1036	0
391	1036	0
393	1036	0
394	1036	1
395	1036	0
396	1036	0
397	1036	0
398	1036	0
399	1036	0
400	1036	0
401	1036	0
402	1036	0
403	1036	0
404	1036	0
405	1036	0
406	1036	0
408	1036	0
409	1036	0
410	1036	0
411	1036	1
412	1036	0
413	1036	1
414	1036	0
415	1036	1
416	1036	1
417	1036	1
418	1036	0
419	1036	0
420	1036	0
421	1036	0
422	1036	0
423	1036	0
424	1036	0
425	1036	0
426	1036	0
427	1036	0
428	1036	0
429	1036	0
430	1036	0
431	1036	0
432	1036	0
433	1036	0
434	1036	0
435	1036	0
436	1036	0
437	1036	0
438	1036	1
439	1036	0
440	1036	1
441	1036	0
442	1036	0
443	1036	0
444	1036	0
445	1036	0
447	1036	0
448	1036	0
449	1036	0
450	1036	0
451	1036	0
452	1036	0
453	1036	0
454	1036	0
455	1036	0
456	1036	0
457	1036	0
458	1036	0
459	1036	0
460	1036	0
461	1036	1
462	1036	0
463	1036	0
464	1036	0
465	1036	0
466	1036	1
467	1036	0
468	1036	0
469	1036	0
470	1036	0
471	1036	0
472	1036	0
473	1036	0
475	1036	0
476	1036	0
477	1036	0
478	1036	0
480	1036	0
481	1036	0
482	1036	0
483	1036	0
484	1036	0
485	1036	0
486	1036	1
487	1036	0
489	1036	0
490	1036	0
491	1036	0
492	1036	0
495	1036	0
496	1036	0
497	1036	0
499	1036	0
500	1036	0
501	1036	0
502	1036	0
503	1036	1
505	1036	0
508	1036	1
509	1036	1
510	1036	0
511	1036	1
512	1036	0
513	1036	0
514	1036	1
515	1036	0
516	1036	0
517	1036	0
518	1036	0
519	1036	0
521	1036	0
522	1036	0
523	1036	0
524	1036	0
525	1036	0
527	1036	0
528	1036	0
529	1036	0
533	1036	0
534	1036	0
536	1036	0
537	1036	0
538	1036	0
540	1036	0
541	1036	0
542	1036	0
543	1036	0
544	1036	0
546	1036	0
547	1036	0
548	1036	0
549	1036	0
550	1036	0
551	1036	0
553	1036	0
554	1036	0
555	1036	0
556	1036	0
557	1036	0
558	1036	0
559	1036	0
560	1036	0
561	1036	1
562	1036	0
563	1036	0
564	1036	0
565	1036	0
566	1036	0
567	1036	0
568	1036	0
569	1036	0
570	1036	0
571	1036	0
572	1036	0
573	1036	0
574	1036	0
575	1036	0
576	1036	0
577	1036	0
578	1036	0
579	1036	0
580	1036	0
582	1036	0
583	1036	0
584	1036	0
585	1036	0
586	1036	0
587	1036	1
588	1036	0
589	1036	0
590	1036	0
591	1036	0
592	1036	0
593	1036	0
594	1036	1
595	1036	0
596	1036	0
597	1036	0
598	1036	1
599	1036	0
600	1036	0
601	1036	0
602	1036	0
604	1036	0
605	1036	0
606	1036	0
607	1036	0
608	1036	0
609	1036	0
611	1036	0
612	1036	0
613	1036	0
614	1036	0
615	1036	0
616	1036	0
617	1036	0
618	1036	0
620	1036	0
621	1036	0
622	1036	0
624	1036	0
625	1036	0
626	1036	0
627	1036	0
628	1036	0
630	1036	0
631	1036	0
632	1036	0
633	1036	0
635	1036	0
636	1036	0
637	1036	1
640	1036	0
641	1036	0
642	1036	0
643	1036	0
644	1036	0
645	1036	1
646	1036	0
647	1036	0
648	1036	0
649	1036	0
650	1036	0
651	1036	1
652	1036	0
653	1036	0
654	1036	0
655	1036	0
658	1036	0
659	1036	0
661	1036	0
662	1036	0
663	1036	1
664	1036	1
666	1036	0
667	1036	1
668	1036	0
669	1036	0
670	1036	0
671	1036	0
672	1036	0
673	1036	0
674	1036	0
675	1036	0
676	1036	0
680	1036	0
682	1036	0
683	1036	0
684	1036	0
685	1036	0
686	1036	0
688	1036	0
689	1036	0
690	1036	0
691	1036	0
692	1036	1
693	1036	0
694	1036	1
695	1036	0
696	1036	0
697	1036	1
698	1036	0
699	1036	0
700	1036	0
701	1036	0
702	1036	0
703	1036	0
704	1036	0
705	1036	0
706	1036	0
707	1036	0
708	1036	0
709	1036	0
710	1036	1
711	1036	0
713	1036	0
714	1036	0
715	1036	0
716	1036	0
717	1036	0
718	1036	1
720	1036	0
721	1036	0
722	1036	0
728	1036	0
730	1036	0
731	1036	0
732	1036	0
733	1036	0
734	1036	0
735	1036	0
737	1036	0
738	1036	1
739	1036	0
740	1036	0
741	1036	1
742	1036	0
744	1036	0
745	1036	0
746	1036	0
747	1036	0
748	1036	0
749	1036	0
750	1036	0
751	1036	1
752	1036	0
753	1036	0
754	1036	0
755	1036	0
756	1036	0
757	1036	0
758	1036	0
759	1036	0
760	1036	0
761	1036	0
762	1036	0
763	1036	0
764	1036	0
765	1036	0
766	1036	0
767	1036	0
768	1036	0
769	1036	0
770	1036	0
771	1036	0
772	1036	0
773	1036	0
774	1036	1
775	1036	0
776	1036	0
777	1036	0
778	1036	0
779	1036	0
780	1036	0
783	1036	0
784	1036	0
785	1036	0
786	1036	0
787	1036	0
788	1036	0
789	1036	0
790	1036	0
791	1036	0
794	1036	0
796	1036	0
797	1036	0
798	1036	0
799	1036	0
800	1036	0
801	1036	0
802	1036	0
803	1036	1
804	1036	0
806	1036	0
807	1036	0
808	1036	0
809	1036	0
810	1036	0
811	1036	1
814	1036	0
816	1036	0
817	1036	0
819	1036	0
820	1036	0
821	1036	0
824	1036	0
825	1036	0
827	1036	0
828	1036	0
830	1036	1
831	1036	0
832	1036	0
833	1036	0
834	1036	0
835	1036	0
836	1036	0
837	1036	0
839	1036	0
840	1036	0
841	1036	0
843	1036	0
844	1036	0
845	1036	0
846	1036	0
847	1036	0
848	1036	0
849	1036	1
850	1036	0
851	1036	0
853	1036	1
854	1036	0
855	1036	0
856	1036	0
857	1036	0
858	1036	0
859	1036	0
860	1036	0
861	1036	0
862	1036	1
863	1036	0
864	1036	0
865	1036	0
866	1036	0
867	1036	0
868	1036	1
869	1036	0
870	1036	0
872	1036	0
873	1036	0
874	1036	0
875	1036	0
876	1036	1
877	1036	0
879	1036	0
880	1036	0
881	1036	0
882	1036	1
883	1036	0
884	1036	0
885	1036	0
886	1036	0
887	1036	0
888	1036	0
889	1036	0
890	1036	0
891	1036	1
892	1036	0
893	1036	0
894	1036	0
895	1036	0
896	1036	0
897	1036	0
898	1036	0
900	1036	0
901	1036	0
902	1036	0
903	1036	0
904	1036	0
905	1036	0
906	1036	0
907	1036	0
908	1036	0
909	1036	0
911	1036	0
912	1036	0
913	1036	0
914	1036	0
916	1036	0
917	1036	0
918	1036	0
919	1036	0
920	1036	0
921	1036	0
922	1036	0
923	1036	0
924	1036	0
925	1036	0
927	1036	0
928	1036	0
930	1036	0
931	1036	0
933	1036	0
934	1036	0
936	1036	0
937	1036	0
939	1036	0
940	1036	0
941	1036	0
942	1036	0
943	1036	0
944	1036	0
945	1036	0
946	1036	0
947	1036	0
948	1036	0
949	1036	0
950	1036	0
952	1036	0
953	1036	0
954	1036	0
955	1036	0
956	1036	0
958	1036	0
961	1036	0
962	1036	0
963	1036	0
964	1036	0
965	1036	0
966	1036	0
967	1036	0
