0	1180	0
1	1180	0
2	1180	0
3	1180	0
4	1180	0
5	1180	0
6	1180	0
7	1180	0
8	1180	1
9	1180	0
10	1180	0
11	1180	0
12	1180	0
13	1180	0
16	1180	0
17	1180	0
18	1180	0
19	1180	0
20	1180	0
21	1180	1
22	1180	0
23	1180	0
24	1180	0
25	1180	1
26	1180	0
27	1180	0
30	1180	0
31	1180	1
32	1180	0
33	1180	0
34	1180	0
36	1180	0
37	1180	0
38	1180	0
39	1180	1
40	1180	0
41	1180	0
42	1180	0
43	1180	0
45	1180	0
46	1180	0
47	1180	0
48	1180	0
49	1180	0
51	1180	0
53	1180	0
54	1180	0
55	1180	0
56	1180	0
58	1180	0
59	1180	0
60	1180	0
61	1180	0
62	1180	0
63	1180	0
64	1180	0
65	1180	0
66	1180	0
67	1180	0
68	1180	0
69	1180	0
70	1180	0
71	1180	0
72	1180	0
74	1180	0
75	1180	0
77	1180	0
78	1180	0
79	1180	1
80	1180	0
81	1180	0
82	1180	0
83	1180	0
84	1180	0
85	1180	0
86	1180	0
87	1180	0
89	1180	0
90	1180	0
91	1180	0
92	1180	0
93	1180	0
94	1180	0
95	1180	0
96	1180	0
97	1180	0
98	1180	0
99	1180	0
100	1180	1
101	1180	0
102	1180	1
103	1180	0
104	1180	0
105	1180	0
106	1180	0
107	1180	0
108	1180	0
109	1180	0
110	1180	0
111	1180	1
112	1180	0
113	1180	0
114	1180	0
115	1180	0
116	1180	0
117	1180	1
118	1180	0
120	1180	0
121	1180	0
124	1180	0
125	1180	0
129	1180	0
130	1180	0
131	1180	0
132	1180	0
133	1180	0
134	1180	0
135	1180	0
136	1180	0
137	1180	0
138	1180	0
139	1180	0
140	1180	0
141	1180	0
142	1180	0
144	1180	0
145	1180	0
146	1180	0
147	1180	0
148	1180	0
149	1180	0
151	1180	0
152	1180	0
153	1180	0
154	1180	0
155	1180	0
156	1180	0
157	1180	0
158	1180	0
159	1180	0
160	1180	0
162	1180	0
163	1180	0
164	1180	0
165	1180	1
166	1180	0
167	1180	0
168	1180	0
169	1180	0
170	1180	0
171	1180	0
172	1180	0
173	1180	0
174	1180	0
175	1180	0
178	1180	0
179	1180	0
180	1180	0
181	1180	0
182	1180	0
183	1180	0
184	1180	0
185	1180	0
186	1180	0
187	1180	0
188	1180	0
190	1180	0
191	1180	0
192	1180	0
193	1180	0
194	1180	1
195	1180	0
196	1180	1
197	1180	0
198	1180	0
199	1180	0
200	1180	0
201	1180	0
202	1180	1
203	1180	0
204	1180	0
206	1180	0
207	1180	0
208	1180	1
209	1180	0
210	1180	0
211	1180	0
212	1180	0
213	1180	0
214	1180	1
215	1180	0
216	1180	0
217	1180	0
218	1180	0
219	1180	0
221	1180	1
222	1180	0
223	1180	1
224	1180	0
225	1180	1
227	1180	0
228	1180	0
229	1180	0
230	1180	0
232	1180	0
233	1180	0
234	1180	0
235	1180	0
236	1180	0
237	1180	0
239	1180	0
240	1180	0
245	1180	0
246	1180	0
247	1180	1
248	1180	0
249	1180	0
250	1180	0
251	1180	0
252	1180	0
253	1180	1
254	1180	0
255	1180	0
256	1180	0
257	1180	0
258	1180	1
259	1180	0
260	1180	0
261	1180	0
262	1180	0
263	1180	0
264	1180	0
265	1180	0
266	1180	0
267	1180	0
268	1180	0
270	1180	0
271	1180	0
272	1180	0
273	1180	0
274	1180	1
275	1180	0
277	1180	0
280	1180	0
281	1180	0
282	1180	0
283	1180	0
284	1180	0
285	1180	0
286	1180	0
287	1180	0
288	1180	1
289	1180	1
290	1180	1
291	1180	0
293	1180	0
295	1180	0
296	1180	0
298	1180	0
302	1180	0
303	1180	0
304	1180	0
305	1180	0
306	1180	0
308	1180	0
310	1180	1
312	1180	0
313	1180	0
314	1180	0
315	1180	0
316	1180	0
317	1180	0
318	1180	0
319	1180	0
321	1180	0
322	1180	0
323	1180	0
324	1180	0
325	1180	1
326	1180	0
327	1180	0
328	1180	0
329	1180	0
330	1180	0
331	1180	1
332	1180	0
333	1180	0
334	1180	0
336	1180	0
337	1180	0
338	1180	0
340	1180	0
341	1180	0
343	1180	0
344	1180	0
345	1180	1
346	1180	0
347	1180	0
348	1180	0
350	1180	0
351	1180	1
352	1180	0
353	1180	0
354	1180	1
355	1180	0
356	1180	0
357	1180	0
358	1180	0
359	1180	0
360	1180	0
361	1180	0
362	1180	0
363	1180	0
364	1180	0
365	1180	0
366	1180	0
369	1180	1
370	1180	1
371	1180	0
372	1180	0
373	1180	1
374	1180	0
376	1180	0
377	1180	0
378	1180	0
379	1180	0
380	1180	0
381	1180	0
382	1180	0
383	1180	0
384	1180	0
385	1180	0
386	1180	0
387	1180	0
388	1180	0
389	1180	0
391	1180	0
392	1180	0
393	1180	0
394	1180	0
395	1180	0
397	1180	0
398	1180	0
399	1180	0
401	1180	0
402	1180	0
403	1180	0
404	1180	0
405	1180	0
406	1180	1
407	1180	1
408	1180	0
409	1180	0
410	1180	0
412	1180	0
414	1180	0
415	1180	0
416	1180	0
417	1180	0
418	1180	0
420	1180	0
421	1180	1
422	1180	0
423	1180	0
424	1180	0
425	1180	0
426	1180	0
428	1180	0
429	1180	0
430	1180	0
431	1180	0
432	1180	0
433	1180	0
434	1180	0
435	1180	0
436	1180	0
437	1180	0
438	1180	0
439	1180	0
440	1180	0
441	1180	0
442	1180	0
443	1180	0
444	1180	0
445	1180	0
446	1180	0
447	1180	0
448	1180	0
449	1180	0
450	1180	0
452	1180	0
453	1180	0
454	1180	0
455	1180	0
456	1180	0
458	1180	0
459	1180	0
461	1180	0
462	1180	0
464	1180	0
465	1180	0
466	1180	0
467	1180	0
468	1180	0
469	1180	0
470	1180	0
471	1180	0
472	1180	0
473	1180	0
474	1180	0
475	1180	0
476	1180	0
477	1180	0
478	1180	0
479	1180	0
480	1180	0
481	1180	0
483	1180	0
484	1180	0
485	1180	0
486	1180	0
487	1180	0
488	1180	0
489	1180	1
490	1180	0
491	1180	0
492	1180	0
494	1180	0
496	1180	0
497	1180	0
498	1180	1
500	1180	0
501	1180	0
502	1180	0
503	1180	0
504	1180	1
505	1180	0
506	1180	0
507	1180	0
508	1180	1
509	1180	1
510	1180	0
511	1180	0
512	1180	0
513	1180	0
514	1180	0
515	1180	0
516	1180	0
517	1180	0
518	1180	1
519	1180	0
520	1180	1
521	1180	0
522	1180	0
523	1180	0
524	1180	0
525	1180	0
526	1180	0
527	1180	0
528	1180	0
529	1180	0
530	1180	0
531	1180	0
533	1180	0
534	1180	0
535	1180	0
536	1180	0
538	1180	0
539	1180	1
540	1180	0
541	1180	0
542	1180	0
543	1180	0
544	1180	0
545	1180	0
546	1180	0
547	1180	0
550	1180	1
551	1180	0
553	1180	0
555	1180	0
556	1180	0
557	1180	0
558	1180	0
560	1180	0
561	1180	0
562	1180	0
563	1180	0
565	1180	0
566	1180	0
567	1180	0
568	1180	0
569	1180	1
571	1180	0
574	1180	0
575	1180	0
576	1180	0
577	1180	0
579	1180	0
580	1180	0
581	1180	0
582	1180	0
583	1180	0
584	1180	0
585	1180	0
586	1180	0
588	1180	0
589	1180	0
591	1180	0
593	1180	0
595	1180	0
596	1180	0
597	1180	0
598	1180	0
599	1180	0
600	1180	0
601	1180	0
602	1180	0
604	1180	0
606	1180	0
607	1180	0
608	1180	0
609	1180	0
612	1180	0
613	1180	0
614	1180	0
615	1180	0
616	1180	0
617	1180	0
618	1180	0
619	1180	0
620	1180	0
621	1180	0
622	1180	0
624	1180	0
625	1180	0
627	1180	0
628	1180	0
630	1180	0
632	1180	0
633	1180	0
634	1180	0
635	1180	0
636	1180	0
637	1180	0
638	1180	1
639	1180	0
640	1180	0
641	1180	0
642	1180	0
643	1180	0
644	1180	0
645	1180	0
646	1180	0
648	1180	0
649	1180	1
650	1180	1
652	1180	1
653	1180	0
654	1180	0
655	1180	0
656	1180	0
657	1180	0
658	1180	0
659	1180	0
660	1180	0
661	1180	0
662	1180	0
663	1180	0
664	1180	0
665	1180	1
666	1180	0
667	1180	0
668	1180	0
669	1180	0
670	1180	0
671	1180	0
672	1180	0
673	1180	0
674	1180	0
675	1180	0
676	1180	0
677	1180	0
678	1180	0
679	1180	0
680	1180	0
681	1180	0
682	1180	0
683	1180	0
684	1180	0
685	1180	0
686	1180	1
687	1180	0
688	1180	0
689	1180	0
690	1180	1
691	1180	0
692	1180	1
693	1180	0
694	1180	0
695	1180	0
696	1180	0
698	1180	0
699	1180	0
700	1180	0
702	1180	0
703	1180	0
704	1180	0
705	1180	0
706	1180	0
707	1180	0
709	1180	0
710	1180	0
711	1180	0
712	1180	0
713	1180	0
714	1180	0
717	1180	0
718	1180	0
719	1180	0
720	1180	0
721	1180	1
722	1180	0
723	1180	0
724	1180	0
725	1180	0
726	1180	1
727	1180	0
728	1180	0
729	1180	1
730	1180	0
732	1180	1
734	1180	0
735	1180	0
736	1180	0
737	1180	0
738	1180	0
739	1180	1
740	1180	0
741	1180	0
742	1180	0
745	1180	0
746	1180	0
747	1180	0
748	1180	1
749	1180	1
750	1180	1
752	1180	0
753	1180	0
754	1180	0
755	1180	0
756	1180	0
757	1180	0
758	1180	0
759	1180	0
760	1180	0
761	1180	0
762	1180	0
765	1180	0
766	1180	0
767	1180	0
768	1180	0
769	1180	0
770	1180	0
771	1180	0
772	1180	0
773	1180	0
775	1180	0
776	1180	0
777	1180	0
778	1180	0
779	1180	0
780	1180	1
781	1180	0
782	1180	0
783	1180	0
784	1180	0
785	1180	0
786	1180	0
787	1180	0
789	1180	0
790	1180	0
792	1180	0
793	1180	0
794	1180	0
795	1180	1
796	1180	0
797	1180	0
799	1180	0
800	1180	0
801	1180	0
802	1180	0
804	1180	0
805	1180	1
806	1180	0
807	1180	0
808	1180	0
810	1180	0
811	1180	0
814	1180	0
816	1180	0
818	1180	0
819	1180	0
820	1180	0
822	1180	0
823	1180	0
824	1180	0
825	1180	0
826	1180	0
827	1180	0
829	1180	1
830	1180	1
831	1180	0
832	1180	1
833	1180	1
834	1180	0
836	1180	0
837	1180	0
838	1180	0
839	1180	0
840	1180	0
843	1180	0
844	1180	0
845	1180	0
848	1180	0
849	1180	0
850	1180	0
852	1180	0
853	1180	0
854	1180	0
855	1180	0
856	1180	0
857	1180	0
860	1180	0
861	1180	0
862	1180	0
863	1180	0
864	1180	0
866	1180	0
867	1180	0
868	1180	0
869	1180	0
870	1180	0
871	1180	0
872	1180	0
873	1180	0
874	1180	0
875	1180	0
876	1180	0
877	1180	0
878	1180	0
880	1180	0
881	1180	0
882	1180	0
883	1180	0
884	1180	0
885	1180	0
887	1180	0
888	1180	0
889	1180	0
890	1180	0
891	1180	0
892	1180	0
893	1180	0
894	1180	0
895	1180	1
896	1180	0
897	1180	0
899	1180	0
900	1180	0
901	1180	0
902	1180	0
904	1180	0
905	1180	0
907	1180	0
910	1180	0
911	1180	0
912	1180	0
913	1180	0
914	1180	0
915	1180	0
916	1180	0
917	1180	0
918	1180	0
919	1180	0
921	1180	0
922	1180	0
923	1180	0
924	1180	1
925	1180	0
926	1180	1
927	1180	0
928	1180	1
929	1180	0
933	1180	1
934	1180	0
935	1180	0
936	1180	0
937	1180	0
938	1180	0
939	1180	0
940	1180	0
941	1180	0
942	1180	1
943	1180	0
944	1180	0
945	1180	0
946	1180	0
948	1180	0
949	1180	0
950	1180	0
952	1180	0
953	1180	1
954	1180	0
955	1180	0
956	1180	1
957	1180	0
958	1180	0
959	1180	0
960	1180	0
961	1180	0
962	1180	0
963	1180	0
964	1180	0
965	1180	0
966	1180	0
967	1180	0
