0	1032	0
1	1032	0
2	1032	0
3	1032	0
4	1032	0
5	1032	0
6	1032	0
7	1032	0
8	1032	0
9	1032	0
10	1032	1
11	1032	0
12	1032	0
13	1032	0
14	1032	0
15	1032	1
16	1032	0
17	1032	0
18	1032	0
19	1032	1
20	1032	0
21	1032	0
22	1032	0
23	1032	0
24	1032	0
26	1032	0
27	1032	0
28	1032	0
29	1032	0
30	1032	0
31	1032	1
32	1032	1
33	1032	0
34	1032	0
35	1032	0
36	1032	0
37	1032	0
38	1032	0
39	1032	0
40	1032	0
42	1032	0
43	1032	0
44	1032	0
45	1032	1
46	1032	0
47	1032	0
48	1032	0
49	1032	0
50	1032	0
51	1032	1
52	1032	0
53	1032	0
54	1032	0
55	1032	0
56	1032	0
57	1032	0
58	1032	0
59	1032	0
60	1032	0
61	1032	0
62	1032	0
64	1032	0
65	1032	0
66	1032	0
67	1032	0
68	1032	1
69	1032	0
70	1032	0
71	1032	0
72	1032	0
73	1032	0
74	1032	0
75	1032	0
76	1032	0
77	1032	0
78	1032	0
79	1032	0
80	1032	0
81	1032	0
82	1032	0
83	1032	0
84	1032	0
85	1032	0
86	1032	0
87	1032	0
88	1032	0
89	1032	0
90	1032	0
91	1032	0
92	1032	0
93	1032	0
94	1032	0
95	1032	0
96	1032	1
97	1032	0
98	1032	0
99	1032	0
100	1032	0
101	1032	0
102	1032	1
103	1032	0
104	1032	0
105	1032	0
106	1032	0
109	1032	0
111	1032	0
112	1032	0
113	1032	0
114	1032	0
115	1032	1
116	1032	0
117	1032	0
118	1032	0
119	1032	0
120	1032	0
121	1032	0
122	1032	0
123	1032	0
124	1032	0
125	1032	0
130	1032	0
131	1032	0
132	1032	0
133	1032	1
134	1032	0
136	1032	0
137	1032	0
138	1032	0
139	1032	0
141	1032	0
142	1032	0
144	1032	0
146	1032	0
147	1032	1
149	1032	0
150	1032	0
151	1032	0
152	1032	0
153	1032	0
154	1032	0
155	1032	0
156	1032	0
157	1032	0
158	1032	0
159	1032	0
160	1032	1
161	1032	0
162	1032	0
163	1032	1
164	1032	0
165	1032	0
166	1032	0
168	1032	0
169	1032	0
170	1032	0
171	1032	0
172	1032	0
173	1032	0
174	1032	0
175	1032	0
177	1032	0
178	1032	0
179	1032	0
180	1032	0
181	1032	0
182	1032	0
183	1032	0
184	1032	0
187	1032	0
188	1032	0
189	1032	0
190	1032	0
191	1032	0
192	1032	0
193	1032	1
194	1032	0
195	1032	0
196	1032	0
197	1032	0
200	1032	0
201	1032	0
202	1032	0
203	1032	0
204	1032	0
206	1032	0
207	1032	1
208	1032	0
210	1032	0
211	1032	0
212	1032	0
213	1032	0
214	1032	0
216	1032	0
217	1032	0
218	1032	0
219	1032	0
220	1032	0
222	1032	0
223	1032	0
224	1032	0
225	1032	0
226	1032	0
227	1032	0
228	1032	1
229	1032	0
230	1032	0
231	1032	0
232	1032	0
233	1032	1
234	1032	0
235	1032	0
236	1032	0
237	1032	0
238	1032	0
239	1032	0
240	1032	0
241	1032	0
242	1032	0
244	1032	0
245	1032	0
246	1032	0
247	1032	0
248	1032	0
249	1032	1
250	1032	0
251	1032	0
252	1032	0
253	1032	0
254	1032	0
255	1032	0
256	1032	0
258	1032	1
259	1032	0
260	1032	0
261	1032	0
262	1032	0
263	1032	0
264	1032	0
265	1032	0
266	1032	0
267	1032	0
268	1032	0
269	1032	0
270	1032	0
271	1032	0
272	1032	0
273	1032	0
274	1032	0
275	1032	0
276	1032	0
277	1032	0
278	1032	0
279	1032	0
280	1032	0
281	1032	0
282	1032	0
283	1032	0
284	1032	0
285	1032	0
286	1032	0
288	1032	0
289	1032	0
290	1032	0
291	1032	0
292	1032	0
293	1032	0
294	1032	0
295	1032	0
296	1032	0
297	1032	0
298	1032	0
299	1032	0
300	1032	0
301	1032	0
302	1032	0
303	1032	1
304	1032	0
306	1032	1
307	1032	0
308	1032	0
309	1032	0
310	1032	0
311	1032	0
312	1032	0
313	1032	0
314	1032	0
315	1032	0
316	1032	0
317	1032	0
318	1032	0
319	1032	0
320	1032	0
321	1032	0
322	1032	0
323	1032	0
324	1032	0
325	1032	0
326	1032	0
327	1032	0
328	1032	1
329	1032	1
330	1032	0
331	1032	1
333	1032	0
334	1032	0
335	1032	0
336	1032	0
337	1032	0
338	1032	0
339	1032	0
340	1032	0
341	1032	0
342	1032	0
343	1032	0
344	1032	0
346	1032	0
347	1032	0
348	1032	0
349	1032	0
350	1032	1
354	1032	0
355	1032	0
356	1032	0
357	1032	0
358	1032	0
359	1032	0
360	1032	0
361	1032	0
363	1032	0
364	1032	0
365	1032	0
366	1032	0
367	1032	0
368	1032	0
370	1032	0
371	1032	0
372	1032	0
373	1032	0
374	1032	0
377	1032	0
378	1032	1
379	1032	0
380	1032	0
381	1032	1
382	1032	0
383	1032	0
384	1032	0
385	1032	0
386	1032	0
387	1032	0
388	1032	0
390	1032	0
391	1032	0
393	1032	0
394	1032	1
395	1032	0
396	1032	0
397	1032	0
398	1032	0
399	1032	0
400	1032	0
401	1032	0
402	1032	0
403	1032	0
404	1032	0
405	1032	0
406	1032	0
408	1032	0
409	1032	0
410	1032	0
411	1032	0
412	1032	0
413	1032	0
414	1032	0
415	1032	0
416	1032	0
417	1032	0
418	1032	0
419	1032	0
420	1032	0
421	1032	0
422	1032	0
423	1032	0
424	1032	0
425	1032	0
426	1032	0
427	1032	0
428	1032	0
429	1032	0
430	1032	0
431	1032	0
432	1032	0
433	1032	0
434	1032	0
435	1032	0
436	1032	0
437	1032	0
438	1032	0
439	1032	0
440	1032	0
441	1032	0
442	1032	0
443	1032	0
444	1032	0
445	1032	0
446	1032	1
447	1032	1
448	1032	0
449	1032	0
450	1032	0
451	1032	0
452	1032	0
453	1032	0
454	1032	0
455	1032	0
456	1032	1
457	1032	0
458	1032	0
459	1032	0
460	1032	0
461	1032	0
462	1032	0
463	1032	0
464	1032	1
465	1032	1
466	1032	0
467	1032	0
468	1032	0
469	1032	0
470	1032	0
471	1032	0
472	1032	0
473	1032	0
474	1032	0
475	1032	0
476	1032	0
477	1032	0
478	1032	0
480	1032	0
481	1032	0
482	1032	0
483	1032	0
484	1032	0
485	1032	0
486	1032	0
487	1032	0
489	1032	0
490	1032	0
491	1032	0
492	1032	0
493	1032	0
495	1032	1
496	1032	0
497	1032	0
499	1032	0
500	1032	0
501	1032	0
502	1032	0
503	1032	0
505	1032	0
508	1032	0
509	1032	0
510	1032	0
511	1032	0
512	1032	0
513	1032	0
514	1032	0
515	1032	0
516	1032	0
517	1032	0
518	1032	1
519	1032	0
520	1032	0
521	1032	0
522	1032	0
523	1032	0
524	1032	0
525	1032	0
527	1032	0
528	1032	0
529	1032	0
533	1032	0
534	1032	0
536	1032	0
537	1032	0
538	1032	0
540	1032	0
541	1032	0
542	1032	0
543	1032	0
544	1032	0
546	1032	0
547	1032	0
548	1032	0
549	1032	0
550	1032	0
551	1032	0
553	1032	0
554	1032	0
555	1032	0
556	1032	0
557	1032	0
558	1032	0
559	1032	0
560	1032	0
561	1032	0
562	1032	0
563	1032	0
564	1032	0
565	1032	0
566	1032	0
567	1032	0
568	1032	0
569	1032	0
570	1032	0
571	1032	0
572	1032	0
573	1032	0
574	1032	0
575	1032	0
576	1032	0
577	1032	0
578	1032	0
579	1032	0
580	1032	0
582	1032	0
583	1032	0
584	1032	0
585	1032	0
586	1032	0
587	1032	1
588	1032	0
589	1032	0
590	1032	0
591	1032	0
592	1032	0
593	1032	0
594	1032	0
595	1032	0
596	1032	0
597	1032	0
598	1032	0
599	1032	0
600	1032	0
601	1032	0
602	1032	0
604	1032	0
605	1032	0
606	1032	0
607	1032	0
608	1032	0
609	1032	0
611	1032	0
612	1032	0
613	1032	0
614	1032	0
615	1032	0
616	1032	0
617	1032	0
618	1032	0
620	1032	0
621	1032	0
622	1032	0
624	1032	0
625	1032	0
626	1032	0
627	1032	0
628	1032	0
630	1032	0
631	1032	0
632	1032	0
633	1032	0
635	1032	0
636	1032	0
637	1032	0
640	1032	0
641	1032	0
642	1032	0
643	1032	0
644	1032	1
645	1032	0
646	1032	0
647	1032	0
648	1032	0
649	1032	0
650	1032	0
651	1032	1
652	1032	1
653	1032	0
654	1032	0
655	1032	0
658	1032	0
659	1032	0
661	1032	0
662	1032	0
663	1032	0
664	1032	0
666	1032	0
667	1032	0
668	1032	0
669	1032	0
670	1032	0
671	1032	0
672	1032	0
673	1032	0
674	1032	0
675	1032	0
676	1032	0
680	1032	1
682	1032	0
683	1032	0
684	1032	0
685	1032	0
686	1032	0
688	1032	0
689	1032	0
690	1032	0
691	1032	0
692	1032	0
693	1032	0
694	1032	1
695	1032	1
696	1032	0
697	1032	1
698	1032	0
699	1032	0
700	1032	0
701	1032	0
702	1032	0
703	1032	0
704	1032	0
705	1032	0
706	1032	0
707	1032	0
708	1032	0
709	1032	0
710	1032	0
711	1032	0
713	1032	0
714	1032	0
715	1032	0
716	1032	0
717	1032	0
718	1032	0
720	1032	0
721	1032	0
722	1032	0
728	1032	0
730	1032	0
731	1032	0
732	1032	0
733	1032	0
734	1032	0
735	1032	0
736	1032	0
737	1032	0
738	1032	0
739	1032	0
740	1032	0
741	1032	1
742	1032	0
744	1032	0
745	1032	0
746	1032	0
747	1032	0
748	1032	1
749	1032	0
750	1032	0
751	1032	0
752	1032	0
753	1032	0
754	1032	0
755	1032	0
756	1032	0
757	1032	0
758	1032	0
759	1032	0
760	1032	0
761	1032	0
762	1032	0
763	1032	0
764	1032	0
765	1032	0
766	1032	0
767	1032	0
768	1032	0
769	1032	0
770	1032	1
771	1032	0
772	1032	0
773	1032	0
774	1032	1
775	1032	0
776	1032	0
777	1032	0
778	1032	1
779	1032	0
780	1032	0
783	1032	0
784	1032	0
785	1032	0
786	1032	0
787	1032	0
788	1032	1
789	1032	0
790	1032	0
791	1032	0
794	1032	0
796	1032	0
797	1032	0
798	1032	0
799	1032	0
800	1032	1
801	1032	0
802	1032	0
803	1032	0
804	1032	0
806	1032	0
807	1032	0
808	1032	0
809	1032	0
810	1032	0
811	1032	1
814	1032	0
816	1032	0
817	1032	0
819	1032	0
820	1032	0
821	1032	0
824	1032	0
825	1032	0
827	1032	0
828	1032	0
830	1032	0
831	1032	0
832	1032	1
833	1032	0
834	1032	1
835	1032	0
836	1032	0
837	1032	1
839	1032	0
840	1032	0
841	1032	0
843	1032	0
844	1032	0
845	1032	0
846	1032	0
847	1032	0
848	1032	0
849	1032	0
850	1032	0
851	1032	0
852	1032	0
853	1032	0
854	1032	0
855	1032	0
856	1032	0
857	1032	0
858	1032	0
859	1032	0
860	1032	0
861	1032	0
862	1032	0
863	1032	0
864	1032	0
865	1032	0
866	1032	0
867	1032	0
868	1032	0
869	1032	0
870	1032	0
872	1032	0
873	1032	0
874	1032	0
875	1032	0
876	1032	0
877	1032	0
879	1032	0
880	1032	0
881	1032	0
882	1032	0
883	1032	0
884	1032	0
885	1032	0
886	1032	0
887	1032	0
888	1032	0
889	1032	0
890	1032	0
891	1032	0
892	1032	0
893	1032	0
894	1032	0
895	1032	0
896	1032	0
897	1032	0
898	1032	0
900	1032	0
901	1032	0
902	1032	0
903	1032	0
904	1032	0
905	1032	1
906	1032	0
907	1032	0
908	1032	0
909	1032	0
911	1032	0
912	1032	0
913	1032	0
914	1032	0
916	1032	0
917	1032	0
918	1032	0
919	1032	0
920	1032	0
921	1032	1
922	1032	0
923	1032	0
924	1032	0
925	1032	0
927	1032	0
928	1032	0
930	1032	0
931	1032	0
933	1032	0
934	1032	0
936	1032	0
937	1032	1
939	1032	0
940	1032	0
941	1032	0
942	1032	0
943	1032	0
944	1032	0
945	1032	0
946	1032	0
947	1032	0
948	1032	0
949	1032	0
950	1032	0
952	1032	0
953	1032	0
954	1032	0
955	1032	0
956	1032	0
958	1032	1
961	1032	0
962	1032	0
963	1032	0
964	1032	0
965	1032	0
966	1032	0
967	1032	1
