0	1013	0
1	1013	0
2	1013	0
3	1013	0
4	1013	0
5	1013	0
6	1013	0
7	1013	0
8	1013	0
9	1013	0
10	1013	1
11	1013	0
12	1013	0
13	1013	0
14	1013	0
15	1013	0
16	1013	1
17	1013	0
18	1013	0
19	1013	0
20	1013	0
21	1013	0
22	1013	0
23	1013	0
24	1013	0
26	1013	0
27	1013	0
28	1013	0
29	1013	0
30	1013	0
31	1013	0
32	1013	1
33	1013	0
34	1013	0
35	1013	0
36	1013	0
37	1013	0
38	1013	0
39	1013	1
40	1013	0
42	1013	1
43	1013	0
44	1013	0
45	1013	0
46	1013	0
47	1013	0
48	1013	0
49	1013	0
50	1013	0
51	1013	0
52	1013	0
53	1013	0
54	1013	0
55	1013	0
56	1013	0
57	1013	0
58	1013	0
59	1013	0
60	1013	0
61	1013	0
62	1013	0
64	1013	0
65	1013	0
66	1013	0
67	1013	0
68	1013	0
69	1013	0
70	1013	0
71	1013	0
72	1013	0
73	1013	0
74	1013	0
75	1013	0
76	1013	0
77	1013	0
78	1013	0
79	1013	0
80	1013	0
81	1013	0
82	1013	0
83	1013	0
84	1013	0
85	1013	0
86	1013	0
87	1013	0
88	1013	0
89	1013	0
90	1013	0
91	1013	0
92	1013	0
93	1013	0
94	1013	0
95	1013	0
96	1013	0
97	1013	0
98	1013	1
99	1013	0
100	1013	0
101	1013	0
102	1013	0
103	1013	0
104	1013	0
105	1013	0
106	1013	0
109	1013	0
111	1013	1
112	1013	0
113	1013	0
114	1013	0
115	1013	1
116	1013	0
117	1013	0
118	1013	0
119	1013	0
120	1013	0
121	1013	0
122	1013	1
123	1013	0
124	1013	0
125	1013	0
130	1013	0
131	1013	0
132	1013	0
133	1013	0
134	1013	0
136	1013	0
137	1013	0
138	1013	1
139	1013	0
140	1013	0
141	1013	0
142	1013	0
143	1013	0
144	1013	0
146	1013	0
147	1013	0
149	1013	0
150	1013	0
151	1013	0
152	1013	0
153	1013	0
154	1013	0
155	1013	0
156	1013	0
157	1013	0
158	1013	0
159	1013	0
160	1013	0
161	1013	0
162	1013	0
163	1013	0
164	1013	0
165	1013	0
166	1013	0
168	1013	0
169	1013	0
170	1013	0
171	1013	0
172	1013	0
173	1013	0
174	1013	0
175	1013	0
176	1013	1
177	1013	0
178	1013	0
179	1013	0
180	1013	0
181	1013	0
182	1013	0
183	1013	0
184	1013	0
187	1013	0
188	1013	0
189	1013	0
190	1013	0
191	1013	0
192	1013	0
193	1013	0
194	1013	0
195	1013	0
196	1013	0
197	1013	1
200	1013	0
201	1013	0
202	1013	0
203	1013	0
204	1013	0
206	1013	0
207	1013	0
208	1013	0
210	1013	0
211	1013	0
212	1013	0
213	1013	0
214	1013	0
216	1013	0
217	1013	0
218	1013	0
219	1013	0
220	1013	0
221	1013	1
222	1013	0
223	1013	0
224	1013	0
225	1013	0
226	1013	0
227	1013	0
228	1013	0
229	1013	0
230	1013	0
231	1013	0
232	1013	0
233	1013	1
234	1013	0
235	1013	0
236	1013	0
237	1013	0
238	1013	0
239	1013	0
240	1013	0
241	1013	0
242	1013	0
244	1013	0
245	1013	0
246	1013	0
247	1013	0
248	1013	0
249	1013	0
250	1013	0
251	1013	0
252	1013	0
253	1013	0
254	1013	0
255	1013	0
256	1013	0
258	1013	1
259	1013	0
260	1013	0
261	1013	0
262	1013	0
263	1013	0
264	1013	0
265	1013	0
266	1013	0
267	1013	0
268	1013	0
269	1013	0
270	1013	0
271	1013	0
272	1013	0
274	1013	0
275	1013	0
276	1013	0
277	1013	0
278	1013	0
279	1013	0
280	1013	1
281	1013	0
282	1013	0
283	1013	0
284	1013	0
285	1013	0
286	1013	0
288	1013	1
289	1013	0
290	1013	0
291	1013	0
292	1013	0
293	1013	0
294	1013	0
295	1013	0
296	1013	1
297	1013	0
298	1013	0
299	1013	0
300	1013	0
301	1013	0
302	1013	0
303	1013	0
304	1013	0
305	1013	0
306	1013	0
307	1013	0
308	1013	1
309	1013	0
310	1013	0
311	1013	0
312	1013	0
313	1013	0
314	1013	0
315	1013	0
316	1013	1
317	1013	0
318	1013	0
319	1013	0
320	1013	0
321	1013	0
322	1013	0
323	1013	0
324	1013	0
325	1013	0
326	1013	0
327	1013	0
328	1013	1
329	1013	0
330	1013	1
331	1013	0
333	1013	0
334	1013	0
335	1013	0
336	1013	0
337	1013	0
338	1013	0
339	1013	0
340	1013	0
341	1013	0
342	1013	0
343	1013	0
344	1013	0
346	1013	0
347	1013	0
348	1013	0
349	1013	0
350	1013	0
354	1013	0
355	1013	0
356	1013	0
357	1013	0
358	1013	0
359	1013	0
360	1013	0
361	1013	0
363	1013	0
364	1013	0
365	1013	0
366	1013	0
367	1013	0
368	1013	0
370	1013	1
371	1013	0
372	1013	0
373	1013	0
374	1013	0
375	1013	0
377	1013	0
378	1013	0
379	1013	0
380	1013	0
381	1013	0
382	1013	0
383	1013	0
384	1013	0
385	1013	0
386	1013	0
387	1013	0
388	1013	0
390	1013	0
391	1013	0
393	1013	0
394	1013	1
395	1013	0
396	1013	0
397	1013	0
398	1013	0
399	1013	0
400	1013	0
401	1013	0
402	1013	1
403	1013	0
404	1013	0
405	1013	0
406	1013	0
408	1013	0
409	1013	0
410	1013	0
411	1013	0
412	1013	0
413	1013	0
414	1013	0
415	1013	0
416	1013	1
417	1013	0
418	1013	0
419	1013	0
420	1013	0
421	1013	0
422	1013	0
423	1013	0
424	1013	0
425	1013	0
426	1013	0
427	1013	0
428	1013	0
429	1013	0
430	1013	0
431	1013	0
432	1013	0
433	1013	0
434	1013	0
435	1013	1
436	1013	0
437	1013	1
438	1013	1
439	1013	0
440	1013	0
441	1013	0
442	1013	0
443	1013	0
444	1013	0
445	1013	0
446	1013	0
447	1013	0
448	1013	0
449	1013	0
450	1013	0
451	1013	0
452	1013	0
453	1013	0
454	1013	0
455	1013	0
456	1013	0
457	1013	0
458	1013	0
459	1013	0
460	1013	0
461	1013	0
462	1013	0
463	1013	0
464	1013	0
465	1013	0
466	1013	0
467	1013	0
468	1013	0
469	1013	0
470	1013	0
471	1013	0
472	1013	0
473	1013	0
474	1013	0
475	1013	0
476	1013	0
477	1013	0
478	1013	0
480	1013	0
481	1013	0
482	1013	0
483	1013	0
484	1013	0
485	1013	0
486	1013	0
487	1013	0
489	1013	0
490	1013	0
491	1013	0
492	1013	0
493	1013	1
495	1013	0
496	1013	0
497	1013	0
499	1013	0
500	1013	0
501	1013	0
502	1013	0
503	1013	0
505	1013	0
508	1013	0
509	1013	0
510	1013	0
511	1013	0
512	1013	0
513	1013	0
514	1013	0
515	1013	0
516	1013	0
517	1013	0
518	1013	0
519	1013	0
520	1013	1
521	1013	0
522	1013	0
523	1013	0
524	1013	0
525	1013	0
526	1013	0
527	1013	0
528	1013	0
529	1013	0
533	1013	0
534	1013	0
536	1013	0
537	1013	0
538	1013	0
540	1013	0
541	1013	0
542	1013	0
543	1013	0
544	1013	0
546	1013	0
547	1013	0
548	1013	0
549	1013	0
550	1013	0
551	1013	0
553	1013	0
554	1013	0
555	1013	0
556	1013	0
557	1013	0
558	1013	0
559	1013	0
560	1013	0
561	1013	0
562	1013	0
563	1013	0
564	1013	0
565	1013	0
566	1013	0
567	1013	0
568	1013	0
569	1013	0
570	1013	0
571	1013	0
572	1013	0
573	1013	0
574	1013	0
575	1013	0
576	1013	0
577	1013	0
578	1013	0
579	1013	0
580	1013	0
582	1013	0
583	1013	0
584	1013	0
585	1013	0
586	1013	0
587	1013	0
588	1013	0
589	1013	0
590	1013	0
591	1013	0
592	1013	0
593	1013	0
594	1013	0
595	1013	0
596	1013	0
597	1013	0
598	1013	0
599	1013	0
600	1013	0
601	1013	0
602	1013	0
604	1013	0
605	1013	0
606	1013	1
607	1013	0
608	1013	0
609	1013	0
611	1013	0
612	1013	0
613	1013	0
614	1013	1
615	1013	1
616	1013	0
617	1013	0
618	1013	0
619	1013	0
620	1013	0
621	1013	0
622	1013	0
624	1013	0
625	1013	0
626	1013	0
627	1013	0
628	1013	0
630	1013	0
631	1013	0
632	1013	0
633	1013	0
635	1013	0
636	1013	0
637	1013	0
640	1013	0
641	1013	0
642	1013	0
643	1013	0
644	1013	0
645	1013	0
646	1013	0
647	1013	0
648	1013	0
649	1013	0
650	1013	0
651	1013	1
652	1013	0
653	1013	0
654	1013	0
655	1013	0
658	1013	0
659	1013	0
661	1013	0
662	1013	0
663	1013	0
664	1013	1
666	1013	0
667	1013	1
668	1013	0
669	1013	0
670	1013	0
671	1013	0
672	1013	0
673	1013	0
674	1013	0
675	1013	0
676	1013	0
680	1013	0
682	1013	0
683	1013	1
684	1013	0
685	1013	0
686	1013	0
688	1013	0
689	1013	0
690	1013	0
691	1013	0
692	1013	0
693	1013	0
694	1013	0
695	1013	0
696	1013	0
697	1013	0
698	1013	0
699	1013	0
700	1013	0
701	1013	0
702	1013	0
703	1013	0
704	1013	0
705	1013	0
706	1013	0
707	1013	0
708	1013	0
709	1013	0
710	1013	1
711	1013	0
713	1013	0
714	1013	0
715	1013	0
716	1013	0
717	1013	0
718	1013	0
720	1013	0
721	1013	0
722	1013	0
728	1013	0
730	1013	0
731	1013	0
732	1013	0
733	1013	0
734	1013	0
735	1013	0
736	1013	0
737	1013	0
738	1013	0
739	1013	0
740	1013	0
741	1013	1
742	1013	0
743	1013	0
744	1013	0
745	1013	0
746	1013	0
747	1013	0
748	1013	0
749	1013	0
750	1013	0
751	1013	0
752	1013	0
753	1013	0
754	1013	0
755	1013	0
756	1013	0
757	1013	0
758	1013	0
759	1013	0
760	1013	0
761	1013	0
762	1013	0
763	1013	0
764	1013	0
765	1013	1
766	1013	0
767	1013	0
768	1013	0
769	1013	0
770	1013	0
771	1013	0
772	1013	0
773	1013	0
774	1013	1
775	1013	0
776	1013	0
777	1013	0
778	1013	0
779	1013	0
780	1013	0
783	1013	0
784	1013	1
785	1013	0
786	1013	0
787	1013	0
788	1013	0
789	1013	0
790	1013	0
791	1013	0
794	1013	0
796	1013	0
797	1013	0
798	1013	0
799	1013	0
800	1013	0
801	1013	0
802	1013	0
803	1013	1
804	1013	0
806	1013	0
807	1013	0
808	1013	0
809	1013	0
810	1013	0
811	1013	1
814	1013	0
816	1013	0
817	1013	1
819	1013	0
820	1013	0
821	1013	0
824	1013	0
825	1013	0
827	1013	0
828	1013	0
829	1013	1
830	1013	1
831	1013	0
832	1013	1
833	1013	0
834	1013	0
835	1013	0
836	1013	0
837	1013	0
839	1013	0
840	1013	0
841	1013	0
843	1013	0
844	1013	0
845	1013	0
846	1013	0
847	1013	0
848	1013	0
849	1013	0
850	1013	0
851	1013	0
852	1013	0
853	1013	0
854	1013	0
855	1013	0
856	1013	0
857	1013	0
858	1013	0
859	1013	0
860	1013	0
861	1013	0
862	1013	0
863	1013	0
864	1013	0
865	1013	0
866	1013	0
867	1013	0
868	1013	0
869	1013	0
870	1013	0
872	1013	0
873	1013	0
874	1013	0
875	1013	0
876	1013	0
877	1013	0
879	1013	0
880	1013	0
881	1013	0
882	1013	0
883	1013	1
884	1013	0
885	1013	0
886	1013	0
887	1013	0
888	1013	0
889	1013	0
890	1013	0
891	1013	1
892	1013	0
893	1013	0
894	1013	0
895	1013	0
896	1013	0
897	1013	0
898	1013	0
900	1013	0
901	1013	0
902	1013	0
903	1013	0
904	1013	0
905	1013	0
906	1013	0
907	1013	0
908	1013	0
909	1013	0
911	1013	0
912	1013	0
913	1013	0
914	1013	0
916	1013	0
917	1013	0
918	1013	0
919	1013	0
920	1013	0
921	1013	0
922	1013	0
923	1013	0
924	1013	0
925	1013	0
927	1013	0
928	1013	0
930	1013	0
931	1013	0
933	1013	0
934	1013	0
936	1013	0
937	1013	0
939	1013	0
940	1013	0
941	1013	0
942	1013	0
943	1013	0
944	1013	0
945	1013	0
946	1013	0
947	1013	0
948	1013	0
949	1013	0
950	1013	0
952	1013	0
953	1013	0
954	1013	0
955	1013	0
956	1013	0
958	1013	0
961	1013	0
962	1013	0
963	1013	0
964	1013	0
965	1013	0
966	1013	0
967	1013	0
