8	996	0
10	996	0
13	996	0
16	996	0
18	996	0
21	996	0
24	996	0
27	996	0
31	996	0
32	996	0
33	996	0
34	996	0
36	996	0
39	996	0
42	996	0
43	996	0
44	996	0
45	996	0
47	996	0
48	996	0
49	996	0
59	996	1
61	996	0
64	996	0
67	996	0
71	996	0
76	996	0
87	996	0
93	996	0
96	996	0
98	996	0
101	996	0
106	996	0
109	996	1
112	996	0
113	996	0
117	996	0
120	996	0
121	996	0
122	996	0
125	996	0
130	996	0
131	996	0
133	996	0
134	996	0
137	996	0
138	996	0
139	996	0
140	996	0
141	996	0
142	996	0
143	996	0
146	996	0
151	996	0
152	996	0
154	996	0
156	996	0
157	996	0
159	996	0
162	996	0
163	996	0
164	996	1
168	996	0
170	996	0
171	996	0
172	996	0
174	996	0
181	996	0
182	996	0
183	996	0
184	996	0
188	996	0
190	996	0
191	996	0
192	996	0
194	996	0
195	996	1
196	996	0
197	996	0
202	996	1
203	996	1
204	996	0
205	996	0
206	996	0
207	996	1
208	996	0
210	996	0
211	996	0
214	996	0
221	996	1
222	996	0
224	996	0
225	996	1
227	996	0
228	996	0
230	996	0
232	996	0
233	996	0
234	996	0
251	996	0
252	996	1
253	996	0
255	996	0
263	996	0
269	996	0
274	996	0
275	996	0
282	996	1
283	996	0
289	996	0
290	996	0
301	996	0
310	996	0
316	996	1
328	996	1
329	996	0
334	996	0
336	996	0
338	996	0
339	996	0
340	996	0
341	996	0
343	996	0
358	996	0
359	996	0
360	996	0
361	996	0
364	996	0
365	996	0
367	996	0
370	996	0
371	996	0
372	996	0
373	996	0
374	996	1
375	996	0
377	996	0
378	996	0
379	996	0
380	996	0
381	996	1
382	996	0
384	996	0
385	996	0
386	996	0
390	996	0
391	996	0
393	996	0
395	996	0
401	996	0
402	996	0
404	996	0
405	996	0
406	996	0
420	996	0
421	996	1
422	996	0
423	996	0
424	996	0
425	996	0
427	996	0
428	996	0
429	996	0
430	996	0
431	996	0
432	996	0
433	996	1
435	996	1
436	996	0
443	996	0
446	996	0
448	996	0
449	996	0
450	996	0
451	996	0
453	996	0
454	996	0
455	996	0
457	996	0
458	996	0
459	996	0
461	996	0
464	996	0
465	996	0
475	996	0
476	996	0
478	996	0
486	996	0
487	996	0
489	996	0
496	996	0
497	996	0
499	996	0
500	996	0
503	996	0
505	996	1
506	996	0
508	996	0
509	996	0
510	996	0
511	996	1
512	996	0
514	996	0
515	996	0
516	996	0
517	996	0
518	996	0
519	996	0
520	996	0
521	996	0
522	996	0
524	996	0
525	996	0
526	996	0
527	996	0
528	996	0
529	996	0
534	996	0
536	996	0
538	996	0
540	996	1
541	996	0
542	996	0
544	996	0
549	996	0
551	996	0
554	996	0
557	996	0
561	996	0
565	996	0
566	996	0
567	996	0
568	996	0
569	996	0
573	996	0
574	996	0
584	996	0
585	996	0
588	996	0
589	996	0
592	996	0
595	996	0
597	996	0
607	996	0
608	996	0
612	996	0
613	996	0
616	996	0
617	996	0
620	996	0
625	996	0
626	996	0
627	996	0
630	996	0
631	996	0
633	996	0
637	996	0
640	996	0
641	996	0
642	996	0
643	996	0
644	996	0
645	996	0
646	996	0
647	996	0
648	996	1
649	996	0
652	996	0
661	996	0
662	996	0
663	996	0
664	996	0
666	996	0
667	996	1
672	996	0
673	996	1
674	996	1
683	996	0
692	996	0
693	996	0
694	996	0
713	996	0
715	996	0
718	996	0
720	996	0
721	996	0
728	996	0
732	996	0
737	996	0
738	996	0
741	996	1
742	996	0
743	996	1
745	996	0
747	996	1
748	996	0
749	996	0
750	996	0
754	996	0
758	996	0
761	996	0
763	996	0
767	996	0
768	996	0
769	996	0
771	996	0
772	996	0
773	996	0
774	996	0
778	996	0
780	996	0
784	996	1
786	996	0
787	996	0
796	996	0
798	996	0
799	996	0
802	996	0
803	996	0
805	996	0
808	996	0
810	996	0
824	996	0
825	996	0
827	996	0
828	996	0
830	996	0
831	996	1
833	996	1
834	996	0
837	996	0
839	996	0
840	996	0
855	996	0
859	996	1
862	996	0
863	996	0
864	996	0
870	996	0
873	996	0
874	996	0
876	996	0
879	996	0
880	996	0
881	996	0
882	996	0
883	996	0
887	996	0
888	996	0
890	996	0
895	996	0
900	996	0
901	996	0
904	996	0
913	996	0
917	996	0
923	996	0
924	996	0
928	996	0
937	996	0
943	996	0
944	996	0
947	996	0
949	996	0
952	996	0
953	996	0
954	996	0
955	996	0
956	996	0
958	996	0
963	996	0
964	996	0
965	996	0
967	996	0
