0	1018	1
1	1018	0
2	1018	0
3	1018	1
4	1018	0
5	1018	0
6	1018	0
7	1018	0
8	1018	1
9	1018	0
10	1018	1
11	1018	0
12	1018	0
13	1018	0
14	1018	1
15	1018	0
16	1018	0
17	1018	0
18	1018	0
19	1018	0
20	1018	0
21	1018	0
22	1018	1
23	1018	1
24	1018	0
26	1018	0
27	1018	0
28	1018	0
29	1018	0
30	1018	1
31	1018	1
32	1018	0
33	1018	0
34	1018	0
35	1018	0
36	1018	0
37	1018	0
38	1018	0
39	1018	0
40	1018	0
42	1018	0
43	1018	0
44	1018	0
45	1018	0
46	1018	0
47	1018	0
48	1018	0
49	1018	0
50	1018	0
51	1018	0
52	1018	0
53	1018	0
54	1018	0
55	1018	0
56	1018	0
57	1018	0
58	1018	0
59	1018	0
60	1018	0
61	1018	0
62	1018	0
64	1018	0
65	1018	0
66	1018	0
67	1018	0
68	1018	0
69	1018	0
70	1018	0
71	1018	0
72	1018	0
73	1018	0
74	1018	0
75	1018	0
76	1018	0
77	1018	0
78	1018	0
79	1018	0
80	1018	0
81	1018	1
82	1018	0
83	1018	0
84	1018	0
85	1018	0
86	1018	0
87	1018	0
88	1018	0
89	1018	0
90	1018	0
91	1018	0
92	1018	0
93	1018	0
94	1018	0
95	1018	0
96	1018	0
97	1018	0
98	1018	1
99	1018	0
100	1018	0
101	1018	0
102	1018	1
103	1018	0
104	1018	1
105	1018	1
106	1018	0
109	1018	0
111	1018	1
112	1018	0
113	1018	0
114	1018	0
115	1018	0
116	1018	0
117	1018	0
118	1018	0
119	1018	0
120	1018	0
121	1018	0
122	1018	0
123	1018	0
124	1018	0
125	1018	0
130	1018	0
131	1018	0
132	1018	0
133	1018	0
134	1018	0
136	1018	0
137	1018	0
138	1018	0
139	1018	0
140	1018	0
141	1018	0
142	1018	0
143	1018	1
144	1018	0
146	1018	0
147	1018	0
149	1018	0
150	1018	0
151	1018	0
152	1018	0
153	1018	0
154	1018	0
155	1018	0
156	1018	0
157	1018	0
158	1018	0
159	1018	0
160	1018	1
161	1018	0
162	1018	0
163	1018	0
164	1018	0
165	1018	0
166	1018	0
168	1018	0
169	1018	0
170	1018	0
171	1018	0
172	1018	0
173	1018	0
174	1018	0
175	1018	0
176	1018	0
177	1018	1
178	1018	0
179	1018	0
180	1018	0
181	1018	0
182	1018	0
183	1018	0
184	1018	0
187	1018	0
188	1018	1
189	1018	0
190	1018	0
191	1018	0
192	1018	0
193	1018	0
194	1018	0
195	1018	0
196	1018	0
197	1018	0
200	1018	0
201	1018	0
202	1018	0
203	1018	0
204	1018	0
206	1018	0
207	1018	0
208	1018	0
210	1018	0
211	1018	0
212	1018	0
213	1018	0
214	1018	0
216	1018	0
217	1018	0
218	1018	0
219	1018	0
220	1018	0
221	1018	0
222	1018	0
223	1018	0
224	1018	0
225	1018	0
226	1018	0
227	1018	1
228	1018	0
229	1018	0
230	1018	0
231	1018	0
232	1018	0
233	1018	0
234	1018	0
235	1018	0
236	1018	0
237	1018	0
238	1018	0
239	1018	0
240	1018	0
241	1018	0
242	1018	0
244	1018	1
245	1018	0
246	1018	0
247	1018	0
248	1018	0
249	1018	1
250	1018	0
251	1018	0
252	1018	0
253	1018	0
254	1018	0
255	1018	0
256	1018	0
258	1018	1
259	1018	0
260	1018	0
261	1018	0
262	1018	0
263	1018	0
264	1018	0
265	1018	0
266	1018	0
267	1018	0
268	1018	0
269	1018	0
270	1018	0
271	1018	0
272	1018	0
274	1018	0
275	1018	0
276	1018	0
277	1018	0
278	1018	0
279	1018	0
280	1018	0
281	1018	0
282	1018	0
283	1018	0
284	1018	0
285	1018	0
286	1018	0
288	1018	0
289	1018	0
290	1018	0
291	1018	0
292	1018	0
293	1018	0
294	1018	0
295	1018	0
296	1018	1
297	1018	0
298	1018	0
299	1018	0
300	1018	0
301	1018	0
302	1018	0
303	1018	1
304	1018	1
305	1018	0
306	1018	0
307	1018	1
308	1018	0
309	1018	0
310	1018	0
311	1018	0
312	1018	1
313	1018	0
314	1018	0
315	1018	0
316	1018	0
317	1018	0
318	1018	0
319	1018	0
320	1018	0
321	1018	0
322	1018	0
323	1018	0
324	1018	1
325	1018	0
326	1018	0
327	1018	0
328	1018	1
329	1018	0
330	1018	0
331	1018	0
333	1018	1
334	1018	0
335	1018	0
336	1018	0
337	1018	0
338	1018	0
339	1018	0
340	1018	0
341	1018	0
342	1018	0
343	1018	0
344	1018	0
346	1018	0
347	1018	0
348	1018	1
349	1018	0
350	1018	0
354	1018	0
355	1018	0
356	1018	0
357	1018	0
358	1018	0
359	1018	0
360	1018	0
361	1018	0
363	1018	0
364	1018	0
365	1018	0
366	1018	0
367	1018	0
368	1018	0
370	1018	0
371	1018	0
372	1018	0
373	1018	0
374	1018	0
375	1018	1
377	1018	0
378	1018	0
379	1018	0
380	1018	0
381	1018	1
382	1018	0
383	1018	0
384	1018	0
385	1018	1
386	1018	0
387	1018	0
388	1018	1
390	1018	0
391	1018	0
393	1018	0
394	1018	0
395	1018	0
396	1018	0
397	1018	0
398	1018	0
399	1018	0
400	1018	0
401	1018	0
402	1018	1
403	1018	0
404	1018	0
405	1018	0
406	1018	0
408	1018	0
409	1018	0
410	1018	0
411	1018	0
412	1018	0
413	1018	1
414	1018	0
415	1018	0
416	1018	0
417	1018	0
418	1018	0
419	1018	0
420	1018	0
421	1018	0
422	1018	0
423	1018	0
424	1018	0
425	1018	0
426	1018	1
427	1018	0
428	1018	0
429	1018	0
430	1018	0
431	1018	0
432	1018	0
433	1018	0
434	1018	0
435	1018	1
436	1018	0
437	1018	0
438	1018	0
439	1018	0
440	1018	0
441	1018	0
442	1018	0
443	1018	0
444	1018	0
445	1018	0
446	1018	0
447	1018	0
448	1018	0
449	1018	0
450	1018	0
451	1018	0
452	1018	0
453	1018	0
454	1018	0
455	1018	0
456	1018	1
457	1018	0
458	1018	0
459	1018	0
460	1018	0
461	1018	0
462	1018	0
463	1018	0
464	1018	0
465	1018	0
466	1018	0
467	1018	0
468	1018	0
469	1018	0
470	1018	0
471	1018	0
472	1018	0
473	1018	0
474	1018	0
475	1018	0
476	1018	0
477	1018	0
478	1018	0
480	1018	0
481	1018	1
482	1018	0
483	1018	0
484	1018	0
485	1018	0
486	1018	0
487	1018	0
489	1018	0
490	1018	0
491	1018	0
492	1018	0
493	1018	0
495	1018	1
496	1018	0
497	1018	0
499	1018	0
500	1018	0
501	1018	0
502	1018	0
503	1018	1
505	1018	1
508	1018	0
509	1018	1
510	1018	0
511	1018	0
512	1018	0
513	1018	0
514	1018	1
515	1018	0
516	1018	0
517	1018	0
518	1018	1
519	1018	0
520	1018	0
521	1018	0
522	1018	0
523	1018	0
524	1018	0
525	1018	0
526	1018	0
527	1018	0
528	1018	0
529	1018	0
533	1018	0
534	1018	0
536	1018	0
537	1018	0
538	1018	0
540	1018	0
541	1018	0
542	1018	0
543	1018	0
544	1018	0
546	1018	0
547	1018	0
548	1018	0
549	1018	0
550	1018	0
551	1018	0
553	1018	0
554	1018	0
555	1018	0
556	1018	0
557	1018	0
558	1018	0
559	1018	0
560	1018	1
561	1018	0
562	1018	0
563	1018	0
564	1018	0
565	1018	0
566	1018	0
567	1018	0
568	1018	0
569	1018	0
570	1018	0
571	1018	0
572	1018	0
573	1018	0
574	1018	0
575	1018	0
576	1018	0
577	1018	0
578	1018	0
579	1018	1
580	1018	0
582	1018	0
583	1018	0
584	1018	0
585	1018	0
586	1018	0
587	1018	0
588	1018	0
589	1018	0
590	1018	0
591	1018	0
592	1018	0
593	1018	0
594	1018	0
595	1018	0
596	1018	0
597	1018	0
598	1018	1
599	1018	0
600	1018	0
601	1018	0
602	1018	0
604	1018	0
605	1018	0
606	1018	0
607	1018	0
608	1018	0
609	1018	0
611	1018	0
612	1018	0
613	1018	0
614	1018	0
615	1018	0
616	1018	0
617	1018	0
618	1018	0
619	1018	0
620	1018	0
621	1018	0
622	1018	0
624	1018	0
625	1018	0
626	1018	0
627	1018	0
628	1018	0
630	1018	0
631	1018	0
632	1018	0
633	1018	0
635	1018	0
636	1018	0
637	1018	0
640	1018	0
641	1018	0
642	1018	0
643	1018	0
644	1018	0
645	1018	1
646	1018	0
647	1018	0
648	1018	0
649	1018	0
650	1018	0
651	1018	1
652	1018	0
653	1018	0
654	1018	0
655	1018	1
658	1018	0
659	1018	0
661	1018	0
662	1018	0
663	1018	0
664	1018	0
666	1018	0
667	1018	0
668	1018	0
669	1018	0
670	1018	0
671	1018	0
672	1018	0
673	1018	0
674	1018	0
675	1018	0
676	1018	0
680	1018	0
682	1018	0
683	1018	0
684	1018	0
685	1018	0
686	1018	0
688	1018	0
689	1018	0
690	1018	1
691	1018	0
692	1018	0
693	1018	0
694	1018	0
695	1018	0
696	1018	0
697	1018	0
698	1018	0
699	1018	1
700	1018	0
701	1018	0
702	1018	0
703	1018	0
704	1018	0
705	1018	0
706	1018	0
707	1018	0
708	1018	0
709	1018	0
710	1018	0
711	1018	0
713	1018	0
714	1018	0
715	1018	0
716	1018	0
717	1018	0
718	1018	0
720	1018	0
721	1018	0
722	1018	0
728	1018	0
730	1018	0
731	1018	0
732	1018	0
733	1018	0
734	1018	0
735	1018	0
736	1018	0
737	1018	0
738	1018	0
739	1018	0
740	1018	0
741	1018	0
742	1018	0
743	1018	0
744	1018	0
745	1018	0
746	1018	0
747	1018	0
748	1018	0
749	1018	0
750	1018	0
751	1018	0
752	1018	0
753	1018	0
754	1018	0
755	1018	0
756	1018	0
757	1018	0
758	1018	0
759	1018	0
760	1018	0
761	1018	0
762	1018	0
763	1018	0
764	1018	0
765	1018	0
766	1018	0
767	1018	0
768	1018	0
769	1018	0
770	1018	0
771	1018	0
772	1018	0
773	1018	0
774	1018	0
775	1018	0
776	1018	0
777	1018	0
778	1018	0
779	1018	0
780	1018	0
783	1018	0
784	1018	0
785	1018	0
786	1018	0
787	1018	0
788	1018	0
789	1018	0
790	1018	0
791	1018	0
794	1018	0
796	1018	0
797	1018	0
798	1018	0
799	1018	0
800	1018	1
801	1018	0
802	1018	0
803	1018	0
804	1018	0
806	1018	1
807	1018	0
808	1018	0
809	1018	0
810	1018	0
811	1018	0
814	1018	0
816	1018	1
817	1018	1
819	1018	0
820	1018	1
821	1018	0
824	1018	0
825	1018	0
827	1018	0
828	1018	0
829	1018	0
830	1018	0
831	1018	0
832	1018	0
833	1018	0
834	1018	0
835	1018	0
836	1018	0
837	1018	0
839	1018	0
840	1018	0
841	1018	0
843	1018	1
844	1018	0
845	1018	0
846	1018	0
847	1018	0
848	1018	0
849	1018	1
850	1018	0
851	1018	0
852	1018	1
853	1018	0
854	1018	0
855	1018	0
856	1018	0
857	1018	0
858	1018	0
859	1018	0
860	1018	0
861	1018	0
862	1018	0
863	1018	0
864	1018	1
865	1018	0
866	1018	0
867	1018	0
868	1018	0
869	1018	0
870	1018	0
872	1018	1
873	1018	0
874	1018	0
875	1018	0
876	1018	0
877	1018	0
879	1018	0
880	1018	0
881	1018	0
882	1018	0
883	1018	0
884	1018	0
885	1018	0
886	1018	0
887	1018	0
888	1018	0
889	1018	0
890	1018	0
891	1018	1
892	1018	0
893	1018	0
894	1018	1
895	1018	0
896	1018	0
897	1018	0
898	1018	0
900	1018	0
901	1018	0
902	1018	0
903	1018	0
904	1018	0
905	1018	0
906	1018	0
907	1018	0
908	1018	0
909	1018	0
911	1018	0
912	1018	0
913	1018	0
914	1018	0
916	1018	0
917	1018	0
918	1018	0
919	1018	0
920	1018	0
921	1018	0
922	1018	0
923	1018	0
924	1018	0
925	1018	0
927	1018	0
928	1018	0
930	1018	1
931	1018	0
933	1018	0
934	1018	0
936	1018	0
937	1018	0
939	1018	1
940	1018	1
941	1018	1
942	1018	0
943	1018	1
944	1018	0
945	1018	0
946	1018	0
947	1018	0
948	1018	0
949	1018	0
950	1018	0
952	1018	0
953	1018	0
954	1018	0
955	1018	0
956	1018	1
958	1018	0
961	1018	0
962	1018	0
963	1018	0
964	1018	0
965	1018	0
966	1018	0
967	1018	0
