0	1153	0
1	1153	0
2	1153	0
3	1153	0
4	1153	0
5	1153	0
6	1153	1
7	1153	0
8	1153	1
10	1153	0
11	1153	0
12	1153	0
13	1153	0
15	1153	1
16	1153	0
17	1153	1
18	1153	0
19	1153	1
20	1153	0
21	1153	1
22	1153	0
23	1153	0
24	1153	0
25	1153	0
27	1153	0
28	1153	1
29	1153	0
30	1153	0
31	1153	1
32	1153	0
33	1153	0
34	1153	0
35	1153	0
36	1153	0
37	1153	0
38	1153	0
39	1153	1
40	1153	0
41	1153	1
42	1153	1
43	1153	0
44	1153	0
45	1153	0
47	1153	0
48	1153	0
49	1153	0
51	1153	0
53	1153	0
55	1153	0
56	1153	1
58	1153	0
59	1153	0
60	1153	0
61	1153	0
62	1153	0
63	1153	0
64	1153	1
65	1153	0
66	1153	0
67	1153	0
68	1153	0
69	1153	0
70	1153	0
71	1153	0
72	1153	0
73	1153	0
74	1153	0
75	1153	0
77	1153	0
78	1153	0
79	1153	1
80	1153	0
81	1153	0
83	1153	1
84	1153	0
85	1153	0
86	1153	0
87	1153	0
89	1153	0
90	1153	0
91	1153	0
92	1153	0
93	1153	0
94	1153	0
95	1153	0
96	1153	1
97	1153	0
98	1153	0
100	1153	0
101	1153	0
102	1153	1
103	1153	0
104	1153	0
105	1153	0
106	1153	0
107	1153	0
108	1153	0
109	1153	0
110	1153	0
111	1153	0
112	1153	0
113	1153	0
114	1153	0
115	1153	0
116	1153	0
117	1153	0
118	1153	0
120	1153	0
121	1153	0
124	1153	0
125	1153	0
129	1153	0
130	1153	0
131	1153	0
132	1153	0
133	1153	0
134	1153	1
135	1153	1
136	1153	0
137	1153	0
138	1153	0
139	1153	0
140	1153	0
141	1153	0
142	1153	0
143	1153	0
144	1153	0
145	1153	0
146	1153	0
147	1153	0
148	1153	0
149	1153	0
150	1153	1
151	1153	0
152	1153	0
153	1153	0
154	1153	0
155	1153	0
156	1153	1
157	1153	0
158	1153	0
159	1153	0
160	1153	0
161	1153	0
162	1153	0
163	1153	0
164	1153	0
165	1153	1
166	1153	0
167	1153	0
168	1153	0
169	1153	0
170	1153	0
171	1153	0
172	1153	0
173	1153	0
174	1153	0
175	1153	0
177	1153	0
178	1153	0
179	1153	0
180	1153	0
181	1153	0
182	1153	0
183	1153	0
184	1153	0
185	1153	0
186	1153	0
187	1153	0
188	1153	1
189	1153	0
190	1153	0
191	1153	0
193	1153	0
194	1153	0
195	1153	0
196	1153	0
197	1153	0
198	1153	0
199	1153	0
200	1153	0
201	1153	0
202	1153	0
203	1153	0
204	1153	0
206	1153	0
207	1153	1
208	1153	0
209	1153	0
210	1153	0
211	1153	0
212	1153	0
213	1153	0
214	1153	0
215	1153	0
216	1153	0
217	1153	0
218	1153	0
219	1153	0
220	1153	1
221	1153	0
222	1153	0
224	1153	0
225	1153	0
227	1153	0
228	1153	0
229	1153	0
230	1153	0
232	1153	0
233	1153	0
235	1153	0
237	1153	0
238	1153	0
239	1153	0
240	1153	1
245	1153	0
246	1153	0
247	1153	0
248	1153	0
249	1153	0
250	1153	0
251	1153	0
252	1153	0
253	1153	0
254	1153	1
255	1153	0
256	1153	0
257	1153	0
258	1153	0
259	1153	0
260	1153	0
261	1153	0
262	1153	0
263	1153	0
264	1153	0
265	1153	0
266	1153	0
267	1153	0
268	1153	0
271	1153	0
272	1153	0
273	1153	0
274	1153	0
275	1153	0
276	1153	1
277	1153	0
278	1153	0
280	1153	0
281	1153	0
282	1153	0
283	1153	0
284	1153	0
285	1153	0
286	1153	0
287	1153	0
288	1153	1
289	1153	0
290	1153	1
292	1153	0
293	1153	0
295	1153	0
296	1153	0
297	1153	0
298	1153	1
302	1153	0
303	1153	0
304	1153	0
305	1153	0
306	1153	0
308	1153	0
310	1153	0
311	1153	1
312	1153	0
313	1153	0
314	1153	0
315	1153	0
317	1153	0
318	1153	0
319	1153	0
321	1153	0
322	1153	0
323	1153	0
324	1153	0
325	1153	0
326	1153	0
327	1153	0
328	1153	0
329	1153	0
330	1153	0
331	1153	0
332	1153	0
333	1153	1
334	1153	0
336	1153	1
337	1153	0
338	1153	0
340	1153	0
341	1153	0
344	1153	1
345	1153	1
346	1153	0
347	1153	0
348	1153	0
349	1153	0
350	1153	0
351	1153	0
352	1153	0
353	1153	0
354	1153	0
355	1153	0
356	1153	0
357	1153	0
358	1153	0
359	1153	1
360	1153	1
361	1153	1
362	1153	0
363	1153	1
364	1153	0
365	1153	0
366	1153	0
367	1153	0
369	1153	0
370	1153	1
371	1153	1
372	1153	0
373	1153	0
374	1153	0
375	1153	0
376	1153	0
377	1153	0
378	1153	1
379	1153	0
381	1153	0
382	1153	0
383	1153	0
384	1153	0
385	1153	0
386	1153	1
387	1153	0
388	1153	0
389	1153	0
390	1153	1
391	1153	0
392	1153	0
393	1153	0
394	1153	0
395	1153	0
397	1153	0
398	1153	0
399	1153	0
401	1153	0
402	1153	0
403	1153	0
404	1153	0
405	1153	0
406	1153	0
407	1153	0
408	1153	1
409	1153	0
410	1153	0
412	1153	0
414	1153	0
415	1153	0
416	1153	0
417	1153	0
418	1153	0
419	1153	0
420	1153	0
421	1153	1
422	1153	0
423	1153	0
424	1153	0
425	1153	0
426	1153	0
427	1153	0
428	1153	0
429	1153	0
430	1153	0
431	1153	1
432	1153	0
434	1153	0
436	1153	0
437	1153	1
438	1153	0
439	1153	0
440	1153	0
441	1153	0
442	1153	0
444	1153	0
445	1153	0
446	1153	0
447	1153	0
449	1153	0
450	1153	0
451	1153	0
452	1153	0
453	1153	0
454	1153	0
455	1153	0
456	1153	0
457	1153	0
458	1153	0
459	1153	0
461	1153	0
462	1153	0
463	1153	0
464	1153	0
465	1153	1
466	1153	0
468	1153	0
469	1153	0
470	1153	1
471	1153	0
472	1153	0
473	1153	0
474	1153	0
475	1153	0
476	1153	0
477	1153	0
478	1153	0
479	1153	0
480	1153	0
481	1153	0
482	1153	0
483	1153	0
484	1153	0
486	1153	0
487	1153	0
488	1153	1
489	1153	0
490	1153	0
492	1153	0
493	1153	0
494	1153	0
496	1153	1
497	1153	1
498	1153	1
499	1153	0
500	1153	0
501	1153	0
502	1153	0
503	1153	1
504	1153	1
505	1153	0
506	1153	1
507	1153	0
508	1153	1
509	1153	1
510	1153	0
511	1153	0
512	1153	0
513	1153	0
514	1153	1
515	1153	0
516	1153	0
518	1153	0
519	1153	0
520	1153	1
521	1153	1
522	1153	0
523	1153	0
524	1153	0
525	1153	0
526	1153	0
527	1153	0
528	1153	0
530	1153	0
531	1153	0
533	1153	0
534	1153	0
535	1153	0
536	1153	0
538	1153	0
539	1153	0
541	1153	0
542	1153	0
543	1153	0
544	1153	0
545	1153	0
546	1153	0
547	1153	0
549	1153	0
550	1153	0
551	1153	0
553	1153	0
554	1153	0
555	1153	0
556	1153	0
557	1153	0
558	1153	0
559	1153	0
560	1153	0
561	1153	0
562	1153	0
563	1153	0
565	1153	0
566	1153	0
567	1153	0
568	1153	0
569	1153	0
571	1153	0
573	1153	0
574	1153	0
575	1153	0
576	1153	0
577	1153	0
578	1153	0
580	1153	0
583	1153	0
584	1153	0
585	1153	0
586	1153	0
587	1153	0
588	1153	0
589	1153	0
591	1153	0
593	1153	0
595	1153	0
596	1153	0
597	1153	0
598	1153	0
599	1153	0
600	1153	0
601	1153	0
602	1153	0
604	1153	0
605	1153	0
606	1153	0
607	1153	0
608	1153	0
609	1153	0
611	1153	0
612	1153	0
613	1153	0
614	1153	0
616	1153	0
617	1153	0
618	1153	0
619	1153	0
620	1153	0
621	1153	0
622	1153	0
624	1153	0
625	1153	0
626	1153	1
627	1153	0
628	1153	0
630	1153	0
632	1153	0
633	1153	0
634	1153	0
635	1153	0
636	1153	0
637	1153	0
638	1153	1
639	1153	0
640	1153	0
641	1153	0
642	1153	0
643	1153	1
644	1153	0
645	1153	1
646	1153	0
647	1153	0
648	1153	0
649	1153	0
650	1153	0
651	1153	0
652	1153	0
654	1153	0
655	1153	0
656	1153	0
657	1153	0
659	1153	0
660	1153	0
661	1153	1
662	1153	1
663	1153	0
664	1153	0
665	1153	1
666	1153	0
667	1153	0
668	1153	0
669	1153	0
670	1153	0
671	1153	1
672	1153	1
673	1153	0
674	1153	0
676	1153	0
677	1153	0
678	1153	0
679	1153	0
680	1153	0
681	1153	0
683	1153	0
684	1153	0
685	1153	1
686	1153	0
687	1153	1
688	1153	0
689	1153	0
690	1153	0
691	1153	1
692	1153	1
693	1153	1
694	1153	1
695	1153	0
696	1153	0
697	1153	0
698	1153	0
699	1153	0
700	1153	0
701	1153	1
703	1153	0
705	1153	0
706	1153	0
707	1153	0
709	1153	0
710	1153	1
711	1153	0
712	1153	0
713	1153	0
714	1153	0
715	1153	0
717	1153	0
718	1153	0
719	1153	0
720	1153	0
721	1153	1
722	1153	0
723	1153	0
724	1153	0
725	1153	0
726	1153	0
727	1153	0
728	1153	0
729	1153	1
730	1153	0
732	1153	1
734	1153	0
735	1153	0
736	1153	0
737	1153	0
738	1153	0
739	1153	0
740	1153	0
741	1153	0
742	1153	0
743	1153	0
744	1153	0
745	1153	0
746	1153	0
747	1153	1
748	1153	0
749	1153	1
752	1153	0
753	1153	0
754	1153	0
755	1153	0
756	1153	0
757	1153	1
758	1153	0
759	1153	0
760	1153	0
762	1153	0
764	1153	0
765	1153	0
766	1153	0
767	1153	0
768	1153	0
769	1153	0
770	1153	0
771	1153	0
772	1153	0
773	1153	0
775	1153	0
776	1153	0
777	1153	0
778	1153	0
780	1153	0
781	1153	1
782	1153	0
783	1153	0
784	1153	0
786	1153	0
787	1153	0
788	1153	0
790	1153	0
791	1153	0
792	1153	0
793	1153	1
794	1153	0
795	1153	0
796	1153	0
797	1153	0
798	1153	0
799	1153	0
800	1153	0
801	1153	0
802	1153	1
803	1153	0
804	1153	0
806	1153	0
807	1153	0
808	1153	0
810	1153	0
811	1153	1
814	1153	0
816	1153	0
818	1153	0
819	1153	0
820	1153	0
822	1153	0
823	1153	0
824	1153	0
825	1153	0
826	1153	0
827	1153	0
830	1153	1
831	1153	1
832	1153	1
833	1153	0
835	1153	0
836	1153	0
837	1153	0
838	1153	0
839	1153	0
840	1153	1
843	1153	0
844	1153	0
845	1153	0
848	1153	0
849	1153	0
850	1153	0
851	1153	1
852	1153	0
853	1153	0
854	1153	0
855	1153	0
856	1153	0
857	1153	0
861	1153	0
862	1153	0
863	1153	0
864	1153	0
866	1153	0
867	1153	0
868	1153	0
869	1153	0
871	1153	0
873	1153	1
875	1153	0
876	1153	0
877	1153	0
878	1153	0
880	1153	0
881	1153	0
882	1153	0
883	1153	0
884	1153	0
885	1153	0
887	1153	0
888	1153	0
889	1153	0
890	1153	0
891	1153	0
892	1153	0
893	1153	0
894	1153	0
895	1153	0
896	1153	0
897	1153	0
898	1153	0
899	1153	0
900	1153	0
901	1153	0
903	1153	0
904	1153	0
905	1153	0
907	1153	0
908	1153	1
909	1153	0
910	1153	0
911	1153	0
912	1153	0
913	1153	0
915	1153	0
916	1153	0
917	1153	1
918	1153	1
919	1153	0
920	1153	0
921	1153	0
922	1153	0
923	1153	0
924	1153	1
925	1153	0
926	1153	0
927	1153	0
928	1153	1
929	1153	0
934	1153	0
935	1153	0
936	1153	0
937	1153	0
939	1153	0
940	1153	0
941	1153	0
942	1153	0
943	1153	0
944	1153	0
945	1153	0
946	1153	0
948	1153	0
949	1153	0
950	1153	0
952	1153	0
953	1153	1
954	1153	1
955	1153	0
956	1153	1
957	1153	0
958	1153	0
959	1153	0
960	1153	0
961	1153	0
962	1153	0
963	1153	0
964	1153	0
965	1153	0
966	1153	0
967	1153	1
