0	1168	0
1	1168	0
2	1168	0
3	1168	0
4	1168	0
5	1168	0
6	1168	1
7	1168	0
8	1168	1
9	1168	0
10	1168	0
11	1168	1
12	1168	0
13	1168	1
16	1168	0
17	1168	0
18	1168	0
19	1168	1
20	1168	0
21	1168	0
22	1168	0
23	1168	0
24	1168	0
25	1168	1
26	1168	0
27	1168	1
30	1168	1
31	1168	1
32	1168	0
33	1168	0
34	1168	0
36	1168	0
37	1168	0
38	1168	0
39	1168	1
40	1168	0
41	1168	0
42	1168	0
43	1168	0
45	1168	0
46	1168	0
47	1168	0
48	1168	0
49	1168	0
51	1168	1
53	1168	1
54	1168	0
55	1168	0
56	1168	0
58	1168	0
59	1168	0
60	1168	0
61	1168	0
62	1168	0
63	1168	0
64	1168	1
65	1168	0
66	1168	0
67	1168	0
68	1168	0
69	1168	0
70	1168	0
71	1168	0
72	1168	0
74	1168	0
75	1168	0
77	1168	0
78	1168	0
79	1168	0
80	1168	0
81	1168	1
82	1168	0
83	1168	0
84	1168	0
85	1168	0
86	1168	0
87	1168	0
89	1168	0
90	1168	0
91	1168	0
92	1168	0
93	1168	0
94	1168	0
95	1168	0
96	1168	1
98	1168	0
99	1168	0
100	1168	1
101	1168	0
102	1168	0
103	1168	0
104	1168	0
105	1168	0
106	1168	0
107	1168	0
108	1168	0
109	1168	0
110	1168	0
111	1168	0
112	1168	0
113	1168	0
114	1168	0
115	1168	0
116	1168	0
117	1168	0
118	1168	0
120	1168	0
121	1168	0
124	1168	0
125	1168	0
129	1168	0
130	1168	0
131	1168	0
132	1168	0
133	1168	0
134	1168	0
135	1168	0
136	1168	0
137	1168	0
138	1168	0
139	1168	0
140	1168	0
141	1168	0
142	1168	0
143	1168	0
144	1168	0
145	1168	1
146	1168	0
147	1168	0
148	1168	0
149	1168	0
151	1168	0
152	1168	0
153	1168	0
154	1168	0
155	1168	0
156	1168	1
157	1168	0
158	1168	0
159	1168	0
160	1168	0
162	1168	0
163	1168	0
164	1168	0
165	1168	0
166	1168	0
167	1168	0
168	1168	0
169	1168	0
170	1168	0
171	1168	0
172	1168	0
173	1168	0
174	1168	0
175	1168	0
178	1168	0
179	1168	0
180	1168	0
181	1168	0
182	1168	0
183	1168	0
184	1168	0
185	1168	0
186	1168	0
187	1168	0
188	1168	1
190	1168	0
191	1168	0
192	1168	0
193	1168	0
194	1168	1
195	1168	0
196	1168	1
197	1168	0
198	1168	0
199	1168	0
200	1168	0
201	1168	0
202	1168	1
203	1168	0
204	1168	0
206	1168	0
207	1168	0
208	1168	0
209	1168	0
210	1168	0
211	1168	0
212	1168	0
213	1168	0
214	1168	1
215	1168	0
216	1168	0
217	1168	0
218	1168	0
219	1168	0
221	1168	1
222	1168	0
223	1168	0
224	1168	0
225	1168	0
227	1168	0
228	1168	0
229	1168	0
230	1168	0
232	1168	0
233	1168	0
234	1168	0
235	1168	0
236	1168	0
237	1168	0
239	1168	0
240	1168	0
245	1168	0
246	1168	0
247	1168	0
248	1168	0
249	1168	0
250	1168	0
251	1168	0
252	1168	0
253	1168	1
254	1168	0
255	1168	0
256	1168	0
257	1168	0
258	1168	1
259	1168	0
260	1168	0
261	1168	0
262	1168	0
263	1168	0
264	1168	0
265	1168	0
266	1168	0
267	1168	0
268	1168	0
270	1168	0
271	1168	0
272	1168	0
273	1168	0
274	1168	1
275	1168	0
277	1168	0
280	1168	0
281	1168	0
282	1168	0
283	1168	0
284	1168	0
285	1168	0
286	1168	0
287	1168	0
288	1168	0
289	1168	1
290	1168	1
291	1168	0
293	1168	0
295	1168	0
296	1168	0
298	1168	0
302	1168	0
303	1168	1
304	1168	0
305	1168	0
306	1168	0
308	1168	0
310	1168	0
312	1168	0
313	1168	0
314	1168	0
315	1168	0
316	1168	0
317	1168	0
318	1168	0
319	1168	0
321	1168	0
322	1168	0
323	1168	1
324	1168	0
325	1168	0
326	1168	0
327	1168	0
328	1168	0
329	1168	0
330	1168	0
331	1168	0
332	1168	0
333	1168	0
334	1168	0
336	1168	0
337	1168	0
338	1168	0
340	1168	0
341	1168	0
343	1168	0
344	1168	0
345	1168	1
346	1168	0
347	1168	0
348	1168	0
350	1168	0
351	1168	0
352	1168	0
353	1168	0
354	1168	0
355	1168	0
356	1168	0
357	1168	0
358	1168	0
359	1168	0
360	1168	0
361	1168	0
362	1168	0
363	1168	0
364	1168	0
365	1168	0
366	1168	0
367	1168	0
369	1168	1
370	1168	1
371	1168	0
372	1168	1
373	1168	1
374	1168	0
376	1168	0
377	1168	0
378	1168	0
379	1168	0
380	1168	0
381	1168	0
382	1168	0
383	1168	0
384	1168	0
385	1168	0
386	1168	0
387	1168	0
388	1168	0
389	1168	0
391	1168	0
392	1168	0
393	1168	0
394	1168	0
395	1168	0
397	1168	0
398	1168	0
399	1168	0
401	1168	0
402	1168	0
403	1168	1
404	1168	0
405	1168	0
406	1168	1
407	1168	0
408	1168	0
409	1168	0
410	1168	0
412	1168	0
414	1168	0
415	1168	0
416	1168	0
417	1168	0
418	1168	0
420	1168	0
421	1168	0
422	1168	0
423	1168	0
424	1168	1
425	1168	0
426	1168	0
428	1168	0
429	1168	0
430	1168	0
431	1168	0
432	1168	0
433	1168	0
434	1168	0
435	1168	0
436	1168	0
437	1168	0
438	1168	0
439	1168	0
440	1168	0
441	1168	0
442	1168	0
443	1168	0
444	1168	0
445	1168	0
446	1168	0
447	1168	1
448	1168	0
449	1168	0
450	1168	0
452	1168	0
453	1168	0
454	1168	0
455	1168	0
456	1168	0
458	1168	0
459	1168	0
461	1168	0
462	1168	0
464	1168	1
465	1168	0
466	1168	0
467	1168	0
468	1168	0
469	1168	0
470	1168	0
471	1168	0
472	1168	0
473	1168	0
474	1168	0
475	1168	0
476	1168	0
477	1168	0
478	1168	0
479	1168	0
480	1168	0
481	1168	0
483	1168	0
484	1168	0
485	1168	0
486	1168	0
487	1168	0
488	1168	0
489	1168	0
490	1168	0
491	1168	0
492	1168	0
494	1168	0
496	1168	0
497	1168	0
498	1168	0
499	1168	0
500	1168	0
501	1168	0
502	1168	0
503	1168	0
504	1168	1
505	1168	0
506	1168	0
507	1168	0
508	1168	0
509	1168	0
510	1168	0
511	1168	0
512	1168	0
513	1168	0
514	1168	1
515	1168	0
516	1168	0
517	1168	0
518	1168	0
519	1168	0
520	1168	0
521	1168	0
522	1168	0
523	1168	0
524	1168	0
525	1168	0
526	1168	0
527	1168	0
528	1168	0
529	1168	0
530	1168	0
531	1168	0
533	1168	0
534	1168	0
535	1168	0
536	1168	0
538	1168	0
539	1168	0
540	1168	0
541	1168	0
542	1168	0
543	1168	0
544	1168	0
545	1168	0
546	1168	0
547	1168	0
550	1168	0
551	1168	0
553	1168	0
555	1168	0
556	1168	0
557	1168	0
558	1168	0
560	1168	0
561	1168	0
562	1168	0
563	1168	0
565	1168	0
566	1168	0
567	1168	0
568	1168	0
569	1168	1
571	1168	0
574	1168	0
575	1168	0
576	1168	0
577	1168	0
579	1168	0
580	1168	0
581	1168	0
582	1168	0
583	1168	0
584	1168	0
585	1168	0
586	1168	0
588	1168	0
589	1168	0
591	1168	0
593	1168	0
595	1168	0
596	1168	0
597	1168	0
598	1168	0
599	1168	0
600	1168	0
601	1168	0
602	1168	0
604	1168	0
606	1168	0
607	1168	0
608	1168	0
609	1168	0
612	1168	0
613	1168	0
614	1168	0
615	1168	0
616	1168	0
617	1168	0
618	1168	0
619	1168	0
620	1168	0
621	1168	0
622	1168	0
624	1168	0
625	1168	0
627	1168	0
628	1168	0
630	1168	0
632	1168	0
633	1168	0
634	1168	0
635	1168	1
636	1168	0
637	1168	0
638	1168	1
639	1168	0
640	1168	0
641	1168	0
642	1168	0
643	1168	1
644	1168	0
645	1168	0
646	1168	0
648	1168	0
649	1168	1
650	1168	0
652	1168	1
653	1168	0
654	1168	0
655	1168	0
656	1168	0
657	1168	0
658	1168	0
659	1168	0
660	1168	0
661	1168	0
662	1168	0
663	1168	0
664	1168	0
665	1168	1
666	1168	0
667	1168	0
668	1168	0
669	1168	0
670	1168	0
671	1168	0
672	1168	0
673	1168	0
674	1168	0
675	1168	0
676	1168	0
677	1168	0
678	1168	0
679	1168	0
680	1168	0
681	1168	0
682	1168	0
683	1168	0
684	1168	0
685	1168	0
686	1168	0
687	1168	0
688	1168	0
689	1168	0
690	1168	1
691	1168	0
692	1168	1
693	1168	0
694	1168	0
695	1168	0
696	1168	0
698	1168	0
699	1168	0
700	1168	0
702	1168	0
703	1168	0
704	1168	0
705	1168	0
706	1168	1
707	1168	0
709	1168	0
710	1168	0
711	1168	0
712	1168	0
713	1168	0
714	1168	0
717	1168	0
718	1168	0
719	1168	0
720	1168	0
721	1168	1
722	1168	0
723	1168	0
724	1168	0
725	1168	1
726	1168	0
727	1168	0
728	1168	0
729	1168	1
730	1168	0
732	1168	0
733	1168	0
734	1168	0
735	1168	0
736	1168	0
737	1168	0
738	1168	0
739	1168	1
740	1168	0
741	1168	0
742	1168	0
745	1168	0
746	1168	0
747	1168	0
748	1168	0
749	1168	1
750	1168	1
752	1168	0
753	1168	0
754	1168	0
755	1168	0
756	1168	0
757	1168	0
758	1168	0
759	1168	0
760	1168	0
761	1168	0
762	1168	0
765	1168	0
766	1168	0
767	1168	0
768	1168	0
769	1168	0
770	1168	0
771	1168	0
772	1168	0
773	1168	0
775	1168	0
776	1168	0
777	1168	0
778	1168	0
779	1168	0
780	1168	0
781	1168	0
782	1168	0
783	1168	0
784	1168	0
785	1168	0
786	1168	0
787	1168	0
789	1168	0
790	1168	0
791	1168	0
792	1168	0
793	1168	0
794	1168	0
795	1168	0
796	1168	0
797	1168	0
799	1168	0
800	1168	0
801	1168	0
802	1168	0
803	1168	1
804	1168	0
805	1168	1
806	1168	1
807	1168	0
808	1168	0
810	1168	0
811	1168	0
814	1168	0
816	1168	0
818	1168	0
819	1168	0
820	1168	0
822	1168	0
823	1168	0
824	1168	0
825	1168	0
826	1168	0
827	1168	0
829	1168	1
830	1168	0
831	1168	0
832	1168	1
833	1168	1
834	1168	0
835	1168	0
836	1168	0
837	1168	0
838	1168	1
839	1168	0
840	1168	0
843	1168	0
844	1168	0
845	1168	0
848	1168	0
849	1168	0
850	1168	0
852	1168	0
853	1168	0
854	1168	0
855	1168	0
856	1168	0
857	1168	0
860	1168	0
861	1168	0
862	1168	0
863	1168	1
864	1168	0
866	1168	0
867	1168	0
868	1168	0
869	1168	0
870	1168	0
871	1168	0
872	1168	0
873	1168	0
874	1168	0
875	1168	0
876	1168	0
877	1168	0
878	1168	0
880	1168	0
881	1168	0
882	1168	0
883	1168	0
884	1168	0
885	1168	0
887	1168	0
888	1168	0
889	1168	0
890	1168	0
891	1168	1
892	1168	0
893	1168	0
894	1168	0
895	1168	0
896	1168	0
897	1168	0
899	1168	0
900	1168	0
901	1168	0
902	1168	1
905	1168	0
907	1168	0
910	1168	0
911	1168	0
912	1168	0
913	1168	0
914	1168	0
915	1168	0
916	1168	0
917	1168	0
918	1168	0
919	1168	0
921	1168	1
922	1168	0
923	1168	1
924	1168	1
925	1168	0
926	1168	0
927	1168	0
928	1168	1
929	1168	0
931	1168	0
933	1168	0
934	1168	0
935	1168	0
936	1168	0
937	1168	0
938	1168	0
939	1168	0
940	1168	0
941	1168	0
943	1168	0
944	1168	0
945	1168	0
946	1168	0
948	1168	0
949	1168	0
950	1168	0
952	1168	0
953	1168	1
954	1168	0
955	1168	0
956	1168	0
957	1168	0
958	1168	0
959	1168	0
960	1168	0
961	1168	0
962	1168	0
963	1168	0
964	1168	0
965	1168	1
966	1168	0
967	1168	0
