0	1116	0
1	1116	1
2	1116	0
3	1116	0
4	1116	0
5	1116	0
6	1116	0
7	1116	0
8	1116	1
9	1116	0
10	1116	0
11	1116	0
12	1116	0
13	1116	0
14	1116	0
15	1116	0
16	1116	0
17	1116	1
18	1116	0
19	1116	0
20	1116	0
21	1116	0
22	1116	0
23	1116	0
24	1116	0
26	1116	0
27	1116	0
28	1116	0
29	1116	0
30	1116	0
31	1116	1
32	1116	1
33	1116	0
34	1116	1
35	1116	0
36	1116	1
37	1116	0
38	1116	0
39	1116	1
40	1116	0
42	1116	0
43	1116	0
44	1116	0
45	1116	0
46	1116	0
47	1116	1
48	1116	0
49	1116	0
50	1116	0
51	1116	0
52	1116	0
53	1116	0
54	1116	0
55	1116	0
56	1116	0
57	1116	0
58	1116	0
59	1116	1
60	1116	0
61	1116	0
62	1116	0
64	1116	0
65	1116	0
66	1116	0
67	1116	0
68	1116	0
69	1116	0
70	1116	1
71	1116	1
72	1116	0
73	1116	0
74	1116	0
75	1116	0
76	1116	0
77	1116	0
78	1116	0
79	1116	0
80	1116	0
81	1116	0
82	1116	0
83	1116	0
84	1116	0
85	1116	0
86	1116	0
87	1116	0
88	1116	0
89	1116	0
90	1116	0
91	1116	0
92	1116	0
93	1116	0
94	1116	0
95	1116	0
96	1116	1
97	1116	0
98	1116	0
99	1116	0
100	1116	1
101	1116	0
102	1116	0
103	1116	0
104	1116	0
105	1116	0
106	1116	0
109	1116	0
111	1116	0
112	1116	1
113	1116	0
114	1116	0
115	1116	0
116	1116	0
117	1116	0
118	1116	0
119	1116	0
120	1116	0
121	1116	0
122	1116	0
123	1116	0
124	1116	0
125	1116	1
126	1116	0
127	1116	1
129	1116	0
130	1116	0
131	1116	0
132	1116	0
133	1116	0
134	1116	0
136	1116	0
137	1116	0
138	1116	1
139	1116	0
140	1116	1
141	1116	0
142	1116	0
143	1116	0
144	1116	0
145	1116	1
146	1116	0
147	1116	0
148	1116	0
149	1116	0
150	1116	0
151	1116	0
152	1116	1
153	1116	0
154	1116	0
155	1116	0
156	1116	0
157	1116	0
158	1116	0
159	1116	0
160	1116	1
161	1116	0
162	1116	0
163	1116	1
165	1116	0
166	1116	0
167	1116	0
168	1116	0
169	1116	0
170	1116	0
171	1116	1
172	1116	1
173	1116	0
174	1116	0
175	1116	0
177	1116	0
178	1116	0
179	1116	0
180	1116	0
182	1116	1
183	1116	0
184	1116	0
185	1116	0
186	1116	0
187	1116	0
188	1116	0
189	1116	0
190	1116	0
191	1116	1
192	1116	0
193	1116	1
194	1116	1
195	1116	0
196	1116	1
197	1116	1
198	1116	0
199	1116	0
200	1116	0
201	1116	0
202	1116	0
203	1116	1
204	1116	1
206	1116	1
207	1116	1
208	1116	1
210	1116	0
211	1116	1
212	1116	1
213	1116	0
214	1116	1
215	1116	0
216	1116	0
217	1116	0
218	1116	0
219	1116	0
220	1116	0
222	1116	0
223	1116	0
224	1116	1
225	1116	0
226	1116	0
227	1116	1
228	1116	0
229	1116	0
230	1116	0
231	1116	0
232	1116	1
233	1116	0
234	1116	1
235	1116	0
236	1116	0
237	1116	0
238	1116	0
239	1116	0
240	1116	0
241	1116	0
242	1116	0
244	1116	0
245	1116	0
247	1116	0
248	1116	0
249	1116	0
250	1116	0
251	1116	1
252	1116	0
253	1116	1
254	1116	0
255	1116	1
256	1116	0
258	1116	0
259	1116	0
260	1116	0
261	1116	0
262	1116	0
263	1116	0
264	1116	0
265	1116	0
266	1116	0
267	1116	0
268	1116	0
269	1116	1
270	1116	0
271	1116	0
272	1116	0
273	1116	0
274	1116	0
275	1116	0
276	1116	0
277	1116	0
278	1116	0
279	1116	0
280	1116	0
281	1116	0
282	1116	0
283	1116	0
284	1116	0
285	1116	0
286	1116	0
287	1116	0
288	1116	0
289	1116	1
290	1116	1
291	1116	0
292	1116	0
293	1116	0
294	1116	0
295	1116	0
296	1116	0
297	1116	0
298	1116	0
299	1116	0
300	1116	0
301	1116	0
302	1116	0
303	1116	0
304	1116	0
305	1116	0
306	1116	0
307	1116	0
308	1116	0
309	1116	0
310	1116	0
311	1116	0
312	1116	0
313	1116	0
314	1116	0
315	1116	0
316	1116	0
317	1116	0
318	1116	0
319	1116	0
320	1116	0
321	1116	0
322	1116	0
323	1116	0
324	1116	0
325	1116	0
326	1116	0
327	1116	1
328	1116	0
329	1116	0
330	1116	0
331	1116	0
333	1116	0
335	1116	0
336	1116	0
337	1116	0
338	1116	0
339	1116	0
340	1116	0
342	1116	0
343	1116	0
344	1116	0
346	1116	0
347	1116	0
348	1116	0
349	1116	0
350	1116	0
351	1116	0
352	1116	0
354	1116	0
355	1116	0
357	1116	0
358	1116	0
359	1116	1
360	1116	1
361	1116	1
363	1116	0
364	1116	0
365	1116	0
366	1116	0
367	1116	0
368	1116	0
371	1116	0
372	1116	0
373	1116	1
374	1116	1
377	1116	0
378	1116	1
379	1116	0
380	1116	0
381	1116	0
382	1116	0
383	1116	0
384	1116	0
385	1116	0
386	1116	0
387	1116	0
388	1116	0
389	1116	1
390	1116	1
391	1116	0
393	1116	0
394	1116	0
395	1116	1
396	1116	0
398	1116	0
399	1116	0
400	1116	0
401	1116	0
402	1116	0
403	1116	0
404	1116	1
405	1116	0
406	1116	0
407	1116	1
408	1116	0
409	1116	0
410	1116	0
411	1116	0
412	1116	0
413	1116	0
414	1116	0
415	1116	0
416	1116	0
417	1116	0
418	1116	0
419	1116	0
420	1116	0
421	1116	0
422	1116	0
423	1116	0
424	1116	0
425	1116	0
426	1116	0
427	1116	0
428	1116	0
429	1116	0
431	1116	0
432	1116	0
433	1116	0
434	1116	0
435	1116	0
436	1116	1
437	1116	0
438	1116	0
439	1116	0
440	1116	0
441	1116	0
442	1116	0
443	1116	0
444	1116	0
445	1116	0
446	1116	1
447	1116	0
448	1116	0
449	1116	1
450	1116	0
451	1116	0
452	1116	0
453	1116	0
454	1116	0
455	1116	0
456	1116	0
457	1116	0
458	1116	0
459	1116	0
460	1116	0
461	1116	0
462	1116	0
463	1116	0
464	1116	1
465	1116	1
466	1116	0
467	1116	0
468	1116	0
469	1116	0
470	1116	1
471	1116	0
472	1116	0
473	1116	1
474	1116	0
475	1116	0
476	1116	0
477	1116	0
478	1116	0
480	1116	0
481	1116	0
482	1116	0
483	1116	0
484	1116	0
485	1116	0
486	1116	0
487	1116	0
489	1116	1
490	1116	0
491	1116	0
492	1116	0
493	1116	0
495	1116	0
496	1116	1
497	1116	1
499	1116	0
500	1116	0
501	1116	0
502	1116	0
503	1116	1
505	1116	1
506	1116	0
508	1116	0
509	1116	1
510	1116	0
511	1116	0
512	1116	0
513	1116	0
514	1116	1
515	1116	1
516	1116	0
517	1116	0
518	1116	1
519	1116	1
520	1116	1
521	1116	0
522	1116	0
523	1116	0
524	1116	0
525	1116	1
526	1116	0
527	1116	0
528	1116	0
529	1116	0
531	1116	0
533	1116	1
534	1116	0
536	1116	0
537	1116	0
538	1116	0
540	1116	0
541	1116	0
542	1116	0
543	1116	0
544	1116	0
546	1116	0
547	1116	0
548	1116	0
549	1116	0
550	1116	0
551	1116	0
553	1116	0
554	1116	0
555	1116	0
556	1116	0
557	1116	0
558	1116	0
559	1116	0
560	1116	0
561	1116	0
562	1116	0
563	1116	0
564	1116	0
565	1116	0
566	1116	0
567	1116	0
568	1116	0
569	1116	0
570	1116	0
571	1116	0
572	1116	0
573	1116	0
574	1116	0
575	1116	0
576	1116	0
577	1116	0
578	1116	0
579	1116	0
580	1116	0
582	1116	0
583	1116	0
584	1116	0
585	1116	1
586	1116	1
587	1116	0
588	1116	0
589	1116	0
590	1116	0
591	1116	0
592	1116	0
593	1116	0
594	1116	0
595	1116	0
596	1116	0
597	1116	0
598	1116	0
599	1116	0
600	1116	0
601	1116	0
602	1116	0
604	1116	0
605	1116	1
606	1116	0
607	1116	0
608	1116	0
609	1116	0
611	1116	0
612	1116	1
613	1116	0
614	1116	1
615	1116	0
616	1116	0
617	1116	0
618	1116	0
619	1116	0
620	1116	1
621	1116	0
622	1116	0
624	1116	0
625	1116	0
626	1116	0
627	1116	0
628	1116	0
630	1116	0
631	1116	0
632	1116	0
633	1116	0
635	1116	0
636	1116	0
637	1116	1
640	1116	0
641	1116	0
642	1116	0
643	1116	0
644	1116	0
645	1116	1
646	1116	0
647	1116	0
648	1116	0
649	1116	1
650	1116	0
651	1116	0
652	1116	1
653	1116	0
654	1116	0
655	1116	0
656	1116	1
657	1116	1
658	1116	0
659	1116	0
660	1116	0
661	1116	1
662	1116	1
663	1116	1
664	1116	1
666	1116	0
667	1116	1
668	1116	0
669	1116	0
670	1116	0
671	1116	0
672	1116	0
673	1116	1
674	1116	0
675	1116	0
676	1116	0
677	1116	0
678	1116	0
679	1116	1
680	1116	0
681	1116	0
682	1116	0
683	1116	0
684	1116	0
685	1116	0
686	1116	0
687	1116	0
688	1116	0
689	1116	1
690	1116	0
691	1116	1
692	1116	1
693	1116	0
694	1116	1
695	1116	1
696	1116	0
697	1116	0
698	1116	1
699	1116	0
700	1116	0
701	1116	0
702	1116	0
703	1116	0
704	1116	0
705	1116	0
706	1116	0
707	1116	0
708	1116	0
709	1116	0
710	1116	0
711	1116	0
712	1116	0
713	1116	1
714	1116	0
715	1116	1
716	1116	0
717	1116	0
718	1116	0
719	1116	0
720	1116	0
721	1116	1
722	1116	0
723	1116	0
724	1116	0
725	1116	0
726	1116	0
727	1116	1
728	1116	0
730	1116	0
731	1116	0
732	1116	1
733	1116	0
734	1116	0
735	1116	0
736	1116	0
737	1116	1
738	1116	1
739	1116	0
740	1116	0
741	1116	0
742	1116	1
743	1116	0
744	1116	0
745	1116	1
746	1116	0
747	1116	0
748	1116	1
749	1116	1
750	1116	1
751	1116	0
752	1116	1
753	1116	0
754	1116	0
755	1116	0
756	1116	0
757	1116	0
758	1116	0
759	1116	0
760	1116	0
761	1116	0
762	1116	0
763	1116	0
764	1116	0
765	1116	0
767	1116	0
768	1116	0
769	1116	0
770	1116	0
771	1116	0
772	1116	0
773	1116	0
774	1116	1
775	1116	0
776	1116	0
777	1116	0
778	1116	0
779	1116	0
780	1116	1
782	1116	0
783	1116	0
784	1116	0
785	1116	0
786	1116	0
787	1116	0
788	1116	0
789	1116	0
790	1116	0
791	1116	0
793	1116	0
794	1116	0
795	1116	0
796	1116	1
797	1116	0
798	1116	0
799	1116	0
800	1116	0
801	1116	0
802	1116	0
803	1116	0
804	1116	0
806	1116	0
807	1116	0
808	1116	1
809	1116	0
810	1116	0
811	1116	0
812	1116	0
813	1116	0
814	1116	0
816	1116	1
817	1116	0
818	1116	1
819	1116	0
820	1116	0
821	1116	0
822	1116	0
823	1116	0
824	1116	0
825	1116	0
826	1116	0
827	1116	1
828	1116	0
829	1116	1
830	1116	1
831	1116	1
832	1116	1
833	1116	1
834	1116	1
835	1116	0
836	1116	1
837	1116	0
839	1116	1
840	1116	1
841	1116	0
842	1116	0
843	1116	0
844	1116	0
845	1116	0
846	1116	0
847	1116	0
848	1116	0
849	1116	0
850	1116	0
851	1116	0
852	1116	0
853	1116	0
854	1116	0
855	1116	0
856	1116	0
857	1116	0
858	1116	0
859	1116	0
860	1116	0
861	1116	0
862	1116	1
863	1116	0
864	1116	0
865	1116	0
866	1116	0
867	1116	1
868	1116	0
869	1116	0
870	1116	1
872	1116	0
873	1116	0
874	1116	0
875	1116	0
876	1116	0
877	1116	0
878	1116	0
879	1116	0
880	1116	0
881	1116	0
882	1116	0
883	1116	0
884	1116	0
885	1116	0
886	1116	0
887	1116	0
888	1116	0
889	1116	0
890	1116	0
891	1116	0
892	1116	0
893	1116	0
894	1116	0
895	1116	1
896	1116	0
897	1116	0
898	1116	0
900	1116	1
901	1116	0
902	1116	0
903	1116	0
904	1116	0
905	1116	0
906	1116	0
907	1116	0
908	1116	0
909	1116	0
910	1116	0
911	1116	0
912	1116	0
913	1116	0
914	1116	0
916	1116	0
917	1116	0
918	1116	0
919	1116	0
920	1116	0
921	1116	1
922	1116	0
923	1116	0
924	1116	1
925	1116	0
926	1116	0
927	1116	0
928	1116	0
930	1116	0
931	1116	0
933	1116	1
934	1116	0
935	1116	1
936	1116	0
937	1116	1
938	1116	0
939	1116	0
940	1116	0
941	1116	0
942	1116	0
943	1116	1
944	1116	0
945	1116	0
946	1116	0
947	1116	0
948	1116	0
949	1116	0
950	1116	0
952	1116	0
953	1116	0
954	1116	0
955	1116	0
956	1116	0
958	1116	1
959	1116	0
961	1116	0
962	1116	0
963	1116	1
964	1116	0
965	1116	1
967	1116	0
