0	1076	0
1	1076	0
2	1076	0
3	1076	0
4	1076	0
5	1076	0
6	1076	0
7	1076	0
8	1076	1
9	1076	0
10	1076	0
11	1076	0
12	1076	0
13	1076	0
14	1076	0
15	1076	0
16	1076	0
17	1076	1
18	1076	0
19	1076	0
20	1076	0
21	1076	0
22	1076	0
23	1076	0
24	1076	0
26	1076	0
27	1076	0
28	1076	0
29	1076	0
30	1076	0
31	1076	1
32	1076	1
33	1076	0
34	1076	0
35	1076	0
36	1076	0
37	1076	0
38	1076	0
39	1076	1
40	1076	0
42	1076	0
43	1076	0
44	1076	0
45	1076	0
46	1076	0
47	1076	1
48	1076	0
49	1076	0
50	1076	0
51	1076	0
52	1076	0
53	1076	0
54	1076	0
55	1076	0
56	1076	0
57	1076	0
58	1076	0
59	1076	1
60	1076	0
61	1076	0
62	1076	0
64	1076	0
65	1076	0
66	1076	0
67	1076	0
68	1076	0
69	1076	0
70	1076	1
71	1076	0
72	1076	0
73	1076	0
74	1076	0
75	1076	0
76	1076	0
77	1076	0
78	1076	0
79	1076	0
80	1076	0
81	1076	0
82	1076	0
83	1076	0
84	1076	0
85	1076	0
86	1076	0
87	1076	0
88	1076	0
89	1076	0
90	1076	0
91	1076	0
92	1076	0
93	1076	0
94	1076	0
95	1076	0
96	1076	1
97	1076	0
98	1076	0
99	1076	0
100	1076	0
101	1076	0
102	1076	0
103	1076	0
104	1076	0
105	1076	0
106	1076	0
109	1076	0
111	1076	0
112	1076	0
113	1076	0
114	1076	0
115	1076	0
116	1076	0
117	1076	0
118	1076	0
119	1076	0
120	1076	0
121	1076	0
122	1076	0
123	1076	0
124	1076	0
125	1076	0
126	1076	0
127	1076	1
129	1076	0
130	1076	0
131	1076	0
132	1076	0
133	1076	0
134	1076	0
136	1076	0
137	1076	1
138	1076	1
139	1076	0
140	1076	0
141	1076	0
142	1076	0
143	1076	0
144	1076	0
145	1076	0
146	1076	0
147	1076	0
148	1076	0
149	1076	0
150	1076	0
151	1076	0
152	1076	0
153	1076	0
154	1076	0
155	1076	0
156	1076	0
157	1076	0
158	1076	0
159	1076	0
160	1076	0
161	1076	0
162	1076	0
163	1076	0
165	1076	0
166	1076	0
167	1076	0
168	1076	0
169	1076	0
170	1076	0
171	1076	0
172	1076	1
173	1076	0
174	1076	0
175	1076	0
177	1076	0
178	1076	0
179	1076	0
180	1076	0
182	1076	0
183	1076	0
184	1076	0
185	1076	0
186	1076	0
187	1076	0
188	1076	0
189	1076	1
190	1076	0
191	1076	0
192	1076	1
193	1076	0
194	1076	0
195	1076	0
196	1076	1
197	1076	1
198	1076	0
199	1076	0
200	1076	0
201	1076	0
202	1076	0
203	1076	1
204	1076	0
206	1076	0
207	1076	0
208	1076	1
210	1076	0
211	1076	1
212	1076	0
213	1076	0
214	1076	0
215	1076	0
216	1076	0
217	1076	0
218	1076	0
219	1076	0
220	1076	0
222	1076	0
223	1076	0
224	1076	0
225	1076	0
226	1076	0
227	1076	0
228	1076	0
229	1076	0
230	1076	0
231	1076	0
232	1076	0
233	1076	0
234	1076	0
235	1076	0
236	1076	0
237	1076	0
238	1076	0
239	1076	0
240	1076	0
241	1076	0
242	1076	0
244	1076	0
245	1076	0
246	1076	0
247	1076	0
248	1076	0
249	1076	0
250	1076	0
251	1076	0
252	1076	0
253	1076	0
254	1076	0
255	1076	1
256	1076	0
258	1076	0
259	1076	0
260	1076	0
261	1076	0
262	1076	0
263	1076	1
264	1076	0
265	1076	0
266	1076	0
267	1076	0
268	1076	0
269	1076	1
270	1076	0
271	1076	0
272	1076	0
274	1076	1
275	1076	1
276	1076	0
277	1076	0
278	1076	1
279	1076	0
280	1076	0
281	1076	0
282	1076	0
283	1076	0
284	1076	0
285	1076	0
286	1076	0
287	1076	0
288	1076	0
289	1076	0
290	1076	0
291	1076	0
292	1076	0
293	1076	0
294	1076	0
295	1076	0
296	1076	0
297	1076	0
298	1076	0
299	1076	0
300	1076	0
301	1076	0
302	1076	0
303	1076	0
304	1076	0
305	1076	0
306	1076	0
307	1076	0
308	1076	0
309	1076	0
310	1076	0
311	1076	0
312	1076	0
313	1076	0
314	1076	0
315	1076	0
316	1076	0
317	1076	0
318	1076	0
319	1076	0
320	1076	0
321	1076	0
322	1076	0
323	1076	0
324	1076	0
325	1076	0
326	1076	0
327	1076	0
328	1076	0
329	1076	0
330	1076	0
331	1076	0
333	1076	0
335	1076	0
336	1076	0
337	1076	0
338	1076	0
339	1076	0
340	1076	0
341	1076	0
342	1076	0
343	1076	0
344	1076	0
346	1076	0
347	1076	0
348	1076	0
349	1076	0
350	1076	0
351	1076	0
352	1076	0
354	1076	0
355	1076	0
357	1076	0
358	1076	0
359	1076	0
360	1076	0
361	1076	0
363	1076	0
364	1076	0
365	1076	0
366	1076	0
367	1076	0
368	1076	0
370	1076	1
371	1076	0
372	1076	0
373	1076	1
374	1076	0
375	1076	0
377	1076	0
378	1076	1
379	1076	0
380	1076	0
381	1076	0
382	1076	0
383	1076	0
384	1076	0
385	1076	0
386	1076	0
387	1076	0
388	1076	0
389	1076	0
390	1076	0
391	1076	0
393	1076	0
394	1076	0
395	1076	0
396	1076	0
398	1076	0
399	1076	0
400	1076	0
401	1076	0
402	1076	0
403	1076	0
404	1076	0
405	1076	0
406	1076	0
407	1076	0
408	1076	0
409	1076	0
410	1076	0
411	1076	0
412	1076	0
413	1076	0
414	1076	0
415	1076	0
416	1076	0
417	1076	0
418	1076	0
419	1076	0
420	1076	0
421	1076	1
422	1076	0
423	1076	0
424	1076	0
425	1076	0
426	1076	0
427	1076	0
428	1076	0
429	1076	0
431	1076	0
432	1076	0
433	1076	0
434	1076	0
435	1076	0
436	1076	1
437	1076	0
438	1076	0
439	1076	0
440	1076	0
441	1076	0
442	1076	0
443	1076	0
444	1076	0
445	1076	0
446	1076	1
447	1076	0
448	1076	0
449	1076	0
450	1076	0
451	1076	0
452	1076	0
453	1076	0
454	1076	0
455	1076	0
456	1076	0
457	1076	0
458	1076	0
459	1076	0
460	1076	0
461	1076	0
462	1076	0
463	1076	0
464	1076	0
465	1076	0
466	1076	0
467	1076	0
468	1076	0
469	1076	0
470	1076	0
471	1076	0
472	1076	0
473	1076	0
474	1076	0
475	1076	0
476	1076	0
477	1076	0
478	1076	0
480	1076	0
481	1076	0
482	1076	0
483	1076	0
484	1076	0
485	1076	0
486	1076	0
487	1076	0
489	1076	0
490	1076	0
491	1076	0
492	1076	0
493	1076	0
495	1076	0
496	1076	0
497	1076	1
499	1076	0
500	1076	0
501	1076	0
502	1076	0
503	1076	1
505	1076	1
506	1076	0
508	1076	0
509	1076	1
510	1076	0
511	1076	0
512	1076	0
513	1076	0
514	1076	1
515	1076	0
516	1076	0
517	1076	0
518	1076	1
519	1076	0
520	1076	1
521	1076	0
522	1076	0
523	1076	0
524	1076	0
525	1076	0
526	1076	0
527	1076	0
528	1076	0
529	1076	0
531	1076	0
533	1076	0
534	1076	0
536	1076	0
537	1076	0
538	1076	0
540	1076	0
541	1076	0
542	1076	0
543	1076	0
544	1076	0
546	1076	0
547	1076	0
548	1076	0
549	1076	0
550	1076	0
551	1076	0
553	1076	0
554	1076	0
555	1076	0
556	1076	0
557	1076	0
558	1076	0
559	1076	0
560	1076	0
561	1076	0
562	1076	0
563	1076	0
564	1076	0
565	1076	0
566	1076	0
567	1076	0
568	1076	0
569	1076	0
570	1076	0
571	1076	0
572	1076	0
574	1076	0
575	1076	0
576	1076	0
577	1076	0
578	1076	0
579	1076	0
580	1076	0
582	1076	0
583	1076	0
584	1076	0
585	1076	1
586	1076	0
587	1076	0
588	1076	0
589	1076	0
590	1076	0
591	1076	0
592	1076	0
593	1076	0
594	1076	0
595	1076	0
596	1076	0
597	1076	0
598	1076	0
599	1076	0
600	1076	0
601	1076	0
602	1076	0
604	1076	0
605	1076	0
606	1076	0
607	1076	0
608	1076	0
609	1076	0
611	1076	0
612	1076	1
613	1076	0
614	1076	1
615	1076	0
616	1076	0
617	1076	1
618	1076	0
619	1076	0
620	1076	0
621	1076	0
622	1076	0
624	1076	0
625	1076	0
626	1076	0
627	1076	0
628	1076	0
630	1076	1
631	1076	1
632	1076	0
633	1076	0
635	1076	0
636	1076	0
637	1076	0
640	1076	0
641	1076	0
642	1076	0
643	1076	0
644	1076	0
645	1076	1
646	1076	0
647	1076	0
648	1076	0
649	1076	1
650	1076	0
651	1076	0
652	1076	1
653	1076	0
654	1076	0
655	1076	0
656	1076	0
657	1076	0
658	1076	0
659	1076	0
660	1076	0
661	1076	0
662	1076	1
663	1076	1
664	1076	0
666	1076	0
667	1076	0
668	1076	0
669	1076	0
670	1076	0
671	1076	0
672	1076	0
673	1076	0
674	1076	0
675	1076	0
676	1076	0
677	1076	0
678	1076	0
679	1076	0
680	1076	0
681	1076	0
682	1076	0
683	1076	0
684	1076	0
685	1076	0
686	1076	0
687	1076	0
688	1076	0
689	1076	0
690	1076	0
691	1076	0
692	1076	1
693	1076	0
694	1076	0
695	1076	0
696	1076	0
697	1076	0
698	1076	0
699	1076	0
700	1076	0
701	1076	0
702	1076	0
703	1076	0
704	1076	0
705	1076	0
706	1076	0
707	1076	0
708	1076	0
709	1076	0
710	1076	0
711	1076	0
712	1076	0
713	1076	1
714	1076	0
715	1076	0
716	1076	0
717	1076	0
718	1076	0
719	1076	0
720	1076	0
721	1076	1
722	1076	0
723	1076	0
724	1076	0
725	1076	0
726	1076	0
727	1076	0
728	1076	0
730	1076	0
731	1076	0
732	1076	1
733	1076	0
734	1076	0
735	1076	0
736	1076	0
737	1076	0
738	1076	0
739	1076	0
740	1076	0
741	1076	0
742	1076	0
743	1076	0
744	1076	0
745	1076	0
746	1076	0
747	1076	1
748	1076	1
749	1076	0
750	1076	1
751	1076	0
752	1076	0
753	1076	0
754	1076	0
755	1076	0
756	1076	0
757	1076	0
758	1076	0
759	1076	0
760	1076	0
761	1076	0
762	1076	0
763	1076	0
764	1076	0
765	1076	0
767	1076	0
768	1076	0
769	1076	0
770	1076	0
771	1076	0
772	1076	0
773	1076	0
774	1076	1
775	1076	0
776	1076	0
777	1076	0
778	1076	0
779	1076	0
780	1076	1
782	1076	0
783	1076	0
784	1076	0
785	1076	0
786	1076	0
787	1076	0
788	1076	0
789	1076	0
790	1076	0
791	1076	0
793	1076	0
794	1076	0
795	1076	0
796	1076	0
797	1076	0
798	1076	0
799	1076	0
800	1076	0
801	1076	0
802	1076	0
803	1076	0
804	1076	0
806	1076	0
807	1076	0
808	1076	1
809	1076	0
810	1076	0
811	1076	0
812	1076	0
813	1076	0
814	1076	0
816	1076	0
817	1076	0
818	1076	0
819	1076	0
820	1076	0
821	1076	0
822	1076	0
823	1076	0
824	1076	0
825	1076	0
826	1076	0
827	1076	1
828	1076	0
829	1076	0
830	1076	1
831	1076	0
832	1076	0
833	1076	1
834	1076	0
835	1076	0
836	1076	0
837	1076	0
839	1076	0
840	1076	1
841	1076	0
842	1076	0
843	1076	0
844	1076	0
845	1076	0
846	1076	0
847	1076	0
848	1076	0
849	1076	0
850	1076	0
851	1076	0
852	1076	0
853	1076	0
854	1076	0
855	1076	0
856	1076	0
857	1076	0
858	1076	0
859	1076	0
860	1076	0
861	1076	0
862	1076	0
863	1076	0
864	1076	0
865	1076	0
866	1076	0
867	1076	0
868	1076	0
869	1076	0
870	1076	0
872	1076	0
873	1076	0
874	1076	0
875	1076	0
876	1076	0
877	1076	0
878	1076	0
879	1076	0
880	1076	0
881	1076	0
882	1076	0
883	1076	0
884	1076	0
885	1076	0
886	1076	0
887	1076	0
888	1076	0
889	1076	0
890	1076	0
891	1076	0
892	1076	0
893	1076	0
894	1076	0
895	1076	0
896	1076	0
897	1076	0
898	1076	0
900	1076	0
901	1076	0
902	1076	0
903	1076	0
904	1076	0
905	1076	0
906	1076	0
907	1076	0
908	1076	0
909	1076	0
910	1076	0
911	1076	0
912	1076	0
913	1076	0
914	1076	0
916	1076	0
917	1076	0
918	1076	0
919	1076	0
920	1076	0
921	1076	0
922	1076	0
923	1076	0
924	1076	0
925	1076	0
926	1076	0
927	1076	0
928	1076	0
930	1076	0
931	1076	0
933	1076	1
934	1076	0
935	1076	0
936	1076	0
937	1076	0
938	1076	0
939	1076	0
940	1076	0
941	1076	0
942	1076	0
943	1076	0
944	1076	0
945	1076	0
946	1076	0
947	1076	0
948	1076	0
949	1076	0
950	1076	0
952	1076	0
953	1076	0
954	1076	0
955	1076	0
956	1076	0
958	1076	0
959	1076	0
961	1076	0
962	1076	0
963	1076	0
964	1076	0
965	1076	1
967	1076	0
