0	1145	0
1	1145	0
2	1145	0
3	1145	0
4	1145	0
5	1145	0
6	1145	0
7	1145	0
8	1145	1
10	1145	0
11	1145	0
12	1145	0
13	1145	0
15	1145	0
16	1145	0
17	1145	0
18	1145	1
19	1145	0
20	1145	0
21	1145	0
22	1145	0
23	1145	0
24	1145	0
25	1145	0
27	1145	0
28	1145	0
29	1145	0
30	1145	0
31	1145	1
32	1145	0
33	1145	0
34	1145	0
35	1145	0
36	1145	0
37	1145	0
38	1145	0
39	1145	1
40	1145	0
41	1145	0
42	1145	0
43	1145	0
44	1145	0
45	1145	0
47	1145	1
48	1145	0
49	1145	0
51	1145	0
53	1145	1
55	1145	0
56	1145	0
58	1145	1
59	1145	0
60	1145	0
61	1145	0
62	1145	0
63	1145	0
64	1145	1
65	1145	0
66	1145	0
67	1145	1
68	1145	0
69	1145	0
70	1145	0
71	1145	0
72	1145	0
73	1145	0
74	1145	0
75	1145	0
77	1145	0
78	1145	0
79	1145	0
80	1145	0
81	1145	0
83	1145	0
84	1145	0
85	1145	0
86	1145	0
87	1145	0
89	1145	0
90	1145	0
91	1145	0
92	1145	0
93	1145	0
94	1145	0
95	1145	0
96	1145	1
97	1145	0
98	1145	0
100	1145	0
101	1145	0
102	1145	1
103	1145	0
104	1145	0
105	1145	0
106	1145	0
107	1145	0
108	1145	0
109	1145	0
110	1145	0
111	1145	0
112	1145	0
113	1145	0
114	1145	0
115	1145	0
116	1145	0
117	1145	0
118	1145	0
120	1145	0
121	1145	0
124	1145	0
125	1145	0
129	1145	0
130	1145	0
131	1145	0
132	1145	0
133	1145	0
134	1145	0
135	1145	1
136	1145	0
137	1145	0
138	1145	0
139	1145	0
140	1145	0
141	1145	0
142	1145	0
143	1145	0
144	1145	0
145	1145	0
146	1145	0
147	1145	0
148	1145	0
149	1145	0
150	1145	0
151	1145	0
152	1145	1
153	1145	0
154	1145	0
155	1145	0
156	1145	0
157	1145	0
158	1145	0
159	1145	0
160	1145	0
161	1145	0
162	1145	0
163	1145	0
164	1145	0
165	1145	0
166	1145	0
167	1145	0
168	1145	0
169	1145	0
170	1145	0
171	1145	0
172	1145	0
173	1145	0
174	1145	0
175	1145	0
177	1145	0
178	1145	0
179	1145	0
180	1145	0
181	1145	0
182	1145	0
183	1145	0
184	1145	0
185	1145	0
186	1145	0
187	1145	0
188	1145	1
189	1145	0
190	1145	0
191	1145	0
193	1145	0
194	1145	0
195	1145	0
196	1145	0
197	1145	0
198	1145	0
199	1145	0
200	1145	0
201	1145	0
202	1145	0
203	1145	0
204	1145	0
206	1145	0
207	1145	0
208	1145	0
209	1145	0
210	1145	0
211	1145	0
212	1145	0
213	1145	0
214	1145	0
215	1145	0
216	1145	0
217	1145	0
218	1145	0
219	1145	1
220	1145	1
221	1145	0
222	1145	0
224	1145	0
225	1145	0
227	1145	0
228	1145	0
229	1145	0
230	1145	0
232	1145	0
233	1145	0
235	1145	0
237	1145	0
238	1145	0
239	1145	0
240	1145	0
245	1145	0
246	1145	0
247	1145	1
248	1145	0
249	1145	0
250	1145	0
251	1145	0
252	1145	0
253	1145	1
254	1145	0
255	1145	0
256	1145	0
257	1145	0
258	1145	0
259	1145	0
260	1145	0
261	1145	0
262	1145	0
263	1145	1
264	1145	0
265	1145	0
266	1145	1
267	1145	0
268	1145	0
271	1145	0
272	1145	0
273	1145	0
274	1145	0
275	1145	0
276	1145	0
277	1145	0
278	1145	0
280	1145	0
281	1145	0
282	1145	1
283	1145	0
284	1145	0
285	1145	0
286	1145	0
287	1145	0
288	1145	0
289	1145	0
290	1145	1
292	1145	0
293	1145	0
295	1145	0
296	1145	0
297	1145	0
298	1145	0
302	1145	0
303	1145	0
304	1145	0
305	1145	0
306	1145	0
308	1145	0
310	1145	0
311	1145	0
312	1145	0
313	1145	0
314	1145	0
315	1145	0
317	1145	0
318	1145	0
319	1145	0
321	1145	0
322	1145	0
323	1145	0
324	1145	0
325	1145	0
326	1145	0
327	1145	0
328	1145	0
329	1145	0
330	1145	0
331	1145	0
332	1145	0
333	1145	0
334	1145	0
336	1145	0
337	1145	0
338	1145	0
340	1145	0
341	1145	0
344	1145	0
345	1145	1
346	1145	0
347	1145	0
348	1145	0
349	1145	0
350	1145	0
351	1145	0
352	1145	0
353	1145	0
354	1145	0
355	1145	0
356	1145	0
357	1145	0
358	1145	0
359	1145	0
360	1145	0
361	1145	0
362	1145	0
363	1145	0
364	1145	1
365	1145	0
366	1145	0
367	1145	0
369	1145	1
370	1145	1
371	1145	0
372	1145	0
373	1145	1
374	1145	0
375	1145	1
376	1145	0
377	1145	0
378	1145	0
379	1145	0
381	1145	0
382	1145	0
383	1145	0
384	1145	0
385	1145	0
386	1145	1
387	1145	0
388	1145	0
389	1145	0
390	1145	1
391	1145	0
392	1145	0
393	1145	0
394	1145	0
395	1145	0
397	1145	0
398	1145	0
399	1145	0
401	1145	0
402	1145	0
403	1145	0
404	1145	0
405	1145	0
406	1145	0
407	1145	0
408	1145	0
409	1145	0
410	1145	0
412	1145	0
414	1145	0
415	1145	0
416	1145	0
417	1145	0
418	1145	0
419	1145	0
420	1145	0
421	1145	1
422	1145	0
423	1145	0
424	1145	1
425	1145	0
426	1145	0
427	1145	0
428	1145	0
429	1145	0
430	1145	0
431	1145	0
432	1145	0
434	1145	0
436	1145	0
437	1145	0
438	1145	0
439	1145	0
440	1145	0
441	1145	0
442	1145	0
444	1145	0
445	1145	0
446	1145	1
447	1145	0
449	1145	0
450	1145	0
451	1145	0
452	1145	0
453	1145	0
454	1145	0
455	1145	0
456	1145	0
457	1145	0
458	1145	0
459	1145	0
461	1145	0
462	1145	0
463	1145	0
464	1145	0
465	1145	0
466	1145	0
468	1145	0
469	1145	0
470	1145	0
471	1145	0
472	1145	0
473	1145	0
474	1145	0
475	1145	0
476	1145	0
477	1145	0
478	1145	0
479	1145	0
480	1145	0
481	1145	0
482	1145	0
483	1145	0
484	1145	0
486	1145	0
487	1145	0
488	1145	0
489	1145	0
490	1145	0
492	1145	0
493	1145	0
494	1145	0
496	1145	0
497	1145	0
498	1145	0
499	1145	0
500	1145	0
501	1145	0
502	1145	0
503	1145	1
504	1145	1
505	1145	0
506	1145	0
507	1145	1
508	1145	1
509	1145	0
510	1145	0
511	1145	0
512	1145	0
513	1145	0
514	1145	1
515	1145	0
516	1145	0
518	1145	0
519	1145	0
520	1145	1
521	1145	0
522	1145	0
523	1145	0
524	1145	0
525	1145	1
526	1145	0
527	1145	0
528	1145	0
530	1145	0
531	1145	0
533	1145	0
534	1145	1
535	1145	0
536	1145	0
538	1145	0
539	1145	0
541	1145	0
542	1145	0
543	1145	0
544	1145	0
545	1145	0
546	1145	0
547	1145	0
549	1145	0
550	1145	0
551	1145	0
553	1145	0
554	1145	0
555	1145	0
556	1145	0
557	1145	0
558	1145	0
559	1145	0
560	1145	0
561	1145	0
562	1145	0
563	1145	0
565	1145	0
566	1145	0
567	1145	0
568	1145	0
569	1145	0
571	1145	0
573	1145	0
574	1145	0
575	1145	0
576	1145	0
577	1145	0
578	1145	0
580	1145	0
583	1145	0
584	1145	1
585	1145	0
586	1145	0
587	1145	0
588	1145	0
589	1145	0
591	1145	0
593	1145	0
595	1145	0
596	1145	0
597	1145	0
598	1145	0
599	1145	0
600	1145	0
601	1145	0
602	1145	0
604	1145	0
605	1145	0
606	1145	0
607	1145	0
608	1145	0
609	1145	0
611	1145	0
612	1145	0
613	1145	0
614	1145	0
616	1145	0
617	1145	0
618	1145	0
619	1145	0
620	1145	0
621	1145	0
622	1145	0
624	1145	0
625	1145	0
626	1145	1
627	1145	0
628	1145	0
630	1145	0
632	1145	0
633	1145	0
634	1145	0
635	1145	0
636	1145	0
637	1145	0
638	1145	1
639	1145	0
640	1145	0
641	1145	0
642	1145	0
643	1145	1
644	1145	0
645	1145	1
646	1145	0
647	1145	0
648	1145	0
649	1145	0
650	1145	0
651	1145	0
652	1145	1
654	1145	0
655	1145	0
656	1145	0
657	1145	0
659	1145	0
660	1145	0
661	1145	0
662	1145	0
663	1145	0
664	1145	0
665	1145	1
666	1145	0
667	1145	0
668	1145	0
669	1145	0
670	1145	0
671	1145	0
672	1145	0
673	1145	0
674	1145	0
676	1145	0
677	1145	0
678	1145	0
679	1145	0
680	1145	0
681	1145	0
683	1145	0
684	1145	0
685	1145	0
686	1145	0
687	1145	0
688	1145	0
689	1145	0
690	1145	0
691	1145	0
692	1145	0
693	1145	0
694	1145	0
695	1145	1
696	1145	0
697	1145	0
698	1145	0
699	1145	0
700	1145	0
701	1145	0
703	1145	0
705	1145	0
706	1145	0
707	1145	0
709	1145	0
710	1145	1
711	1145	0
712	1145	0
713	1145	0
714	1145	0
715	1145	0
717	1145	0
718	1145	0
719	1145	0
720	1145	0
721	1145	1
722	1145	0
723	1145	0
724	1145	0
725	1145	0
726	1145	0
727	1145	0
728	1145	0
729	1145	1
730	1145	0
732	1145	0
734	1145	0
735	1145	0
736	1145	0
737	1145	0
738	1145	0
739	1145	0
740	1145	0
741	1145	0
742	1145	0
743	1145	0
744	1145	0
745	1145	0
746	1145	0
747	1145	0
748	1145	0
749	1145	1
752	1145	0
753	1145	0
754	1145	0
755	1145	0
756	1145	0
757	1145	0
758	1145	1
759	1145	0
760	1145	0
762	1145	0
764	1145	0
765	1145	0
766	1145	0
767	1145	0
768	1145	0
769	1145	0
770	1145	0
771	1145	0
772	1145	0
773	1145	0
775	1145	0
776	1145	0
777	1145	1
778	1145	0
780	1145	0
781	1145	0
782	1145	0
783	1145	0
784	1145	0
786	1145	0
787	1145	0
788	1145	0
790	1145	0
791	1145	0
792	1145	0
793	1145	0
794	1145	0
795	1145	0
796	1145	0
797	1145	0
798	1145	0
799	1145	0
800	1145	0
801	1145	0
802	1145	0
803	1145	0
804	1145	0
806	1145	0
807	1145	0
808	1145	0
810	1145	0
811	1145	0
814	1145	0
816	1145	0
818	1145	0
819	1145	0
820	1145	0
822	1145	0
823	1145	0
824	1145	0
825	1145	0
826	1145	0
827	1145	0
830	1145	1
831	1145	0
832	1145	0
833	1145	0
835	1145	0
836	1145	0
837	1145	1
838	1145	0
839	1145	0
840	1145	0
843	1145	0
844	1145	0
845	1145	0
848	1145	0
849	1145	0
850	1145	0
851	1145	0
852	1145	0
853	1145	0
854	1145	0
855	1145	0
856	1145	0
857	1145	0
861	1145	0
862	1145	0
863	1145	0
864	1145	0
866	1145	0
867	1145	0
868	1145	0
869	1145	0
871	1145	0
873	1145	0
875	1145	0
876	1145	0
877	1145	0
878	1145	0
880	1145	0
881	1145	0
882	1145	0
883	1145	0
884	1145	0
885	1145	0
887	1145	0
888	1145	0
889	1145	0
890	1145	0
891	1145	0
892	1145	0
893	1145	0
894	1145	0
895	1145	0
896	1145	0
897	1145	0
898	1145	0
899	1145	0
900	1145	0
901	1145	0
903	1145	0
904	1145	0
905	1145	0
907	1145	0
908	1145	0
909	1145	0
910	1145	0
911	1145	0
912	1145	0
913	1145	0
915	1145	0
916	1145	0
917	1145	0
918	1145	0
919	1145	0
920	1145	0
921	1145	0
922	1145	0
923	1145	0
924	1145	0
925	1145	0
926	1145	0
927	1145	0
928	1145	1
929	1145	0
934	1145	0
935	1145	0
936	1145	0
937	1145	0
939	1145	0
940	1145	0
941	1145	0
942	1145	0
943	1145	0
944	1145	0
945	1145	0
946	1145	0
948	1145	0
949	1145	0
950	1145	0
952	1145	0
953	1145	1
954	1145	0
955	1145	0
956	1145	1
957	1145	0
958	1145	0
959	1145	0
960	1145	0
961	1145	0
962	1145	0
963	1145	0
964	1145	0
965	1145	0
966	1145	0
967	1145	0
