0	1200	0
1	1200	0
2	1200	0
3	1200	0
4	1200	0
5	1200	0
6	1200	0
7	1200	0
8	1200	0
9	1200	1
10	1200	0
11	1200	0
12	1200	0
13	1200	0
14	1200	0
15	1200	1
16	1200	0
17	1200	1
18	1200	0
19	1200	1
20	1200	0
21	1200	0
22	1200	0
23	1200	0
24	1200	0
25	1200	1
26	1200	0
28	1200	0
29	1200	0
30	1200	1
31	1200	0
33	1200	0
34	1200	0
35	1200	0
36	1200	0
37	1200	0
38	1200	0
39	1200	0
40	1200	0
41	1200	0
42	1200	1
43	1200	0
44	1200	0
45	1200	0
46	1200	0
47	1200	0
48	1200	0
49	1200	0
50	1200	0
51	1200	0
52	1200	0
53	1200	0
54	1200	0
55	1200	0
56	1200	0
58	1200	0
59	1200	0
60	1200	0
61	1200	0
62	1200	0
63	1200	0
64	1200	0
65	1200	0
67	1200	0
68	1200	0
69	1200	0
70	1200	0
71	1200	0
72	1200	1
73	1200	0
74	1200	0
75	1200	0
77	1200	0
78	1200	0
79	1200	1
80	1200	0
81	1200	1
82	1200	0
83	1200	0
84	1200	0
85	1200	0
86	1200	0
87	1200	0
88	1200	0
89	1200	0
90	1200	0
91	1200	0
92	1200	0
93	1200	0
94	1200	0
95	1200	0
96	1200	1
97	1200	0
98	1200	0
99	1200	0
100	1200	0
101	1200	0
102	1200	0
104	1200	0
105	1200	0
106	1200	0
107	1200	0
108	1200	0
109	1200	0
110	1200	0
111	1200	0
112	1200	0
113	1200	0
114	1200	0
115	1200	0
116	1200	0
117	1200	0
119	1200	0
120	1200	0
122	1200	0
123	1200	0
124	1200	0
125	1200	0
129	1200	0
130	1200	0
131	1200	0
132	1200	0
133	1200	0
134	1200	0
135	1200	1
136	1200	0
137	1200	0
138	1200	1
139	1200	0
140	1200	0
141	1200	0
142	1200	0
143	1200	0
144	1200	0
145	1200	0
146	1200	0
147	1200	0
148	1200	1
149	1200	0
150	1200	0
151	1200	0
153	1200	0
154	1200	0
155	1200	0
156	1200	0
157	1200	0
158	1200	0
159	1200	0
160	1200	0
161	1200	0
162	1200	0
163	1200	0
165	1200	0
166	1200	0
167	1200	0
168	1200	1
170	1200	0
171	1200	0
172	1200	0
173	1200	0
174	1200	1
175	1200	0
177	1200	0
178	1200	0
179	1200	0
180	1200	0
181	1200	0
182	1200	0
183	1200	0
184	1200	0
185	1200	0
186	1200	0
188	1200	0
189	1200	0
190	1200	0
191	1200	0
193	1200	0
194	1200	0
195	1200	0
196	1200	0
197	1200	0
198	1200	0
200	1200	0
201	1200	0
202	1200	0
203	1200	0
204	1200	0
206	1200	0
207	1200	0
208	1200	0
209	1200	0
210	1200	0
211	1200	0
212	1200	0
213	1200	1
214	1200	0
215	1200	0
216	1200	0
217	1200	0
218	1200	0
219	1200	0
221	1200	0
222	1200	0
223	1200	0
224	1200	0
225	1200	0
226	1200	0
227	1200	0
228	1200	0
229	1200	0
230	1200	0
231	1200	0
232	1200	0
233	1200	1
234	1200	0
235	1200	0
236	1200	0
237	1200	0
238	1200	0
239	1200	0
240	1200	0
241	1200	0
242	1200	0
243	1200	0
244	1200	0
245	1200	0
246	1200	0
247	1200	0
248	1200	0
249	1200	0
250	1200	0
251	1200	0
252	1200	0
253	1200	1
254	1200	0
255	1200	0
256	1200	0
258	1200	0
259	1200	0
261	1200	0
262	1200	0
263	1200	0
264	1200	0
265	1200	0
266	1200	0
267	1200	0
268	1200	0
270	1200	0
271	1200	0
272	1200	0
273	1200	0
274	1200	0
275	1200	0
276	1200	0
277	1200	0
278	1200	0
279	1200	0
280	1200	0
281	1200	1
282	1200	0
283	1200	0
284	1200	0
285	1200	0
287	1200	0
288	1200	0
289	1200	0
290	1200	0
291	1200	0
292	1200	0
293	1200	0
294	1200	0
295	1200	0
296	1200	0
297	1200	0
298	1200	1
299	1200	0
300	1200	0
302	1200	0
303	1200	0
304	1200	0
305	1200	0
306	1200	0
309	1200	0
310	1200	0
311	1200	0
312	1200	1
313	1200	0
314	1200	0
315	1200	0
316	1200	0
317	1200	0
320	1200	0
321	1200	0
322	1200	0
323	1200	0
324	1200	0
325	1200	1
326	1200	0
327	1200	0
328	1200	0
329	1200	0
330	1200	0
331	1200	0
332	1200	0
333	1200	0
334	1200	0
335	1200	0
336	1200	0
337	1200	0
338	1200	0
339	1200	0
340	1200	0
341	1200	0
342	1200	0
343	1200	0
344	1200	0
345	1200	0
346	1200	0
347	1200	0
348	1200	0
349	1200	0
350	1200	0
351	1200	0
352	1200	0
353	1200	0
354	1200	0
355	1200	0
356	1200	0
357	1200	0
358	1200	0
359	1200	0
360	1200	0
361	1200	0
362	1200	0
363	1200	0
364	1200	0
365	1200	0
366	1200	0
367	1200	0
368	1200	0
369	1200	0
370	1200	0
371	1200	0
372	1200	0
373	1200	0
374	1200	0
375	1200	1
376	1200	0
378	1200	0
379	1200	0
380	1200	0
381	1200	0
382	1200	0
383	1200	0
384	1200	0
385	1200	1
386	1200	0
387	1200	0
388	1200	0
389	1200	0
390	1200	0
391	1200	0
392	1200	0
393	1200	0
394	1200	0
396	1200	0
397	1200	0
398	1200	0
399	1200	0
400	1200	0
402	1200	0
403	1200	1
404	1200	0
405	1200	0
406	1200	0
407	1200	0
408	1200	0
409	1200	0
410	1200	1
412	1200	0
413	1200	0
414	1200	0
415	1200	0
416	1200	0
417	1200	1
418	1200	0
419	1200	0
420	1200	0
421	1200	0
422	1200	0
423	1200	0
424	1200	0
425	1200	0
426	1200	0
427	1200	0
428	1200	0
429	1200	0
430	1200	0
431	1200	0
432	1200	0
433	1200	0
434	1200	0
435	1200	0
436	1200	0
437	1200	0
438	1200	0
439	1200	0
440	1200	0
441	1200	0
443	1200	0
444	1200	0
445	1200	0
446	1200	0
448	1200	0
449	1200	0
450	1200	0
451	1200	0
452	1200	0
453	1200	0
454	1200	0
455	1200	0
456	1200	0
457	1200	0
458	1200	0
459	1200	0
460	1200	0
461	1200	0
462	1200	0
463	1200	0
464	1200	0
465	1200	0
466	1200	0
467	1200	0
468	1200	1
470	1200	0
472	1200	0
474	1200	0
475	1200	0
476	1200	0
477	1200	0
478	1200	0
479	1200	0
480	1200	0
481	1200	0
482	1200	0
483	1200	0
484	1200	0
485	1200	0
486	1200	0
487	1200	0
488	1200	0
489	1200	0
490	1200	0
491	1200	0
492	1200	0
493	1200	0
494	1200	0
495	1200	0
496	1200	0
497	1200	0
498	1200	0
500	1200	0
501	1200	0
502	1200	0
503	1200	1
504	1200	1
505	1200	0
506	1200	0
507	1200	1
508	1200	0
509	1200	1
510	1200	0
511	1200	0
512	1200	0
514	1200	1
515	1200	0
516	1200	0
517	1200	0
518	1200	0
519	1200	0
520	1200	0
521	1200	0
522	1200	0
523	1200	0
524	1200	1
525	1200	0
526	1200	0
527	1200	0
528	1200	0
529	1200	0
530	1200	0
533	1200	0
534	1200	0
536	1200	0
537	1200	0
538	1200	0
539	1200	1
540	1200	0
541	1200	0
542	1200	0
543	1200	0
544	1200	0
545	1200	0
546	1200	0
547	1200	0
548	1200	0
549	1200	0
550	1200	0
551	1200	0
552	1200	0
553	1200	0
554	1200	0
555	1200	0
556	1200	0
557	1200	0
558	1200	0
559	1200	0
560	1200	1
561	1200	0
562	1200	0
563	1200	0
564	1200	0
565	1200	0
566	1200	0
567	1200	0
568	1200	0
569	1200	0
570	1200	0
571	1200	0
572	1200	0
573	1200	0
574	1200	1
575	1200	0
576	1200	0
577	1200	0
578	1200	0
579	1200	1
580	1200	0
582	1200	0
583	1200	0
584	1200	0
585	1200	0
586	1200	0
587	1200	0
588	1200	0
589	1200	0
590	1200	0
591	1200	0
593	1200	0
595	1200	0
596	1200	0
597	1200	0
598	1200	0
599	1200	0
600	1200	0
601	1200	0
602	1200	0
604	1200	0
605	1200	0
606	1200	1
607	1200	0
608	1200	0
609	1200	0
611	1200	0
612	1200	0
613	1200	0
614	1200	0
615	1200	0
616	1200	0
617	1200	0
618	1200	0
619	1200	0
620	1200	0
621	1200	0
622	1200	0
624	1200	0
625	1200	0
626	1200	0
627	1200	0
628	1200	0
630	1200	0
632	1200	0
633	1200	0
634	1200	0
636	1200	0
637	1200	0
638	1200	1
639	1200	0
640	1200	0
641	1200	0
642	1200	0
643	1200	0
644	1200	0
645	1200	0
646	1200	0
647	1200	0
648	1200	0
649	1200	0
650	1200	0
651	1200	0
652	1200	0
653	1200	0
654	1200	0
655	1200	0
656	1200	0
657	1200	0
658	1200	0
659	1200	0
660	1200	1
661	1200	1
662	1200	0
663	1200	0
664	1200	0
665	1200	1
666	1200	0
667	1200	0
668	1200	1
669	1200	0
670	1200	0
671	1200	0
672	1200	0
673	1200	0
674	1200	0
675	1200	0
676	1200	0
677	1200	0
678	1200	0
679	1200	0
680	1200	0
681	1200	0
682	1200	0
683	1200	0
684	1200	0
685	1200	0
686	1200	0
687	1200	0
688	1200	0
689	1200	0
690	1200	0
691	1200	0
692	1200	0
693	1200	0
694	1200	0
695	1200	1
696	1200	0
697	1200	0
698	1200	0
700	1200	0
701	1200	0
702	1200	0
703	1200	1
704	1200	0
705	1200	0
706	1200	0
707	1200	0
708	1200	0
709	1200	0
710	1200	0
711	1200	0
712	1200	0
713	1200	0
715	1200	0
716	1200	0
717	1200	0
718	1200	1
719	1200	0
720	1200	0
721	1200	0
722	1200	0
723	1200	0
725	1200	0
726	1200	0
727	1200	0
728	1200	0
729	1200	0
730	1200	0
731	1200	0
732	1200	0
733	1200	0
734	1200	0
735	1200	0
736	1200	0
737	1200	0
738	1200	0
739	1200	0
740	1200	0
741	1200	0
742	1200	0
745	1200	0
746	1200	0
747	1200	0
748	1200	0
749	1200	1
750	1200	0
751	1200	0
752	1200	0
753	1200	0
754	1200	1
755	1200	0
756	1200	0
757	1200	0
758	1200	0
759	1200	0
760	1200	0
761	1200	0
762	1200	0
764	1200	0
765	1200	0
766	1200	0
767	1200	0
768	1200	0
769	1200	0
770	1200	0
771	1200	0
772	1200	0
773	1200	0
777	1200	0
778	1200	0
779	1200	0
780	1200	0
781	1200	0
782	1200	0
783	1200	0
784	1200	0
785	1200	0
786	1200	0
787	1200	0
788	1200	0
789	1200	0
790	1200	0
791	1200	0
792	1200	0
793	1200	0
794	1200	0
795	1200	0
796	1200	0
797	1200	0
798	1200	0
800	1200	0
801	1200	0
803	1200	1
805	1200	0
806	1200	0
807	1200	0
808	1200	0
809	1200	0
810	1200	0
811	1200	1
818	1200	0
822	1200	0
823	1200	0
824	1200	0
825	1200	0
826	1200	0
827	1200	0
829	1200	0
830	1200	0
831	1200	0
832	1200	0
833	1200	0
834	1200	0
835	1200	0
836	1200	0
837	1200	0
838	1200	0
839	1200	1
840	1200	0
841	1200	0
842	1200	0
843	1200	0
845	1200	0
846	1200	0
847	1200	0
848	1200	0
849	1200	0
850	1200	0
851	1200	0
852	1200	1
853	1200	0
854	1200	0
855	1200	0
856	1200	0
857	1200	0
858	1200	0
859	1200	0
860	1200	0
861	1200	0
862	1200	1
863	1200	0
864	1200	0
865	1200	0
866	1200	0
867	1200	0
868	1200	0
869	1200	0
870	1200	0
871	1200	0
872	1200	0
873	1200	0
874	1200	0
875	1200	0
876	1200	0
877	1200	0
878	1200	0
880	1200	0
881	1200	0
882	1200	0
883	1200	0
884	1200	0
885	1200	0
886	1200	0
887	1200	0
888	1200	0
889	1200	0
890	1200	0
891	1200	0
892	1200	0
893	1200	0
894	1200	0
895	1200	1
896	1200	0
897	1200	1
898	1200	0
900	1200	0
901	1200	0
902	1200	0
903	1200	1
904	1200	0
905	1200	0
907	1200	0
908	1200	0
909	1200	0
910	1200	0
911	1200	0
912	1200	0
913	1200	0
914	1200	0
915	1200	0
916	1200	0
917	1200	0
918	1200	0
919	1200	0
920	1200	0
921	1200	0
922	1200	0
923	1200	0
924	1200	0
925	1200	0
926	1200	0
927	1200	0
928	1200	0
929	1200	0
931	1200	0
933	1200	0
934	1200	0
935	1200	0
936	1200	0
937	1200	0
939	1200	0
941	1200	0
942	1200	0
943	1200	0
944	1200	0
945	1200	0
946	1200	0
947	1200	0
949	1200	0
950	1200	0
953	1200	0
954	1200	0
955	1200	0
956	1200	0
957	1200	0
958	1200	0
959	1200	0
960	1200	0
961	1200	0
963	1200	0
964	1200	0
965	1200	0
966	1200	0
967	1200	1
