8	979	0
10	979	0
13	979	0
16	979	0
18	979	0
20	979	0
21	979	1
24	979	0
27	979	0
31	979	1
32	979	0
33	979	0
34	979	0
36	979	0
39	979	0
42	979	0
43	979	0
44	979	0
45	979	0
47	979	0
48	979	0
49	979	0
59	979	0
61	979	0
64	979	0
67	979	0
71	979	0
76	979	0
87	979	0
93	979	0
96	979	0
98	979	0
101	979	0
106	979	0
109	979	1
112	979	1
113	979	0
117	979	0
120	979	0
121	979	0
122	979	0
125	979	0
130	979	0
131	979	0
133	979	0
134	979	0
137	979	0
138	979	0
139	979	0
140	979	0
141	979	0
142	979	0
143	979	0
146	979	0
151	979	0
152	979	0
154	979	1
156	979	0
157	979	0
159	979	0
162	979	0
163	979	0
164	979	0
168	979	0
170	979	0
171	979	0
172	979	0
174	979	0
181	979	0
182	979	0
183	979	0
184	979	0
188	979	0
190	979	0
191	979	0
192	979	0
193	979	0
194	979	0
195	979	0
196	979	0
197	979	0
201	979	0
202	979	0
203	979	1
204	979	0
205	979	0
206	979	0
207	979	1
208	979	0
209	979	0
210	979	0
211	979	0
214	979	0
221	979	0
222	979	0
224	979	0
225	979	0
227	979	1
228	979	0
230	979	0
232	979	0
233	979	0
234	979	0
251	979	0
252	979	0
253	979	0
255	979	0
263	979	0
267	979	0
269	979	0
274	979	0
275	979	0
279	979	0
282	979	0
283	979	0
289	979	0
290	979	0
296	979	0
301	979	0
310	979	0
316	979	0
328	979	0
329	979	0
334	979	0
336	979	0
338	979	0
339	979	0
340	979	0
341	979	0
343	979	0
358	979	0
359	979	0
360	979	0
361	979	0
363	979	0
364	979	0
365	979	0
367	979	0
368	979	0
370	979	0
371	979	1
372	979	0
373	979	0
374	979	1
375	979	0
377	979	0
378	979	0
379	979	0
380	979	0
381	979	0
382	979	0
383	979	0
384	979	0
385	979	0
386	979	0
390	979	0
391	979	0
393	979	0
395	979	0
401	979	0
402	979	1
404	979	0
405	979	0
406	979	0
408	979	0
420	979	0
421	979	0
422	979	0
423	979	0
424	979	0
425	979	1
426	979	0
427	979	0
428	979	0
429	979	0
430	979	0
431	979	0
432	979	0
433	979	0
435	979	1
436	979	0
443	979	0
446	979	0
448	979	0
449	979	0
450	979	0
451	979	0
453	979	0
454	979	0
455	979	0
457	979	0
458	979	0
459	979	0
461	979	0
464	979	0
465	979	0
475	979	0
476	979	0
478	979	0
486	979	1
487	979	0
489	979	0
496	979	0
497	979	0
499	979	0
500	979	0
503	979	1
505	979	0
508	979	0
509	979	1
510	979	0
511	979	0
512	979	0
514	979	0
515	979	1
516	979	0
517	979	0
518	979	0
519	979	0
520	979	0
521	979	1
522	979	1
524	979	0
525	979	0
526	979	0
527	979	0
528	979	0
529	979	0
534	979	0
536	979	0
537	979	0
538	979	0
540	979	0
541	979	0
542	979	0
544	979	0
549	979	0
551	979	1
554	979	0
557	979	0
561	979	0
565	979	0
566	979	0
567	979	0
568	979	0
569	979	0
573	979	0
574	979	1
584	979	0
585	979	0
588	979	0
589	979	0
592	979	0
595	979	0
597	979	0
607	979	0
608	979	0
612	979	0
613	979	0
616	979	0
617	979	0
620	979	0
625	979	0
626	979	0
627	979	0
630	979	0
631	979	0
633	979	0
637	979	0
640	979	0
641	979	0
642	979	0
643	979	0
644	979	0
645	979	0
646	979	0
647	979	0
648	979	0
649	979	0
650	979	1
651	979	1
652	979	0
661	979	0
662	979	0
663	979	1
664	979	0
666	979	0
667	979	0
672	979	0
673	979	1
674	979	0
683	979	0
692	979	0
693	979	0
694	979	0
713	979	0
715	979	0
718	979	1
720	979	0
721	979	0
728	979	0
732	979	0
737	979	0
738	979	0
741	979	0
742	979	0
743	979	0
745	979	0
747	979	0
748	979	0
749	979	0
750	979	0
754	979	0
758	979	0
761	979	0
763	979	1
768	979	0
769	979	0
771	979	1
772	979	0
773	979	0
774	979	1
778	979	0
780	979	0
784	979	0
786	979	0
787	979	0
796	979	0
798	979	0
799	979	0
802	979	0
803	979	0
805	979	0
808	979	0
810	979	0
824	979	1
825	979	0
827	979	0
828	979	1
830	979	0
831	979	0
833	979	0
834	979	0
837	979	0
839	979	0
840	979	0
855	979	0
859	979	0
862	979	0
863	979	0
864	979	1
870	979	0
871	979	0
873	979	0
874	979	0
875	979	1
876	979	0
877	979	0
879	979	0
880	979	0
881	979	0
882	979	0
883	979	0
885	979	0
886	979	0
887	979	0
888	979	0
890	979	0
895	979	0
900	979	0
901	979	0
904	979	0
906	979	0
911	979	0
912	979	0
913	979	1
917	979	0
923	979	0
924	979	0
928	979	0
937	979	0
943	979	0
944	979	0
947	979	0
949	979	0
952	979	0
953	979	0
954	979	0
955	979	0
956	979	1
958	979	0
963	979	0
964	979	0
965	979	1
967	979	1
